{
  "success": true,
  "method": "graspnet_baseline_d455",
  "num_candidates": 363,
  "object_center_camera": [
    -0.10066074756845139,
    -0.029375535747952604,
    0.39500001072883606
  ],
  "candidates": [
    {
      "score": 0.4507632255554199,
      "translation_camera": [
        -0.10218774527311325,
        -0.06396853178739548,
        0.3920000195503235
      ],
      "rotation_matrix_camera": [
        [
          0.5313771963119507,
          -0.7907350063323975,
          -0.3039349615573883
        ],
        [
          -0.16952382028102875,
          0.2522660195827484,
          -0.9526927471160889
        ],
        [
          0.8300000429153442,
          0.557763397693634,
          -2.4380613083963e-08
        ]
      ],
      "width": 0.0709746852517128,
      "height": 0.019999999552965164,
      "depth": 0.029999999329447746,
      "object_id": -1,
      "frame": "RealSense D455 aligned color camera frame",
      "rank": 0,
      "distance_to_object_center": 0.03475639572864404
    },
    {
      "score": 0.4502713978290558,
      "translation_camera": [
        -0.10065529495477676,
        -0.057568661868572235,
        0.39000001549720764
      ],
      "rotation_matrix_camera": [
        [
          0.5313771963119507,
          -0.7907350063323975,
          -0.3039349615573883
        ],
        [
          -0.16952382028102875,
          0.2522660195827484,
          -0.9526927471160889
        ],
        [
          0.8300000429153442,
          0.557763397693634,
          -2.4380613083963e-08
        ]
      ],
      "width": 0.0629119947552681,
      "height": 0.019999999552965164,
      "depth": 0.029999999329447746,
      "object_id": -1,
      "frame": "RealSense D455 aligned color camera frame",
      "rank": 1,
      "distance_to_object_center": 0.028633063798700755
    },
    {
      "score": 0.448576956987381,
      "translation_camera": [
        -0.10625282675027847,
        -0.06295108795166016,
        0.3920000195503235
      ],
      "rotation_matrix_camera": [
        [
          0.5313771963119507,
          -0.7907350063323975,
          -0.3039349615573883
        ],
        [
          -0.16952382028102875,
          0.2522660195827484,
          -0.9526927471160889
        ],
        [
          0.8300000429153442,
          0.557763397693634,
          -2.4380613083963e-08
        ]
      ],
      "width": 0.06834373623132706,
      "height": 0.019999999552965164,
      "depth": 0.029999999329447746,
      "object_id": -1,
      "frame": "RealSense D455 aligned color camera frame",
      "rank": 2,
      "distance_to_object_center": 0.03417000149884205
    },
    {
      "score": 0.4460574984550476,
      "translation_camera": [
        -0.10395441949367523,
        -0.06684988737106323,
        0.39100003242492676
      ],
      "rotation_matrix_camera": [
        [
          0.5313771963119507,
          -0.7907350063323975,
          -0.3039349615573883
        ],
        [
          -0.16952382028102875,
          0.2522660195827484,
          -0.9526927471160889
        ],
        [
          0.8300000429153442,
          0.557763397693634,
          -2.4380613083963e-08
        ]
      ],
      "width": 0.07370946556329727,
      "height": 0.019999999552965164,
      "depth": 0.029999999329447746,
      "object_id": -1,
      "frame": "RealSense D455 aligned color camera frame",
      "rank": 3,
      "distance_to_object_center": 0.03783087536332311
    },
    {
      "score": 0.444621741771698,
      "translation_camera": [
        -0.10699544847011566,
        -0.06684988737106323,
        0.39100003242492676
      ],
      "rotation_matrix_camera": [
        [
          0.5313771963119507,
          -0.7907350063323975,
          -0.3039349615573883
        ],
        [
          -0.16952382028102875,
          0.2522660195827484,
          -0.9526927471160889
        ],
        [
          0.8300000429153442,
          0.557763397693634,
          -2.4380613083963e-08
        ]
      ],
      "width": 0.07448659837245941,
      "height": 0.019999999552965164,
      "depth": 0.029999999329447746,
      "object_id": -1,
      "frame": "RealSense D455 aligned color camera frame",
      "rank": 4,
      "distance_to_object_center": 0.03821590364649023
    },
    {
      "score": 0.4382516145706177,
      "translation_camera": [
        -0.09429753571748734,
        -0.05699146166443825,
        0.3930000364780426
      ],
      "rotation_matrix_camera": [
        [
          0.5313771963119507,
          -0.7907350063323975,
          -0.3039349615573883
        ],
        [
          -0.16952382028102875,
          0.2522660195827484,
          -0.9526927471160889
        ],
        [
          0.8300000429153442,
          0.557763397693634,
          -2.4380613083963e-08
        ]
      ],
      "width": 0.06705138832330704,
      "height": 0.019999999552965164,
      "depth": 0.029999999329447746,
      "object_id": -1,
      "frame": "RealSense D455 aligned color camera frame",
      "rank": 5,
      "distance_to_object_center": 0.028410028621754495
    },
    {
      "score": 0.43467068672180176,
      "translation_camera": [
        -0.10294074565172195,
        -0.06076081097126007,
        0.39100003242492676
      ],
      "rotation_matrix_camera": [
        [
          0.5313771963119507,
          -0.7907350063323975,
          -0.3039349615573883
        ],
        [
          -0.16952382028102875,
          0.2522660195827484,
          -0.9526927471160889
        ],
        [
          0.8300000429153442,
          0.557763397693634,
          -2.4380613083963e-08
        ]
      ],
      "width": 0.06514956057071686,
      "height": 0.019999999552965164,
      "depth": 0.029999999329447746,
      "object_id": -1,
      "frame": "RealSense D455 aligned color camera frame",
      "rank": 6,
      "distance_to_object_center": 0.0317211872182335
    },
    {
      "score": 0.4070144295692444,
      "translation_camera": [
        -0.09609012305736542,
        -0.05481155961751938,
        0.3920000195503235
      ],
      "rotation_matrix_camera": [
        [
          0.5313771963119507,
          -0.7907350063323975,
          -0.3039349615573883
        ],
        [
          -0.16952382028102875,
          0.2522660195827484,
          -0.9526927471160889
        ],
        [
          0.8300000429153442,
          0.557763397693634,
          -2.4380613083963e-08
        ]
      ],
      "width": 0.06759503483772278,
      "height": 0.019999999552965164,
      "depth": 0.029999999329447746,
      "object_id": -1,
      "frame": "RealSense D455 aligned color camera frame",
      "rank": 7,
      "distance_to_object_center": 0.026016953430132127
    },
    {
      "score": 0.40465646982192993,
      "translation_camera": [
        -0.103688545525074,
        -0.06971565634012222,
        0.39000001549720764
      ],
      "rotation_matrix_camera": [
        [
          0.5313771963119507,
          -0.7907350063323975,
          -0.3039349615573883
        ],
        [
          -0.16952382028102875,
          0.2522660195827484,
          -0.9526927471160889
        ],
        [
          0.8300000429153442,
          0.557763397693634,
          -2.4380613083963e-08
        ]
      ],
      "width": 0.07544466108083725,
      "height": 0.019999999552965164,
      "depth": 0.029999999329447746,
      "object_id": -1,
      "frame": "RealSense D455 aligned color camera frame",
      "rank": 8,
      "distance_to_object_center": 0.040761413642969035
    },
    {
      "score": 0.39407479763031006,
      "translation_camera": [
        -0.08827447146177292,
        -0.06288161128759384,
        0.398000031709671
      ],
      "rotation_matrix_camera": [
        [
          0.6540746092796326,
          -0.6235225796699524,
          -0.42825937271118164
        ],
        [
          -0.309978187084198,
          0.2954989969730377,
          -0.9036558270454407
        ],
        [
          0.690000057220459,
          0.7238094210624695,
          -3.1638712982839934e-08
        ]
      ],
      "width": 0.06435484439134598,
      "height": 0.019999999552965164,
      "depth": 0.019999999552965164,
      "object_id": -1,
      "frame": "RealSense D455 aligned color camera frame",
      "rank": 9,
      "distance_to_object_center": 0.03584797148716324
    },
    {
      "score": 0.39303305745124817,
      "translation_camera": [
        -0.11803093552589417,
        -0.07349859178066254,
        0.39400002360343933
      ],
      "rotation_matrix_camera": [
        [
          0.32332366704940796,
          -0.5531456470489502,
          -0.7677836418151855
        ],
        [
          -0.38744980096817017,
          0.6628532409667969,
          -0.6407091617584229
        ],
        [
          0.8633333444595337,
          0.5046340823173523,
          -2.2058255666479454e-08
        ]
      ],
      "width": 0.07857836782932281,
      "height": 0.019999999552965164,
      "depth": 0.029999999329447746,
      "object_id": -1,
      "frame": "RealSense D455 aligned color camera frame",
      "rank": 10,
      "distance_to_object_center": 0.047429605496920484
    },
    {
      "score": 0.38735663890838623,
      "translation_camera": [
        -0.11773137003183365,
        -0.07127197086811066,
        0.3930000364780426
      ],
      "rotation_matrix_camera": [
        [
          0.32332366704940796,
          -0.5531456470489502,
          -0.7677836418151855
        ],
        [
          -0.38744980096817017,
          0.6628532409667969,
          -0.6407091617584229
        ],
        [
          0.8633333444595337,
          0.5046340823173523,
          -2.2058255666479454e-08
        ]
      ],
      "width": 0.07885617017745972,
      "height": 0.019999999552965164,
      "depth": 0.029999999329447746,
      "object_id": -1,
      "frame": "RealSense D455 aligned color camera frame",
      "rank": 11,
      "distance_to_object_center": 0.04528484651700589
    },
    {
      "score": 0.37888413667678833,
      "translation_camera": [
        -0.103688545525074,
        -0.055544160306453705,
        0.39000001549720764
      ],
      "rotation_matrix_camera": [
        [
          0.5313771963119507,
          -0.7907350063323975,
          -0.3039349615573883
        ],
        [
          -0.16952382028102875,
          0.2522660195827484,
          -0.9526927471160889
        ],
        [
          0.8300000429153442,
          0.557763397693634,
          -2.4380613083963e-08
        ]
      ],
      "width": 0.06305034458637238,
      "height": 0.019999999552965164,
      "depth": 0.029999999329447746,
      "object_id": -1,
      "frame": "RealSense D455 aligned color camera frame",
      "rank": 12,
      "distance_to_object_center": 0.026813511968151838
    },
    {
      "score": 0.3718414902687073,
      "translation_camera": [
        -0.10267746448516846,
        -0.04542165994644165,
        0.39000001549720764
      ],
      "rotation_matrix_camera": [
        [
          0.4980229139328003,
          -0.6140506863594055,
          -0.6123030185699463
        ],
        [
          -0.3856969475746155,
          0.47555533051490784,
          -0.790623128414154
        ],
        [
          0.7766667008399963,
          0.6299118399620056,
          -2.7534321489497415e-08
        ]
      ],
      "width": 0.06629312038421631,
      "height": 0.019999999552965164,
      "depth": 0.019999999552965164,
      "object_id": -1,
      "frame": "RealSense D455 aligned color camera frame",
      "rank": 13,
      "distance_to_object_center": 0.016927646062929586
    },
    {
      "score": 0.36418241262435913,
      "translation_camera": [
        -0.1057107150554657,
        -0.0585809089243412,
        0.39000001549720764
      ],
      "rotation_matrix_camera": [
        [
          0.5313771963119507,
          -0.7907350063323975,
          -0.3039349615573883
        ],
        [
          -0.16952382028102875,
          0.2522660195827484,
          -0.9526927471160889
        ],
        [
          0.8300000429153442,
          0.557763397693634,
          -2.4380613083963e-08
        ]
      ],
      "width": 0.06323818862438202,
      "height": 0.019999999552965164,
      "depth": 0.029999999329447746,
      "object_id": -1,
      "frame": "RealSense D455 aligned color camera frame",
      "rank": 14,
      "distance_to_object_center": 0.030057543916766172
    },
    {
      "score": 0.35423845052719116,
      "translation_camera": [
        -0.09045165032148361,
        -0.05918174237012863,
        0.39400002360343933
      ],
      "rotation_matrix_camera": [
        [
          0.6540746092796326,
          -0.6235225796699524,
          -0.42825937271118164
        ],
        [
          -0.309978187084198,
          0.2954989969730377,
          -0.9036558270454407
        ],
        [
          0.690000057220459,
          0.7238094210624695,
          -3.1638712982839934e-08
        ]
      ],
      "width": 0.06792902201414108,
      "height": 0.019999999552965164,
      "depth": 0.029999999329447746,
      "object_id": -1,
      "frame": "RealSense D455 aligned color camera frame",
      "rank": 15,
      "distance_to_object_center": 0.03152198588371066
    },
    {
      "score": 0.35295215249061584,
      "translation_camera": [
        -0.10267746448516846,
        -0.04238491132855415,
        0.39000001549720764
      ],
      "rotation_matrix_camera": [
        [
          0.4980229139328003,
          -0.6140506863594055,
          -0.6123030185699463
        ],
        [
          -0.3856969475746155,
          0.47555533051490784,
          -0.790623128414154
        ],
        [
          0.7766667008399963,
          0.6299118399620056,
          -2.7534321489497415e-08
        ]
      ],
      "width": 0.0668603703379631,
      "height": 0.019999999552965164,
      "depth": 0.019999999552965164,
      "object_id": -1,
      "frame": "RealSense D455 aligned color camera frame",
      "rank": 16,
      "distance_to_object_center": 0.014082292158438967
    },
    {
      "score": 0.35129237174987793,
      "translation_camera": [
        -0.08624908328056335,
        -0.06157959997653961,
        0.40300002694129944
      ],
      "rotation_matrix_camera": [
        [
          0.6540746092796326,
          -0.6235225796699524,
          -0.42825937271118164
        ],
        [
          -0.309978187084198,
          0.2954989969730377,
          -0.9036558270454407
        ],
        [
          0.690000057220459,
          0.7238094210624695,
          -3.1638712982839934e-08
        ]
      ],
      "width": 0.06112273409962654,
      "height": 0.019999999552965164,
      "depth": 0.019999999552965164,
      "object_id": -1,
      "frame": "RealSense D455 aligned color camera frame",
      "rank": 17,
      "distance_to_object_center": 0.03617731443578174
    },
    {
      "score": 0.35056009888648987,
      "translation_camera": [
        -0.08560702949762344,
        -0.06423580646514893,
        0.40000003576278687
      ],
      "rotation_matrix_camera": [
        [
          0.6540746092796326,
          -0.6235225796699524,
          -0.42825937271118164
        ],
        [
          -0.309978187084198,
          0.2954989969730377,
          -0.9036558270454407
        ],
        [
          0.690000057220459,
          0.7238094210624695,
          -3.1638712982839934e-08
        ]
      ],
      "width": 0.06245121732354164,
      "height": 0.019999999552965164,
      "depth": 0.019999999552965164,
      "object_id": -1,
      "frame": "RealSense D455 aligned color camera frame",
      "rank": 18,
      "distance_to_object_center": 0.03829951896006426
    },
    {
      "score": 0.34366679191589355,
      "translation_camera": [
        -0.08599420636892319,
        -0.0647844523191452,
        0.3970000147819519
      ],
      "rotation_matrix_camera": [
        [
          0.6540746092796326,
          -0.6235225796699524,
          -0.42825937271118164
        ],
        [
          -0.309978187084198,
          0.2954989969730377,
          -0.9036558270454407
        ],
        [
          0.690000057220459,
          0.7238094210624695,
          -3.1638712982839934e-08
        ]
      ],
      "width": 0.06392271816730499,
      "height": 0.019999999552965164,
      "depth": 0.019999999552965164,
      "object_id": -1,
      "frame": "RealSense D455 aligned color camera frame",
      "rank": 19,
      "distance_to_object_center": 0.03837836395308711
    },
    {
      "score": 0.34351277351379395,
      "translation_camera": [
        -0.1057107150554657,
        -0.04339715838432312,
        0.39000001549720764
      ],
      "rotation_matrix_camera": [
        [
          0.4980229139328003,
          -0.6140506863594055,
          -0.6123030185699463
        ],
        [
          -0.3856969475746155,
          0.47555533051490784,
          -0.790623128414154
        ],
        [
          0.7766667008399963,
          0.6299118399620056,
          -2.7534321489497415e-08
        ]
      ],
      "width": 0.06624742597341537,
      "height": 0.019999999552965164,
      "depth": 0.019999999552965164,
      "object_id": -1,
      "frame": "RealSense D455 aligned color camera frame",
      "rank": 20,
      "distance_to_object_center": 0.01571967001221675
    },
    {
      "score": 0.34264975786209106,
      "translation_camera": [
        -0.093278668820858,
        -0.05495138838887215,
        0.3930000364780426
      ],
      "rotation_matrix_camera": [
        [
          0.4980229139328003,
          -0.6140506863594055,
          -0.6123030185699463
        ],
        [
          -0.3856969475746155,
          0.47555533051490784,
          -0.790623128414154
        ],
        [
          0.7766667008399963,
          0.6299118399620056,
          -2.7534321489497415e-08
        ]
      ],
      "width": 0.07320334017276764,
      "height": 0.019999999552965164,
      "depth": 0.029999999329447746,
      "object_id": -1,
      "frame": "RealSense D455 aligned color camera frame",
      "rank": 21,
      "distance_to_object_center": 0.026694928768392284
    },
    {
      "score": 0.3382715880870819,
      "translation_camera": [
        -0.09225980937480927,
        -0.0580114983022213,
        0.3930000364780426
      ],
      "rotation_matrix_camera": [
        [
          0.6540746092796326,
          -0.6235225796699524,
          -0.42825937271118164
        ],
        [
          -0.309978187084198,
          0.2954989969730377,
          -0.9036558270454407
        ],
        [
          0.690000057220459,
          0.7238094210624695,
          -3.1638712982839934e-08
        ]
      ],
      "width": 0.06721452623605728,
      "height": 0.019999999552965164,
      "depth": 0.029999999329447746,
      "object_id": -1,
      "frame": "RealSense D455 aligned color camera frame",
      "rank": 22,
      "distance_to_object_center": 0.02990976447494548
    },
    {
      "score": 0.33398374915122986,
      "translation_camera": [
        -0.10041070729494095,
        -0.02537032775580883,
        0.3930000364780426
      ],
      "rotation_matrix_camera": [
        [
          0.4980229139328003,
          -0.6140506863594055,
          -0.6123030185699463
        ],
        [
          -0.3856969475746155,
          0.47555533051490784,
          -0.790623128414154
        ],
        [
          0.7766667008399963,
          0.6299118399620056,
          -2.7534321489497415e-08
        ]
      ],
      "width": 0.06816931813955307,
      "height": 0.019999999552965164,
      "depth": 0.019999999552965164,
      "object_id": -1,
      "frame": "RealSense D455 aligned color camera frame",
      "rank": 23,
      "distance_to_object_center": 0.004483760497901999
    },
    {
      "score": 0.33119869232177734,
      "translation_camera": [
        -0.10726909339427948,
        -0.03344529867172241,
        0.3920000195503235
      ],
      "rotation_matrix_camera": [
        [
          0.4980229139328003,
          -0.6140506863594055,
          -0.6123030185699463
        ],
        [
          -0.3856969475746155,
          0.47555533051490784,
          -0.790623128414154
        ],
        [
          0.7766667008399963,
          0.6299118399620056,
          -2.7534321489497415e-08
        ]
      ],
      "width": 0.06648281216621399,
      "height": 0.019999999552965164,
      "depth": 0.019999999552965164,
      "object_id": -1,
      "frame": "RealSense D455 aligned color camera frame",
      "rank": 24,
      "distance_to_object_center": 0.008320646121581194
    },
    {
      "score": 0.329206258058548,
      "translation_camera": [
        -0.09272931516170502,
        0.012433981522917747,
        0.39500001072883606
      ],
      "rotation_matrix_camera": [
        [
          -0.4467552900314331,
          -0.1930502951145172,
          -0.8735795617103577
        ],
        [
          -0.8019134998321533,
          -0.3465198576450348,
          0.4866813123226166
        ],
        [
          -0.39666667580604553,
          0.9179626703262329,
          -4.0125421207903855e-08
        ]
      ],
      "width": 0.07046670466661453,
      "height": 0.019999999552965164,
      "depth": 0.019999999552965164,
      "object_id": -1,
      "frame": "RealSense D455 aligned color camera frame",
      "rank": 25,
      "distance_to_object_center": 0.042555180112954435
    },
    {
      "score": 0.3290199637413025,
      "translation_camera": [
        -0.08885751664638519,
        -0.06462126970291138,
        0.3960000276565552
      ],
      "rotation_matrix_camera": [
        [
          0.6540746092796326,
          -0.6235225796699524,
          -0.42825937271118164
        ],
        [
          -0.309978187084198,
          0.2954989969730377,
          -0.9036558270454407
        ],
        [
          0.690000057220459,
          0.7238094210624695,
          -3.1638712982839934e-08
        ]
      ],
      "width": 0.06621648371219635,
      "height": 0.019999999552965164,
      "depth": 0.019999999552965164,
      "object_id": -1,
      "frame": "RealSense D455 aligned color camera frame",
      "rank": 26,
      "distance_to_object_center": 0.03718303451951008
    },
    {
      "score": 0.3275877833366394,
      "translation_camera": [
        -0.10652387887239456,
        -0.03149054944515228,
        0.3930000364780426
      ],
      "rotation_matrix_camera": [
        [
          0.4980229139328003,
          -0.6140506863594055,
          -0.6123030185699463
        ],
        [
          -0.3856969475746155,
          0.47555533051490784,
          -0.790623128414154
        ],
        [
          0.7766667008399963,
          0.6299118399620056,
          -2.7534321489497415e-08
        ]
      ],
      "width": 0.06731586158275604,
      "height": 0.019999999552965164,
      "depth": 0.019999999552965164,
      "object_id": -1,
      "frame": "RealSense D455 aligned color camera frame",
      "rank": 27,
      "distance_to_object_center": 0.0065459520797556585
    },
    {
      "score": 0.326998770236969,
      "translation_camera": [
        -0.10577347874641418,
        -0.02236698754131794,
        0.39400002360343933
      ],
      "rotation_matrix_camera": [
        [
          0.4980229139328003,
          -0.6140506863594055,
          -0.6123030185699463
        ],
        [
          -0.3856969475746155,
          0.47555533051490784,
          -0.790623128414154
        ],
        [
          0.7766667008399963,
          0.6299118399620056,
          -2.7534321489497415e-08
        ]
      ],
      "width": 0.06782393902540207,
      "height": 0.019999999552965164,
      "depth": 0.019999999552965164,
      "object_id": -1,
      "frame": "RealSense D455 aligned color camera frame",
      "rank": 28,
      "distance_to_object_center": 0.008732682423734072
    },
    {
      "score": 0.32597634196281433,
      "translation_camera": [
        -0.10469963401556015,
        -0.03428690880537033,
        0.39000001549720764
      ],
      "rotation_matrix_camera": [
        [
          0.4980229139328003,
          -0.6140506863594055,
          -0.6123030185699463
        ],
        [
          -0.3856969475746155,
          0.47555533051490784,
          -0.790623128414154
        ],
        [
          0.7766667008399963,
          0.6299118399620056,
          -2.7534321489497415e-08
        ]
      ],
      "width": 0.06634123623371124,
      "height": 0.019999999552965164,
      "depth": 0.019999999552965164,
      "object_id": -1,
      "frame": "RealSense D455 aligned color camera frame",
      "rank": 29,
      "distance_to_object_center": 0.008089137244358911
    },
    {
      "score": 0.32569658756256104,
      "translation_camera": [
        -0.09429753571748734,
        -0.0600515715777874,
        0.3930000364780426
      ],
      "rotation_matrix_camera": [
        [
          0.6540746092796326,
          -0.6235225796699524,
          -0.42825937271118164
        ],
        [
          -0.309978187084198,
          0.2954989969730377,
          -0.9036558270454407
        ],
        [
          0.690000057220459,
          0.7238094210624695,
          -3.1638712982839934e-08
        ]
      ],
      "width": 0.066037118434906,
      "height": 0.019999999552965164,
      "depth": 0.029999999329447746,
      "object_id": -1,
      "frame": "RealSense D455 aligned color camera frame",
      "rank": 30,
      "distance_to_object_center": 0.0313928261916221
    },
    {
      "score": 0.31912651658058167,
      "translation_camera": [
        -0.09216960519552231,
        -0.03181106224656105,
        0.3970000147819519
      ],
      "rotation_matrix_camera": [
        [
          0.4980229139328003,
          -0.6140506863594055,
          -0.6123030185699463
        ],
        [
          -0.3856969475746155,
          0.47555533051490784,
          -0.790623128414154
        ],
        [
          0.7766667008399963,
          0.6299118399620056,
          -2.7534321489497415e-08
        ]
      ],
      "width": 0.07175440341234207,
      "height": 0.019999999552965164,
      "depth": 0.019999999552965164,
      "object_id": -1,
      "frame": "RealSense D455 aligned color camera frame",
      "rank": 31,
      "distance_to_object_center": 0.009057113465958978
    },
    {
      "score": 0.31313663721084595,
      "translation_camera": [
        -0.10422028601169586,
        -0.030392976477742195,
        0.3920000195503235
      ],
      "rotation_matrix_camera": [
        [
          0.4980229139328003,
          -0.6140506863594055,
          -0.6123030185699463
        ],
        [
          -0.3856969475746155,
          0.47555533051490784,
          -0.790623128414154
        ],
        [
          0.7766667008399963,
          0.6299118399620056,
          -2.7534321489497415e-08
        ]
      ],
      "width": 0.06698593497276306,
      "height": 0.019999999552965164,
      "depth": 0.019999999552965164,
      "object_id": -1,
      "frame": "RealSense D455 aligned color camera frame",
      "rank": 32,
      "distance_to_object_center": 0.0047650232568921735
    },
    {
      "score": 0.31071072816848755,
      "translation_camera": [
        -0.0893062949180603,
        0.02285855822265148,
        0.398000031709671
      ],
      "rotation_matrix_camera": [
        [
          -0.4467552900314331,
          -0.1930502951145172,
          -0.8735795617103577
        ],
        [
          -0.8019134998321533,
          -0.3465198576450348,
          0.4866813123226166
        ],
        [
          -0.39666667580604553,
          0.9179626703262329,
          -4.0125421207903855e-08
        ]
      ],
      "width": 0.06477104872465134,
      "height": 0.019999999552965164,
      "depth": 0.019999999552965164,
      "object_id": -1,
      "frame": "RealSense D455 aligned color camera frame",
      "rank": 33,
      "distance_to_object_center": 0.05353806397139629
    },
    {
      "score": 0.3082616925239563,
      "translation_camera": [
        -0.0918290913105011,
        -0.03724247217178345,
        0.40000003576278687
      ],
      "rotation_matrix_camera": [
        [
          0.4980229139328003,
          -0.6140506863594055,
          -0.6123030185699463
        ],
        [
          -0.3856969475746155,
          0.47555533051490784,
          -0.790623128414154
        ],
        [
          0.7766667008399963,
          0.6299118399620056,
          -2.7534321489497415e-08
        ]
      ],
      "width": 0.07274731248617172,
      "height": 0.019999999552965164,
      "depth": 0.019999999552965164,
      "object_id": -1,
      "frame": "RealSense D455 aligned color camera frame",
      "rank": 34,
      "distance_to_object_center": 0.01284083686117551
    },
    {
      "score": 0.30757641792297363,
      "translation_camera": [
        -0.10604193061590195,
        -0.024474211037158966,
        0.39500001072883606
      ],
      "rotation_matrix_camera": [
        [
          0.4980229139328003,
          -0.6140506863594055,
          -0.6123030185699463
        ],
        [
          -0.3856969475746155,
          0.47555533051490784,
          -0.790623128414154
        ],
        [
          0.7766667008399963,
          0.6299118399620056,
          -2.7534321489497415e-08
        ]
      ],
      "width": 0.06822317838668823,
      "height": 0.019999999552965164,
      "depth": 0.019999999552965164,
      "object_id": -1,
      "frame": "RealSense D455 aligned color camera frame",
      "rank": 35,
      "distance_to_object_center": 0.007278744047622885
    },
    {
      "score": 0.30686670541763306,
      "translation_camera": [
        -0.08496497571468353,
        -0.06684529036283493,
        0.3970000147819519
      ],
      "rotation_matrix_camera": [
        [
          0.6540746092796326,
          -0.6235225796699524,
          -0.42825937271118164
        ],
        [
          -0.309978187084198,
          0.2954989969730377,
          -0.9036558270454407
        ],
        [
          0.690000057220459,
          0.7238094210624695,
          -3.1638712982839934e-08
        ]
      ],
      "width": 0.06361836940050125,
      "height": 0.019999999552965164,
      "depth": 0.019999999552965164,
      "object_id": -1,
      "frame": "RealSense D455 aligned color camera frame",
      "rank": 36,
      "distance_to_object_center": 0.04067357595783172
    },
    {
      "score": 0.30203041434288025,
      "translation_camera": [
        -0.10373056679964066,
        -0.02338961884379387,
        0.39400002360343933
      ],
      "rotation_matrix_camera": [
        [
          0.4980229139328003,
          -0.6140506863594055,
          -0.6123030185699463
        ],
        [
          -0.3856969475746155,
          0.47555533051490784,
          -0.790623128414154
        ],
        [
          0.7766667008399963,
          0.6299118399620056,
          -2.7534321489497415e-08
        ]
      ],
      "width": 0.0680495947599411,
      "height": 0.019999999552965164,
      "depth": 0.019999999552965164,
      "object_id": -1,
      "frame": "RealSense D455 aligned color camera frame",
      "rank": 37,
      "distance_to_object_center": 0.006801100318818415
    },
    {
      "score": 0.3018583357334137,
      "translation_camera": [
        -0.10346729308366776,
        -0.02639036439359188,
        0.3930000364780426
      ],
      "rotation_matrix_camera": [
        [
          0.4980229139328003,
          -0.6140506863594055,
          -0.6123030185699463
        ],
        [
          -0.3856969475746155,
          0.47555533051490784,
          -0.790623128414154
        ],
        [
          0.7766667008399963,
          0.6299118399620056,
          -2.7534321489497415e-08
        ]
      ],
      "width": 0.06726478785276413,
      "height": 0.019999999552965164,
      "depth": 0.019999999552965164,
      "object_id": -1,
      "frame": "RealSense D455 aligned color camera frame",
      "rank": 38,
      "distance_to_object_center": 0.004559368678634551
    },
    {
      "score": 0.3012561500072479,
      "translation_camera": [
        -0.09319883584976196,
        0.027953216806054115,
        0.3970000147819519
      ],
      "rotation_matrix_camera": [
        [
          -0.4467552900314331,
          -0.1930502951145172,
          -0.8735795617103577
        ],
        [
          -0.8019134998321533,
          -0.3465198576450348,
          0.4866813123226166
        ],
        [
          -0.39666667580604553,
          0.9179626703262329,
          -4.0125421207903855e-08
        ]
      ],
      "width": 0.0698511078953743,
      "height": 0.019999999552965164,
      "depth": 0.019999999552965164,
      "object_id": -1,
      "frame": "RealSense D455 aligned color camera frame",
      "rank": 39,
      "distance_to_object_center": 0.057846918777999974
    },
    {
      "score": 0.30058467388153076,
      "translation_camera": [
        -0.09296408295631409,
        0.025827160105109215,
        0.3960000276565552
      ],
      "rotation_matrix_camera": [
        [
          -0.4467552900314331,
          -0.1930502951145172,
          -0.8735795617103577
        ],
        [
          -0.8019134998321533,
          -0.3465198576450348,
          0.4866813123226166
        ],
        [
          -0.39666667580604553,
          0.9179626703262329,
          -4.0125421207903855e-08
        ]
      ],
      "width": 0.06825584173202515,
      "height": 0.019999999552965164,
      "depth": 0.019999999552965164,
      "object_id": -1,
      "frame": "RealSense D455 aligned color camera frame",
      "rank": 40,
      "distance_to_object_center": 0.055745639376126095
    },
    {
      "score": 0.300296425819397,
      "translation_camera": [
        -0.08658503741025925,
        -0.06650853902101517,
        0.39500001072883606
      ],
      "rotation_matrix_camera": [
        [
          0.6540746092796326,
          -0.6235225796699524,
          -0.42825937271118164
        ],
        [
          -0.309978187084198,
          0.2954989969730377,
          -0.9036558270454407
        ],
        [
          0.690000057220459,
          0.7238094210624695,
          -3.1638712982839934e-08
        ]
      ],
      "width": 0.06655678153038025,
      "height": 0.019999999552965164,
      "depth": 0.019999999552965164,
      "object_id": -1,
      "frame": "RealSense D455 aligned color camera frame",
      "rank": 41,
      "distance_to_object_center": 0.03971127734705481
    },
    {
      "score": 0.2972027063369751,
      "translation_camera": [
        -0.09114036709070206,
        0.024861961603164673,
        0.3970000147819519
      ],
      "rotation_matrix_camera": [
        [
          -0.4467552900314331,
          -0.1930502951145172,
          -0.8735795617103577
        ],
        [
          -0.8019134998321533,
          -0.3465198576450348,
          0.4866813123226166
        ],
        [
          -0.39666667580604553,
          0.9179626703262329,
          -4.0125421207903855e-08
        ]
      ],
      "width": 0.06770572066307068,
      "height": 0.019999999552965164,
      "depth": 0.019999999552965164,
      "object_id": -1,
      "frame": "RealSense D455 aligned color camera frame",
      "rank": 42,
      "distance_to_object_center": 0.05510302876944283
    },
    {
      "score": 0.2947109639644623,
      "translation_camera": [
        -0.09453747421503067,
        0.014447767287492752,
        0.39400002360343933
      ],
      "rotation_matrix_camera": [
        [
          -0.4467552900314331,
          -0.1930502951145172,
          -0.8735795617103577
        ],
        [
          -0.8019134998321533,
          -0.3465198576450348,
          0.4866813123226166
        ],
        [
          -0.39666667580604553,
          0.9179626703262329,
          -4.0125421207903855e-08
        ]
      ],
      "width": 0.06649307161569595,
      "height": 0.019999999552965164,
      "depth": 0.019999999552965164,
      "object_id": -1,
      "frame": "RealSense D455 aligned color camera frame",
      "rank": 43,
      "distance_to_object_center": 0.04426032466835445
    },
    {
      "score": 0.29391172528266907,
      "translation_camera": [
        -0.08943019807338715,
        -0.06327226758003235,
        0.39400002360343933
      ],
      "rotation_matrix_camera": [
        [
          0.6540746092796326,
          -0.6235225796699524,
          -0.42825937271118164
        ],
        [
          -0.309978187084198,
          0.2954989969730377,
          -0.9036558270454407
        ],
        [
          0.690000057220459,
          0.7238094210624695,
          -3.1638712982839934e-08
        ]
      ],
      "width": 0.06819918751716614,
      "height": 0.019999999552965164,
      "depth": 0.029999999329447746,
      "object_id": -1,
      "frame": "RealSense D455 aligned color camera frame",
      "rank": 44,
      "distance_to_object_center": 0.0357227328896877
    },
    {
      "score": 0.28957444429397583,
      "translation_camera": [
        -0.10244843363761902,
        -0.028430437669157982,
        0.3930000364780426
      ],
      "rotation_matrix_camera": [
        [
          0.4980229139328003,
          -0.6140506863594055,
          -0.6123030185699463
        ],
        [
          -0.3856969475746155,
          0.47555533051490784,
          -0.790623128414154
        ],
        [
          0.7766667008399963,
          0.6299118399620056,
          -2.7534321489497415e-08
        ]
      ],
      "width": 0.06744617223739624,
      "height": 0.019999999552965164,
      "depth": 0.019999999552965164,
      "object_id": -1,
      "frame": "RealSense D455 aligned color camera frame",
      "rank": 45,
      "distance_to_object_center": 0.0028441042287993133
    },
    {
      "score": 0.2878541350364685,
      "translation_camera": [
        -0.09604399651288986,
        0.029938453808426857,
        0.3960000276565552
      ],
      "rotation_matrix_camera": [
        [
          -0.4467552900314331,
          -0.1930502951145172,
          -0.8735795617103577
        ],
        [
          -0.8019134998321533,
          -0.3465198576450348,
          0.4866813123226166
        ],
        [
          -0.39666667580604553,
          0.9179626703262329,
          -4.0125421207903855e-08
        ]
      ],
      "width": 0.06957699358463287,
      "height": 0.019999999552965164,
      "depth": 0.019999999552965164,
      "object_id": -1,
      "frame": "RealSense D455 aligned color camera frame",
      "rank": 46,
      "distance_to_object_center": 0.05950179645404872
    },
    {
      "score": 0.2864520251750946,
      "translation_camera": [
        -0.08332417905330658,
        -0.06614643335342407,
        0.39900001883506775
      ],
      "rotation_matrix_camera": [
        [
          0.6540746092796326,
          -0.6235225796699524,
          -0.42825937271118164
        ],
        [
          -0.309978187084198,
          0.2954989969730377,
          -0.9036558270454407
        ],
        [
          0.690000057220459,
          0.7238094210624695,
          -3.1638712982839934e-08
        ]
      ],
      "width": 0.06266140937805176,
      "height": 0.019999999552965164,
      "depth": 0.019999999552965164,
      "object_id": -1,
      "frame": "RealSense D455 aligned color camera frame",
      "rank": 47,
      "distance_to_object_center": 0.04084918093967487
    },
    {
      "score": 0.2831140458583832,
      "translation_camera": [
        -0.09351601451635361,
        0.01649303175508976,
        0.39400002360343933
      ],
      "rotation_matrix_camera": [
        [
          -0.4467552900314331,
          -0.1930502951145172,
          -0.8735795617103577
