{
  "success": true,
  "method": "graspnet_baseline_d455",
  "num_candidates": 172,
  "object_center_camera": [
    -0.09267299539984138,
    -0.03011783358169323,
    0.35500001907348633
  ],
  "candidates": [
    {
      "score": 0.31830549240112305,
      "translation_camera": [
        -0.0979352816939354,
        -0.06853049248456955,
        0.34800001978874207
      ],
      "rotation_matrix_camera": [
        [
          0.6540746092796326,
          -0.6235225796699524,
          -0.42825937271118164
        ],
        [
          -0.309978187084198,
          0.2954989969730377,
          -0.9036558270454407
        ],
        [
          0.690000057220459,
          0.7238094210624695,
          -3.1638712982839934e-08
        ]
      ],
      "width": 0.06410310417413712,
      "height": 0.019999999552965164,
      "depth": 0.019999999552965164,
      "object_id": -1,
      "frame": "RealSense D455 aligned color camera frame",
      "rank": 0,
      "distance_to_object_center": 0.03939827421367785
    },
    {
      "score": 0.31366562843322754,
      "translation_camera": [
        -0.1009310781955719,
        -0.06963324546813965,
        0.3490000069141388
      ],
      "rotation_matrix_camera": [
        [
          0.6540746092796326,
          -0.6235225796699524,
          -0.42825937271118164
        ],
        [
          -0.309978187084198,
          0.2954989969730377,
          -0.9036558270454407
        ],
        [
          0.690000057220459,
          0.7238094210624695,
          -3.1638712982839934e-08
        ]
      ],
      "width": 0.06436329334974289,
      "height": 0.019999999552965164,
      "depth": 0.019999999552965164,
      "object_id": -1,
      "frame": "RealSense D455 aligned color camera frame",
      "rank": 1,
      "distance_to_object_center": 0.04081254530078919
    },
    {
      "score": 0.2929227352142334,
      "translation_camera": [
        -0.0997396782040596,
        -0.07304668426513672,
        0.34800001978874207
      ],
      "rotation_matrix_camera": [
        [
          0.6540746092796326,
          -0.6235225796699524,
          -0.42825937271118164
        ],
        [
          -0.309978187084198,
          0.2954989969730377,
          -0.9036558270454407
        ],
        [
          0.690000057220459,
          0.7238094210624695,
          -3.1638712982839934e-08
        ]
      ],
      "width": 0.06560215353965759,
      "height": 0.019999999552965164,
      "depth": 0.019999999552965164,
      "object_id": -1,
      "frame": "RealSense D455 aligned color camera frame",
      "rank": 2,
      "distance_to_object_center": 0.04406613458023338
    },
    {
      "score": 0.23195810616016388,
      "translation_camera": [
        -0.09877955168485641,
        -0.03450231999158859,
        0.35100001096725464
      ],
      "rotation_matrix_camera": [
        [
          0.4980229139328003,
          -0.6140506863594055,
          -0.6123030185699463
        ],
        [
          -0.3856969475746155,
          0.47555533051490784,
          -0.790623128414154
        ],
        [
          0.7766667008399963,
          0.6299118399620056,
          -2.7534321489497415e-08
        ]
      ],
      "width": 0.06710772961378098,
      "height": 0.019999999552965164,
      "depth": 0.019999999552965164,
      "object_id": -1,
      "frame": "RealSense D455 aligned color camera frame",
      "rank": 3,
      "distance_to_object_center": 0.008515504423728112
    },
    {
      "score": 0.2307984083890915,
      "translation_camera": [
        -0.09097836911678314,
        -0.08412659168243408,
        0.3490000069141388
      ],
      "rotation_matrix_camera": [
        [
          0.5313771963119507,
          -0.7907350063323975,
          -0.3039349615573883
        ],
        [
          -0.16952382028102875,
          0.2522660195827484,
          -0.9526927471160889
        ],
        [
          0.8300000429153442,
          0.557763397693634,
          -2.4380613083963e-08
        ]
      ],
      "width": 0.07332326471805573,
      "height": 0.019999999552965164,
      "depth": 0.009999999776482582,
      "object_id": -1,
      "frame": "RealSense D455 aligned color camera frame",
      "rank": 4,
      "distance_to_object_center": 0.05436743377920178
    },
    {
      "score": 0.22457611560821533,
      "translation_camera": [
        -0.08449670672416687,
        0.021370351314544678,
        0.35600003600120544
      ],
      "rotation_matrix_camera": [
        [
          -0.1557886302471161,
          0.9057342410087585,
          0.39417678117752075
        ],
        [
          -0.33291125297546387,
          -0.4238460063934326,
          0.8423328399658203
        ],
        [
          0.9300000071525574,
          0.0,
          0.3675594925880432
        ]
      ],
      "width": 0.08458662778139114,
      "height": 0.019999999552965164,
      "depth": 0.029999999329447746,
      "object_id": -1,
      "frame": "RealSense D455 aligned color camera frame",
      "rank": 5,
      "distance_to_object_center": 0.05214292774933979
    },
    {
      "score": 0.2022300511598587,
      "translation_camera": [
        -0.09188316017389297,
        -0.08050325512886047,
        0.3490000069141388
      ],
      "rotation_matrix_camera": [
        [
          0.6540746092796326,
          -0.6235225796699524,
          -0.42825937271118164
        ],
        [
          -0.309978187084198,
          0.2954989969730377,
          -0.9036558270454407
        ],
        [
          0.690000057220459,
          0.7238094210624695,
          -3.1638712982839934e-08
        ]
      ],
      "width": 0.07201238721609116,
      "height": 0.019999999552965164,
      "depth": 0.009999999776482582,
      "object_id": -1,
      "frame": "RealSense D455 aligned color camera frame",
      "rank": 6,
      "distance_to_object_center": 0.050747558464247444
    },
    {
      "score": 0.1972920000553131,
      "translation_camera": [
        -0.09369274228811264,
        -0.07778575271368027,
        0.3490000069141388
      ],
      "rotation_matrix_camera": [
        [
          0.6540746092796326,
          -0.6235225796699524,
          -0.42825937271118164
        ],
        [
          -0.309978187084198,
          0.2954989969730377,
          -0.9036558270454407
        ],
        [
          0.690000057220459,
          0.7238094210624695,
          -3.1638712982839934e-08
        ]
      ],
      "width": 0.0710868090391159,
      "height": 0.019999999552965164,
      "depth": 0.009999999776482582,
      "object_id": -1,
      "frame": "RealSense D455 aligned color camera frame",
      "rank": 7,
      "distance_to_object_center": 0.04805487013822962
    },
    {
      "score": 0.19579970836639404,
      "translation_camera": [
        -0.09703308343887329,
        -0.07214344292879105,
        0.34800001978874207
      ],
      "rotation_matrix_camera": [
        [
          0.6540746092796326,
          -0.6235225796699524,
          -0.42825937271118164
        ],
        [
          -0.309978187084198,
          0.2954989969730377,
          -0.9036558270454407
        ],
        [
          0.690000057220459,
          0.7238094210624695,
          -3.1638712982839934e-08
        ]
      ],
      "width": 0.06554649770259857,
      "height": 0.019999999552965164,
      "depth": 0.019999999552965164,
      "object_id": -1,
      "frame": "RealSense D455 aligned color camera frame",
      "rank": 8,
      "distance_to_object_center": 0.04282711989720304
    },
    {
      "score": 0.18871253728866577,
      "translation_camera": [
        -0.09071769565343857,
        -0.062207821756601334,
        0.34800001978874207
      ],
      "rotation_matrix_camera": [
        [
          -0.9794528484344482,
          -0.049033984541893005,
          -0.19562169909477234
        ],
        [
          -0.19537703692913055,
          -0.00978104304522276,
          0.980679452419281
        ],
        [
          -0.05000000447034836,
          0.9987492561340332,
          -4.365671557593487e-08
        ]
      ],
      "width": 0.05952424556016922,
      "height": 0.019999999552965164,
      "depth": 0.019999999552965164,
      "object_id": -1,
      "frame": "RealSense D455 aligned color camera frame",
      "rank": 9,
      "distance_to_object_center": 0.03290274347452572
    },
    {
      "score": 0.18712422251701355,
      "translation_camera": [
        -0.08826399594545364,
        -0.08412659168243408,
        0.3490000069141388
      ],
      "rotation_matrix_camera": [
        [
          0.6540746092796326,
          -0.6235225796699524,
          -0.42825937271118164
        ],
        [
          -0.309978187084198,
          0.2954989969730377,
          -0.9036558270454407
        ],
        [
          0.690000057220459,
          0.7238094210624695,
          -3.1638712982839934e-08
        ]
      ],
      "width": 0.07157602906227112,
      "height": 0.019999999552965164,
      "depth": 0.009999999776482582,
      "object_id": -1,
      "frame": "RealSense D455 aligned color camera frame",
      "rank": 10,
      "distance_to_object_center": 0.05451958706451701
    },
    {
      "score": 0.18504029512405396,
      "translation_camera": [
        -0.08826399594545364,
        -0.08684409409761429,
        0.3490000069141388
      ],
      "rotation_matrix_camera": [
        [
          0.5313771963119507,
          -0.7907350063323975,
          -0.3039349615573883
        ],
        [
          -0.16952382028102875,
          0.2522660195827484,
          -0.9526927471160889
        ],
        [
          0.8300000429153442,
          0.557763397693634,
          -2.4380613083963e-08
        ]
      ],
      "width": 0.07744386047124863,
      "height": 0.019999999552965164,
      "depth": 0.009999999776482582,
      "object_id": -1,
      "frame": "RealSense D455 aligned color camera frame",
      "rank": 11,
      "distance_to_object_center": 0.05721283120263543
    },
    {
      "score": 0.18324467539787292,
      "translation_camera": [
        -0.08916878700256348,
        -0.08140908926725388,
        0.3490000069141388
      ],
      "rotation_matrix_camera": [
        [
          0.6540746092796326,
          -0.6235225796699524,
          -0.42825937271118164
        ],
        [
          -0.309978187084198,
          0.2954989969730377,
          -0.9036558270454407
        ],
        [
          0.690000057220459,
          0.7238094210624695,
          -3.1638712982839934e-08
        ]
      ],
      "width": 0.07084975391626358,
      "height": 0.019999999552965164,
      "depth": 0.009999999776482582,
      "object_id": -1,
      "frame": "RealSense D455 aligned color camera frame",
      "rank": 12,
      "distance_to_object_center": 0.05175975784531288
    },
    {
      "score": 0.1832086443901062,
      "translation_camera": [
        -0.08653014153242111,
        0.0046983752399683,
        0.3530000150203705
      ],
      "rotation_matrix_camera": [
        [
          -0.34101662039756775,
          0.6214070320129395,
          -0.7053799033164978
        ],
        [
          -0.33935707807540894,
          0.6183831095695496,
          0.708829402923584
        ],
        [
          0.8766666650772095,
          0.4810982644557953,
          -2.102947327387028e-08
        ]
      ],
      "width": 0.06721644848585129,
      "height": 0.019999999552965164,
      "depth": 0.029999999329447746,
      "object_id": -1,
      "frame": "RealSense D455 aligned color camera frame",
      "rank": 13,
      "distance_to_object_center": 0.03541049373508511
    },
    {
      "score": 0.18308833241462708,
      "translation_camera": [
        -0.0741276815533638,
        0.03980115056037903,
        0.36400002241134644
      ],
      "rotation_matrix_camera": [
        [
          0.8544597029685974,
          0.03706137463450432,
          -0.5181940793991089
        ],
        [
          -0.517707347869873,
          -0.022455113008618355,
          -0.8552629947662354
        ],
        [
          -0.04333333298563957,
          0.9990606307983398,
          -4.367032602203835e-08
        ]
      ],
      "width": 0.06473635882139206,
      "height": 0.019999999552965164,
      "depth": 0.019999999552965164,
      "object_id": -1,
      "frame": "RealSense D455 aligned color camera frame",
      "rank": 14,
      "distance_to_object_center": 0.07289439669278563
    },
    {
      "score": 0.182818204164505,
      "translation_camera": [
        -0.08397998660802841,
        -0.06438219547271729,
        0.3500000238418579
      ],
      "rotation_matrix_camera": [
        [
          -0.9794528484344482,
          -0.049033984541893005,
          -0.19562169909477234
        ],
        [
          -0.19537703692913055,
          -0.00978104304522276,
          0.980679452419281
        ],
        [
          -0.05000000447034836,
          0.9987492561340332,
          -4.365671557593487e-08
        ]
      ],
      "width": 0.05387202650308609,
      "height": 0.019999999552965164,
      "depth": 0.019999999552965164,
      "object_id": -1,
      "frame": "RealSense D455 aligned color camera frame",
      "rank": 15,
      "distance_to_object_center": 0.03570174855619688
    },
    {
      "score": 0.18219129741191864,
      "translation_camera": [
        -0.08554962277412415,
        -0.06238657608628273,
        0.3490000069141388
      ],
      "rotation_matrix_camera": [
        [
          -0.9794528484344482,
          -0.049033984541893005,
          -0.19562169909477234
        ],
        [
          -0.19537703692913055,
          -0.00978104304522276,
          0.980679452419281
        ],
        [
          -0.05000000447034836,
          0.9987492561340332,
          -4.365671557593487e-08
        ]
      ],
      "width": 0.057048145681619644,
      "height": 0.019999999552965164,
      "depth": 0.019999999552965164,
      "object_id": -1,
      "frame": "RealSense D455 aligned color camera frame",
      "rank": 16,
      "distance_to_object_center": 0.03358592452657269
    },
    {
      "score": 0.18196985125541687,
      "translation_camera": [
        -0.08330995589494705,
        -0.06183306872844696,
        0.35100001096725464
      ],
      "rotation_matrix_camera": [
        [
          -0.9794528484344482,
          -0.049033984541893005,
          -0.19562169909477234
        ],
        [
          -0.19537703692913055,
          -0.00978104304522276,
          0.980679452419281
        ],
        [
          -0.05000000447034836,
          0.9987492561340332,
          -4.365671557593487e-08
        ]
      ],
      "width": 0.05403268337249756,
      "height": 0.019999999552965164,
      "depth": 0.019999999552965164,
      "object_id": -1,
      "frame": "RealSense D455 aligned color camera frame",
      "rank": 17,
      "distance_to_object_center": 0.03330949885594219
    },
    {
      "score": 0.1813715100288391,
      "translation_camera": [
        -0.09252209216356277,
        -0.06491753458976746,
        0.34800001978874207
      ],
      "rotation_matrix_camera": [
        [
          -0.9794528484344482,
          -0.049033984541893005,
          -0.19562169909477234
        ],
        [
          -0.19537703692913055,
          -0.00978104304522276,
          0.980679452419281
        ],
        [
          -0.05000000447034836,
          0.9987492561340332,
          -4.365671557593487e-08
        ]
      ],
      "width": 0.053768422454595566,
      "height": 0.019999999552965164,
      "depth": 0.019999999552965164,
      "object_id": -1,
      "frame": "RealSense D455 aligned color camera frame",
      "rank": 18,
      "distance_to_object_center": 0.035497069625879
    },
    {
      "score": 0.18076938390731812,
      "translation_camera": [
        -0.08330995589494705,
        -0.058188967406749725,
        0.35100001096725464
      ],
      "rotation_matrix_camera": [
        [
          -0.9794528484344482,
          -0.049033984541893005,
          -0.19562169909477234
        ],
        [
          -0.19537703692913055,
          -0.00978104304522276,
          0.980679452419281
        ],
        [
          -0.05000000447034836,
          0.9987492561340332,
          -4.365671557593487e-08
        ]
      ],
      "width": 0.05589182302355766,
      "height": 0.019999999552965164,
      "depth": 0.019999999552965164,
      "object_id": -1,
      "frame": "RealSense D455 aligned color camera frame",
      "rank": 19,
      "distance_to_object_center": 0.02986059490104579
    },
    {
      "score": 0.1806875765323639,
      "translation_camera": [
        -0.08488737046718597,
        -0.05984004959464073,
        0.3500000238418579
      ],
      "rotation_matrix_camera": [
        [
          -0.9794528484344482,
          -0.049033984541893005,
          -0.19562169909477234
        ],
        [
          -0.19537703692913055,
          -0.00978104304522276,
          0.980679452419281
        ],
        [
          -0.05000000447034836,
          0.9987492561340332,
          -4.365671557593487e-08
        ]
      ],
      "width": 0.057330261915922165,
      "height": 0.019999999552965164,
      "depth": 0.019999999552965164,
      "object_id": -1,
      "frame": "RealSense D455 aligned color camera frame",
      "rank": 20,
      "distance_to_object_center": 0.031129182973997332
    },
    {
      "score": 0.18031346797943115,
      "translation_camera": [
        -0.08172217011451721,
        -0.06018199399113655,
        0.35200002789497375
      ],
      "rotation_matrix_camera": [
        [
          -0.9794528484344482,
          -0.049033984541893005,
          -0.19562169909477234
        ],
        [
          -0.19537703692913055,
          -0.00978104304522276,
          0.980679452419281
        ],
        [
          -0.05000000447034836,
          0.9987492561340332,
          -4.365671557593487e-08
        ]
      ],
      "width": 0.05386026203632355,
      "height": 0.019999999552965164,
      "depth": 0.019999999552965164,
      "object_id": -1,
      "frame": "RealSense D455 aligned color camera frame",
      "rank": 21,
      "distance_to_object_center": 0.03213680542035234
    },
    {
      "score": 0.18028216063976288,
      "translation_camera": [
        -0.07895907759666443,
        -0.06178988143801689,
        0.35600003600120544
      ],
      "rotation_matrix_camera": [
        [
          -0.9794528484344482,
          -0.049033984541893005,
          -0.19562169909477234
        ],
        [
          -0.19537703692913055,
          -0.00978104304522276,
          0.980679452419281
        ],
        [
          -0.05000000447034836,
          0.9987492561340332,
          -4.365671557593487e-08
        ]
      ],
      "width": 0.053461212664842606,
      "height": 0.019999999552965164,
      "depth": 0.019999999552965164,
      "object_id": -1,
      "frame": "RealSense D455 aligned color camera frame",
      "rank": 22,
      "distance_to_object_center": 0.03452810725743991
    },
    {
      "score": 0.178571417927742,
      "translation_camera": [
        -0.08126875013113022,
        -0.06236156076192856,
        0.3540000319480896
      ],
      "rotation_matrix_camera": [
        [
          -0.9794528484344482,
          -0.049033984541893005,
          -0.19562169909477234
        ],
        [
          -0.19537703692913055,
          -0.00978104304522276,
          0.980679452419281
        ],
        [
          -0.05000000447034836,
          0.9987492561340332,
          -4.365671557593487e-08
        ]
      ],
      "width": 0.05274475738406181,
      "height": 0.019999999552965164,
      "depth": 0.019999999552965164,
      "object_id": -1,
      "frame": "RealSense D455 aligned color camera frame",
      "rank": 23,
      "distance_to_object_center": 0.03421570877350528
    },
    {
      "score": 0.1768704354763031,
      "translation_camera": [
        -0.0896797850728035,
        -0.08916381746530533,
        0.35100001096725464
      ],
      "rotation_matrix_camera": [
        [
          0.5313771963119507,
          -0.7907350063323975,
          -0.3039349615573883
        ],
        [
          -0.16952382028102875,
          0.2522660195827484,
          -0.9526927471160889
        ],
        [
          0.8300000429153442,
          0.557763397693634,
          -2.4380613083963e-08
        ]
      ],
      "width": 0.07836504280567169,
      "height": 0.019999999552965164,
      "depth": 0.009999999776482582,
      "object_id": -1,
      "frame": "RealSense D455 aligned color camera frame",
      "rank": 24,
      "distance_to_object_center": 0.059256962339421224
    },
    {
      "score": 0.17559684813022614,
      "translation_camera": [
        -0.09522868692874908,
        -0.06762725114822388,
        0.34800001978874207
      ],
      "rotation_matrix_camera": [
        [
          -0.9794528484344482,
          -0.049033984541893005,
          -0.19562169909477234
        ],
        [
          -0.19537703692913055,
          -0.00978104304522276,
          0.980679452419281
        ],
        [
          -0.05000000447034836,
          0.9987492561340332,
          -4.365671557593487e-08
        ]
      ],
      "width": 0.05453767254948616,
      "height": 0.019999999552965164,
      "depth": 0.019999999552965164,
      "object_id": -1,
      "frame": "RealSense D455 aligned color camera frame",
      "rank": 25,
      "distance_to_object_center": 0.03824248887504197
    },
    {
      "score": 0.17537258565425873,
      "translation_camera": [
        -0.08719757944345474,
        0.009253168478608131,
        0.35200002789497375
      ],
      "rotation_matrix_camera": [
        [
          -0.34101662039756775,
          0.6214070320129395,
          -0.7053799033164978
        ],
        [
          -0.33935707807540894,
          0.6183831095695496,
          0.708829402923584
        ],
        [
          0.8766666650772095,
          0.4810982644557953,
          -2.102947327387028e-08
        ]
      ],
      "width": 0.06851167231798172,
      "height": 0.019999999552965164,
      "depth": 0.029999999329447746,
      "object_id": -1,
      "frame": "RealSense D455 aligned color camera frame",
      "rank": 26,
      "distance_to_object_center": 0.039862964393015995
    },
    {
      "score": 0.1753118634223938,
      "translation_camera": [
        -0.07895907759666443,
        -0.0654858946800232,
        0.35600003600120544
      ],
      "rotation_matrix_camera": [
        [
          -0.9794528484344482,
          -0.049033984541893005,
          -0.19562169909477234
        ],
        [
          -0.19537703692913055,
          -0.00978104304522276,
          0.980679452419281
        ],
        [
          -0.05000000447034836,
          0.9987492561340332,
          -4.365671557593487e-08
        ]
      ],
      "width": 0.05167417228221893,
      "height": 0.019999999552965164,
      "depth": 0.019999999552965164,
      "object_id": -1,
      "frame": "RealSense D455 aligned color camera frame",
      "rank": 27,
      "distance_to_object_center": 0.037946954044076046
    },
    {
      "score": 0.17346283793449402,
      "translation_camera": [
        -0.07895907759666443,
        -0.0682578980922699,
        0.35600003600120544
      ],
      "rotation_matrix_camera": [
        [
          -0.9794528484344482,
          -0.049033984541893005,
          -0.19562169909477234
        ],
        [
          -0.19537703692913055,
          -0.00978104304522276,
          0.980679452419281
        ],
        [
          -0.05000000447034836,
          0.9987492561340332,
          -4.365671557593487e-08
        ]
      ],
      "width": 0.050393909215927124,
      "height": 0.019999999552965164,
      "depth": 0.019999999552965164,
      "object_id": -1,
      "frame": "RealSense D455 aligned color camera frame",
      "rank": 28,
      "distance_to_object_center": 0.04054301538167787
    },
    {
      "score": 0.17260490357875824,
      "translation_camera": [
        -0.09071769565343857,
        -0.05859486758708954,
        0.34800001978874207
      ],
      "rotation_matrix_camera": [
        [
          -0.9794528484344482,
          -0.049033984541893005,
          -0.19562169909477234
        ],
        [
          -0.19537703692913055,
          -0.00978104304522276,
          0.980679452419281
        ],
        [
          -0.05000000447034836,
          0.9987492561340332,
          -4.365671557593487e-08
        ]
      ],
      "width": 0.058495793491601944,
      "height": 0.019999999552965164,
      "depth": 0.019999999552965164,
      "object_id": -1,
      "frame": "RealSense D455 aligned color camera frame",
      "rank": 29,
      "distance_to_object_center": 0.029389873304068545
    },
    {
      "score": 0.1725156009197235,
      "translation_camera": [
        -0.09459753334522247,
        -0.07506825029850006,
        0.3490000069141388
      ],
      "rotation_matrix_camera": [
        [
          -0.9794528484344482,
          -0.049033984541893005,
          -0.19562169909477234
        ],
        [
          -0.19537703692913055,
          -0.00978104304522276,
          0.980679452419281
        ],
        [
          -0.05000000447034836,
          0.9987492561340332,
          -4.365671557593487e-08
        ]
      ],
      "width": 0.04744419828057289,
      "height": 0.019999999552965164,
      "depth": 0.019999999552965164,
      "object_id": -1,
      "frame": "RealSense D455 aligned color camera frame",
      "rank": 30,
      "distance_to_object_center": 0.0453899102800404
    },
    {
      "score": 0.17206506431102753,
      "translation_camera": [
        -0.09019078314304352,
        0.012944319285452366,
        0.3530000150203705
      ],
      "rotation_matrix_camera": [
        [
          -0.34101662039756775,
          0.6214070320129395,
          -0.7053799033164978
        ],
        [
          -0.33935707807540894,
          0.6183831095695496,
          0.708829402923584
        ],
        [
          0.8766666650772095,
          0.4810982644557953,
          -2.102947327387028e-08
        ]
      ],
      "width": 0.07514319568872452,
      "height": 0.019999999552965164,
      "depth": 0.03999999910593033,
      "object_id": -1,
      "frame": "RealSense D455 aligned color camera frame",
      "rank": 31,
      "distance_to_object_center": 0.04317997688111578
    },
    {
      "score": 0.1719151735305786,
      "translation_camera": [
        -0.08103916794061661,
        -0.0566880963742733,
        0.3530000150203705
      ],
      "rotation_matrix_camera": [
        [
          -0.9794528484344482,
          -0.049033984541893005,
          -0.19562169909477234
        ],
        [
          -0.19537703692913055,
          -0.00978104304522276,
          0.980679452419281
        ],
        [
          -0.05000000447034836,
          0.9987492561340332,
          -4.365671557593487e-08
        ]
      ],
      "width": 0.05399060249328613,
      "height": 0.019999999552965164,
      "depth": 0.019999999552965164,
      "object_id": -1,
      "frame": "RealSense D455 aligned color camera frame",
      "rank": 32,
      "distance_to_object_center": 0.02907447028632262
    },
    {
      "score": 0.17144323885440826,
      "translation_camera": [
        -0.09759074449539185,
        -0.006242708303034306,
        0.3500000238418579
      ],
      "rotation_matrix_camera": [
        [
          -0.34101662039756775,
          0.6214070320129395,
          -0.7053799033164978
        ],
        [
          -0.33935707807540894,
          0.6183831095695496,
          0.708829402923584
        ],
        [
          0.8766666650772095,
          0.4810982644557953,
          -2.102947327387028e-08
        ]
      ],
      "width": 0.0799742192029953,
      "height": 0.019999999552965164,
      "depth": 0.03999999910593033,
      "object_id": -1,
      "frame": "RealSense D455 aligned color camera frame",
      "rank": 33,
      "distance_to_object_center": 0.024883846478282907
    },
    {
      "score": 0.17098823189735413,
      "translation_camera": [
        -0.07538854330778122,
        -0.06546866148710251,
        0.36100003123283386
      ],
      "rotation_matrix_camera": [
        [
          -0.9794528484344482,
          -0.049033984541893005,
          -0.19562169909477234
        ],
        [
          -0.19537703692913055,
          -0.00978104304522276,
          0.980679452419281
        ],
        [
          -0.05000000447034836,
          0.9987492561340332,
          -4.365671557593487e-08
        ]
      ],
      "width": 0.06371860206127167,
      "height": 0.019999999552965164,
      "depth": 0.019999999552965164,
      "object_id": -1,
      "frame": "RealSense D455 aligned color camera frame",
      "rank": 34,
      "distance_to_object_center": 0.039804942703550075
    },
    {
      "score": 0.17082738876342773,
      "translation_camera": [
        -0.0996895283460617,
        -0.004438494332134724,
        0.35100001096725464
      ],
      "rotation_matrix_camera": [
        [
          -0.34101662039756775,
          0.6214070320129395,
          -0.7053799033164978
        ],
        [
          -0.33935707807540894,
          0.6183831095695496,
          0.708829402923584
        ],
        [
          0.8766666650772095,
          0.4810982644557953,
          -2.102947327387028e-08
        ]
      ],
      "width": 0.08090413361787796,
      "height": 0.019999999552965164,
      "depth": 0.03999999910593033,
      "object_id": -1,
      "frame": "RealSense D455 aligned color camera frame",
      "rank": 35,
      "distance_to_object_center": 0.026919514552258005
    },
    {
      "score": 0.17057332396507263,
      "translation_camera": [
        -0.09723583608865738,
        0.00468506570905447,
        0.35200002789497375
      ],
      "rotation_matrix_camera": [
        [
          -0.34101662039756775,
          0.6214070320129395,
          -0.7053799033164978
        ],
        [
          -0.33935707807540894,
          0.6183831095695496,
          0.708829402923584
        ],
        [
          0.8766666650772095,
          0.4810982644557953,
          -2.102947327387028e-08
        ]
      ],
      "width": 0.08061188459396362,
      "height": 0.019999999552965164,
      "depth": 0.03999999910593033,
      "object_id": -1,
      "frame": "RealSense D455 aligned color camera frame",
      "rank": 36,
      "distance_to_object_center": 0.03522869939785735
    },
    {
      "score": 0.17056314647197723,
      "translation_camera": [
        -0.09449813514947891,
        0.011994030326604843,
        0.35200002789497375
      ],
      "rotation_matrix_camera": [
        [
          -0.34101662039756775,
          0.6214070320129395,
          -0.7053799033164978
        ],
        [
          -0.33935707807540894,
          0.6183831095695496,
          0.708829402923584
        ],
        [
          0.8766666650772095,
          0.4810982644557953,
          -2.102947327387028e-08
        ]
      ],
      "width": 0.0800800621509552,
      "height": 0.019999999552965164,
      "depth": 0.03999999910593033,
      "object_id": -1,
      "frame": "RealSense D455 aligned color camera frame",
      "rank": 37,
      "distance_to_object_center": 0.042258018931415585
    },
    {
      "score": 0.17049551010131836,
      "translation_camera": [
        -0.09449813514947891,
        0.0019442038610577583,
        0.35200002789497375
      ],
      "rotation_matrix_camera": [
        [
          -0.34101662039756775,
          0.6214070320129395,
          -0.7053799033164978
        ],
        [
          -0.33935707807540894,
          0.6183831095695496,
          0.708829402923584
        ],
        [
          0.8766666650772095,
          0.4810982644557953,
          -2.102947327387028e-08
        ]
      ],
      "width": 0.07863317430019379,
      "height": 0.019999999552965164,
      "depth": 0.03999999910593033,
      "object_id": -1,
      "frame": "RealSense D455 aligned color camera frame",
      "rank": 38,
      "distance_to_object_center": 0.03225376454241003
    },
    {
      "score": 0.1702422797679901,
      "translation_camera": [
        -0.09267299622297287,
        0.013821271248161793,
        0.35200002789497375
      ],
      "rotation_matrix_camera": [
        [
          -0.34101662039756775,
          0.6214070320129395,
          -0.7053799033164978
        ],
        [
          -0.33935707807540894,
          0.6183831095695496,
          0.708829402923584
        ],
        [
          0.8766666650772095,
          0.4810982644557953,
          -2.102947327387028e-08
        ]
      ],
      "width": 0.07620864361524582,
      "height": 0.019999999552965164,
      "depth": 0.03999999910593033,
      "object_id": -1,
      "frame": "RealSense D455 aligned color camera frame",
      "rank": 39,
      "distance_to_object_center": 0.04404139961808824
    },
    {
      "score": 0.17007650434970856,
      "translation_camera": [
        -0.07580620795488358,
        0.04157615080475807,
        0.3630000352859497
      ],
      "rotation_matrix_camera": [
        [
          0.8544597029685974,
          0.03706137463450432,
          -0.5181940793991089
        ],
        [
          -0.517707347869873,
          -0.022455113008618355,
          -0.8552629947662354
        ],
        [
          -0.04333333298563957,
          0.9990606307983398,
          -4.367032602203835e-08
        ]
      ],
      "width": 0.06442312151193619,
      "height": 0.019999999552965164,
      "depth": 0.019999999552965164,
      "object_id": -1,
      "frame": "RealSense D455 aligned color camera frame",
      "rank": 40,
      "distance_to_object_center": 0.07408452048382162
    },
    {
      "score": 0.16982504725456238,
      "translation_camera": [
        -0.0755973756313324,
        0.044280342757701874,
        0.3620000183582306
      ],
      "rotation_matrix_camera": [
        [
          0.8544597029685974,
          0.03706137463450432,
          -0.5181940793991089
        ],
        [
          -0.517707347869873,
          -0.022455113008618355,
          -0.8552629947662354
        ],
        [
          -0.04333333298563957,
          0.9990606307983398,
          -4.367032602203835e-08
        ]
      ],
      "width": 0.06405298411846161,
      "height": 0.019999999552965164,
      "depth": 0.019999999552965164,
      "object_id": -1,
      "frame": "RealSense D455 aligned color camera frame",
      "rank": 41,
      "distance_to_object_center": 0.07665288920251372
    },
    {
      "score": 0.16978473961353302,
      "translation_camera": [
        -0.08735920488834381,
        -0.059669073671102524,
        0.3490000069141388
      ],
      "rotation_matrix_camera": [
        [
          -0.9794528484344482,
          -0.049033984541893005,
          -0.19562169909477234
        ],
        [
          -0.19537703692913055,
          -0.00978104304522276,
          0.980679452419281
        ],
        [
          -0.05000000447034836,
          0.9987492561340332,
          -4.365671557593487e-08
        ]
      ],
      "width": 0.06081895902752876,
      "height": 0.019999999552965164,
      "depth": 0.019999999552965164,
      "object_id": -1,
      "frame": "RealSense D455 aligned color camera frame",
      "rank": 42,
      "distance_to_object_center": 0.03061882274572801
    },
    {
      "score": 0.16922909021377563,
      "translation_camera": [
        -0.08902271836996078,
        0.0074259270913898945,
        0.35200002789497375
      ],
      "rotation_matrix_camera": [
        [
          -0.34101662039756775,
          0.6214070320129395,
          -0.7053799033164978
        ],
        [
          -0.33935707807540894,
          0.6183831095695496,
          0.708829402923584
        ],
        [
          0.8766666650772095,
          0.4810982644557953,
          -2.102947327387028e-08
        ]
      ],
      "width": 0.07328169792890549,
      "height": 0.019999999552965164,
      "depth": 0.03999999910593033,
      "object_id": -1,
      "frame": "RealSense D455 aligned color camera frame",
      "rank": 43,
      "distance_to_object_center": 0.037839905324191424
    },
    {
      "score": 0.1691572070121765,
      "translation_camera": [
        -0.09723583608865738,
        -0.0026238986756652594,
        0.35200002789497375
      ],
      "rotation_matrix_camera": [
        [
          -0.34101662039756775,
          0.6214070320129395,
          -0.7053799033164978
        ],
        [
          -0.33935707807540894,
          0.6183831095695496,
          0.708829402923584
        ],
        [
          0.8766666650772095,
          0.4810982644557953,
          -2.102947327387028e-08
        ]
      ],
      "width": 0.07722944021224976,
      "height": 0.019999999552965164,
      "depth": 0.03999999910593033,
      "object_id": -1,
      "frame": "RealSense D455 aligned color camera frame",
      "rank": 44,
      "distance_to_object_center": 0.028030981410567334
    },
    {
      "score": 0.16853229701519012,
      "translation_camera": [
        -0.09176042675971985,
        0.011080409400165081,
        0.35200002789497375
      ],
      "rotation_matrix_camera": [
        [
          -0.34101662039756775,
          0.6214070320129395,
          -0.7053799033164978
        ],
        [
          -0.33935707807540894,
          0.6183831095695496,
          0.708829402923584
        ],
        [
          0.8766666650772095,
          0.4810982644557953,
          -2.102947327387028e-08
        ]
      ],
      "width": 0.07584383338689804,
      "height": 0.019999999552965164,
      "depth": 0.03999999910593033,
      "object_id": -1,
      "frame": "RealSense D455 aligned color camera frame",
      "rank": 45,
      "distance_to_object_center": 0.04131740496916916
    },
    {
      "score": 0.16848982870578766,
      "translation_camera": [
        -0.0981484055519104,
        0.009253168478608131,
        0.35200002789497375
      ],
      "rotation_matrix_camera": [
        [
          -0.34101662039756775,
          0.6214070320129395,
          -0.7053799033164978
        ],
        [
          -0.33935707807540894,
          0.6183831095695496,
          0.708829402923584
        ],
        [
          0.8766666650772095,
          0.4810982644557953,
          -2.102947327387028e-08
        ]
      ],
      "width": 0.08155263960361481,
      "height": 0.019999999552965164,
      "depth": 0.03999999910593033,
      "object_id": -1,
      "frame": "RealSense D455 aligned color camera frame",
      "rank": 46,
      "distance_to_object_center": 0.03986296359575876
    },
    {
      "score": 0.168401837348938,
      "translation_camera": [
        -0.09723583608865738,
        0.011994030326604843,
        0.35200002789497375
      ],
      "rotation_matrix_camera": [
        [
          -0.34101662039756775,
          0.6214070320129395,
          -0.7053799033164978
        ],
        [
          -0.33935707807540894,
          0.6183831095695496,
          0.708829402923584
        ],
        [
          0.8766666650772095,
          0.4810982644557953,
          -2.102947327387028e-08
        ]
      ],
      "width": 0.080874964594841,
      "height": 0.019999999552965164,
      "depth": 0.03999999910593033,
      "object_id": -1,
      "frame": "RealSense D455 aligned color camera frame",
      "rank": 47,
      "distance_to_object_center": 0.042464438581637766
    },
    {
      "score": 0.1682586371898651,
      "translation_camera": [
        -0.10088611394166946,
        0.011994030326604843,
        0.35200002789497375
      ],
      "rotation_matrix_camera": [
        [
