{
  "success": true,
  "method": "graspnet_baseline_d455",
  "num_candidates": 365,
  "object_center_camera": [
    0.03151536960199306,
    -0.12154555918767806,
    0.42100003361701965
  ],
  "candidates": [
    {
      "score": 0.4212278723716736,
      "translation_camera": [
        0.038825999945402145,
        -0.10544352233409882,
        0.41100001335144043
      ],
      "rotation_matrix_camera": [
        [
          -0.1557886302471161,
          0.39417675137519836,
          -0.9057342410087585
        ],
        [
          -0.33291125297546387,
          0.8423328399658203,
          0.42384597659111023
        ],
        [
          0.9300000071525574,
          0.3675594925880432,
          -1.6066536545622512e-08
        ]
      ],
      "width": 0.07517652213573456,
      "height": 0.019999999552965164,
      "depth": 0.029999999329447746,
      "object_id": -1,
      "frame": "RealSense D455 aligned color camera frame",
      "rank": 0,
      "distance_to_object_center": 0.020315543609856792
    },
    {
      "score": 0.4047808349132538,
      "translation_camera": [
        0.03669552505016327,
        -0.10757645219564438,
        0.41100001335144043
      ],
      "rotation_matrix_camera": [
        [
          -0.1557886302471161,
          0.39417675137519836,
          -0.9057342410087585
        ],
        [
          -0.33291125297546387,
          0.8423328399658203,
          0.42384597659111023
        ],
        [
          0.9300000071525574,
          0.3675594925880432,
          -1.6066536545622512e-08
        ]
      ],
      "width": 0.07668598741292953,
      "height": 0.019999999552965164,
      "depth": 0.029999999329447746,
      "object_id": -1,
      "frame": "RealSense D455 aligned color camera frame",
      "rank": 1,
      "distance_to_object_center": 0.017943532704963287
    },
    {
      "score": 0.3416583240032196,
      "translation_camera": [
        0.03822014480829239,
        -0.1466655433177948,
        0.41600003838539124
      ],
      "rotation_matrix_camera": [
        [
          0.05689249932765961,
          0.9917080998420715,
          -0.11523126810789108
        ],
        [
          -0.43903547525405884,
          0.12851069867610931,
          0.8892316222190857
        ],
        [
          0.8966667056083679,
          0.0,
          0.44270631670951843
        ]
      ],
      "width": 0.08291229605674744,
      "height": 0.019999999552965164,
      "depth": 0.029999999329447746,
      "object_id": -1,
      "frame": "RealSense D455 aligned color camera frame",
      "rank": 2,
      "distance_to_object_center": 0.026475792067105937
    },
    {
      "score": 0.27246353030204773,
      "translation_camera": [
        0.01854439079761505,
        -0.15900792181491852,
        0.4350000321865082
      ],
      "rotation_matrix_camera": [
        [
          0.32332366704940796,
          -0.5531456470489502,
          -0.7677836418151855
        ],
        [
          -0.38744980096817017,
          0.6628532409667969,
          -0.6407091617584229
        ],
        [
          0.8633333444595337,
          0.5046340823173523,
          -2.2058255666479454e-08
        ]
      ],
      "width": 0.0729587972164154,
      "height": 0.019999999552965164,
      "depth": 0.019999999552965164,
      "object_id": -1,
      "frame": "RealSense D455 aligned color camera frame",
      "rank": 3,
      "distance_to_object_center": 0.042043725628257145
    },
    {
      "score": 0.26169827580451965,
      "translation_camera": [
        0.019626609981060028,
        -0.15976852178573608,
        0.43400001525878906
      ],
      "rotation_matrix_camera": [
        [
          0.32332366704940796,
          -0.5531456470489502,
          -0.7677836418151855
        ],
        [
          -0.38744980096817017,
          0.6628532409667969,
          -0.6407091617584229
        ],
        [
          0.8633333444595337,
          0.5046340823173523,
          -2.2058255666479454e-08
        ]
      ],
      "width": 0.07399919629096985,
      "height": 0.019999999552965164,
      "depth": 0.019999999552965164,
      "object_id": -1,
      "frame": "RealSense D455 aligned color camera frame",
      "rank": 4,
      "distance_to_object_center": 0.04208725457645356
    },
    {
      "score": 0.2610601782798767,
      "translation_camera": [
        0.017416950315237045,
        -0.1601366549730301,
        0.4350000321865082
      ],
      "rotation_matrix_camera": [
        [
          0.32332366704940796,
          -0.5531456470489502,
          -0.7677836418151855
        ],
        [
          -0.38744980096817017,
          0.6628532409667969,
          -0.6407091617584229
        ],
        [
          0.8633333444595337,
          0.5046340823173523,
          -2.2058255666479454e-08
        ]
      ],
      "width": 0.0731530413031578,
      "height": 0.019999999552965164,
      "depth": 0.019999999552965164,
      "object_id": -1,
      "frame": "RealSense D455 aligned color camera frame",
      "rank": 5,
      "distance_to_object_center": 0.04340550725708743
    },
    {
      "score": 0.2435489147901535,
      "translation_camera": [
        0.018501760438084602,
        -0.16089466214179993,
        0.43400001525878906
      ],
      "rotation_matrix_camera": [
        [
          0.32332366704940796,
          -0.5531456470489502,
          -0.7677836418151855
        ],
        [
          -0.38744980096817017,
          0.6628532409667969,
          -0.6407091617584229
        ],
        [
          0.8633333444595337,
          0.5046340823173523,
          -2.2058255666479454e-08
        ]
      ],
      "width": 0.07364663481712341,
      "height": 0.019999999552965164,
      "depth": 0.019999999552965164,
      "object_id": -1,
      "frame": "RealSense D455 aligned color camera frame",
      "rank": 6,
      "distance_to_object_center": 0.04343622278066298
    },
    {
      "score": 0.22756427526474,
      "translation_camera": [
        0.01958138681948185,
        -0.1616474986076355,
        0.43300002813339233
      ],
      "rotation_matrix_camera": [
        [
          0.32332366704940796,
          -0.5531456470489502,
          -0.7677836418151855
        ],
        [
          -0.38744980096817017,
          0.6628532409667969,
          -0.6407091617584229
        ],
        [
          0.8633333444595337,
          0.5046340823173523,
          -2.2058255666479454e-08
        ]
      ],
      "width": 0.07337195426225662,
      "height": 0.019999999552965164,
      "depth": 0.019999999552965164,
      "object_id": -1,
      "frame": "RealSense D455 aligned color camera frame",
      "rank": 7,
      "distance_to_object_center": 0.04352683492614854
    },
    {
      "score": 0.22539333999156952,
      "translation_camera": [
        0.020655831322073936,
        -0.16015322506427765,
        0.4320000410079956
      ],
      "rotation_matrix_camera": [
        [
          0.32332366704940796,
          -0.5531456470489502,
          -0.7677836418151855
        ],
        [
          -0.38744980096817017,
          0.6628532409667969,
          -0.6407091617584229
        ],
        [
          0.8633333444595337,
          0.5046340823173523,
          -2.2058255666479454e-08
        ]
      ],
      "width": 0.07264497131109238,
      "height": 0.019999999552965164,
      "depth": 0.019999999552965164,
      "object_id": -1,
      "frame": "RealSense D455 aligned color camera frame",
      "rank": 8,
      "distance_to_object_center": 0.04158703642595498
    },
    {
      "score": 0.224630668759346,
      "translation_camera": [
        0.022789165377616882,
        -0.15829600393772125,
        0.43000003695487976
      ],
      "rotation_matrix_camera": [
        [
          0.32332366704940796,
          -0.5531456470489502,
          -0.7677836418151855
        ],
        [
          -0.38744980096817017,
          0.6628532409667969,
          -0.6407091617584229
        ],
        [
          0.8633333444595337,
          0.5046340823173523,
          -2.2058255666479454e-08
        ]
      ],
      "width": 0.07276678085327148,
      "height": 0.019999999552965164,
      "depth": 0.019999999552965164,
      "object_id": -1,
      "frame": "RealSense D455 aligned color camera frame",
      "rank": 9,
      "distance_to_object_center": 0.03882965219484963
    },
    {
      "score": 0.2221110761165619,
      "translation_camera": [
        0.047070931643247604,
        -0.07144664227962494,
        0.4180000126361847
      ],
      "rotation_matrix_camera": [
        [
          -0.10681723058223724,
          0.00249303737655282,
          -0.9942755699157715
        ],
        [
          -0.9940048456192017,
          0.023199768736958504,
          0.10684632509946823
        ],
        [
          0.023333333432674408,
          0.9997277855873108,
          -4.3699490248627626e-08
        ]
      ],
      "width": 0.062114957720041275,
      "height": 0.019999999552965164,
      "depth": 0.019999999552965164,
      "object_id": -1,
      "frame": "RealSense D455 aligned color camera frame",
      "rank": 10,
      "distance_to_object_center": 0.052544049250745614
    },
    {
      "score": 0.21760505437850952,
      "translation_camera": [
        0.0383177325129509,
        -0.17532950639724731,
        0.44200003147125244
      ],
      "rotation_matrix_camera": [
        [
          0.05689249932765961,
          0.9917080998420715,
          -0.11523126810789108
        ],
        [
          -0.43903547525405884,
          0.12851069867610931,
          0.8892316222190857
        ],
        [
          0.8966667056083679,
          0.0,
          0.44270631670951843
        ]
      ],
      "width": 0.08120167255401611,
      "height": 0.019999999552965164,
      "depth": 0.009999999776482582,
      "object_id": -1,
      "frame": "RealSense D455 aligned color camera frame",
      "rank": 11,
      "distance_to_object_center": 0.058137638655967855
    },
    {
      "score": 0.2173376977443695,
      "translation_camera": [
        0.004876749590039253,
        -0.10193655639886856,
        0.4230000376701355
      ],
      "rotation_matrix_camera": [
        [
          -0.22638584673404694,
          0.8128176331520081,
          -0.5367280840873718
        ],
        [
          -0.14400814473628998,
          0.5170480608940125,
          0.843755304813385
        ],
        [
          0.9633333683013916,
          0.26830747723579407,
          -1.1728092275120616e-08
        ]
      ],
      "width": 0.06748948991298676,
      "height": 0.019999999552965164,
      "depth": 0.019999999552965164,
      "object_id": -1,
      "frame": "RealSense D455 aligned color camera frame",
      "rank": 12,
      "distance_to_object_center": 0.033138030761125266
    },
    {
      "score": 0.20138928294181824,
      "translation_camera": [
        0.022789165377616882,
        -0.16164331138134003,
        0.43000003695487976
      ],
      "rotation_matrix_camera": [
        [
          0.32332366704940796,
          -0.5531456470489502,
          -0.7677836418151855
        ],
        [
          -0.38744980096817017,
          0.6628532409667969,
          -0.6407091617584229
        ],
        [
          0.8633333444595337,
          0.5046340823173523,
          -2.2058255666479454e-08
        ]
      ],
      "width": 0.07367030531167984,
      "height": 0.019999999552965164,
      "depth": 0.019999999552965164,
      "object_id": -1,
      "frame": "RealSense D455 aligned color camera frame",
      "rank": 13,
      "distance_to_object_center": 0.042011622573180106
    },
    {
      "score": 0.19911469519138336,
      "translation_camera": [
        0.03488098084926605,
        -0.17532950639724731,
        0.44200003147125244
      ],
      "rotation_matrix_camera": [
        [
          0.05689249932765961,
          0.9917080998420715,
          -0.11523126810789108
        ],
        [
          -0.43903547525405884,
          0.12851069867610931,
          0.8892316222190857
        ],
        [
          0.8966667056083679,
          0.0,
          0.44270631670951843
        ]
      ],
      "width": 0.07903280109167099,
      "height": 0.019999999552965164,
      "depth": 0.009999999776482582,
      "object_id": -1,
      "frame": "RealSense D455 aligned color camera frame",
      "rank": 14,
      "distance_to_object_center": 0.057836322725319286
    },
    {
      "score": 0.19743449985980988,
      "translation_camera": [
        0.04465946927666664,
        -0.15792886912822723,
        0.42600002884864807
      ],
      "rotation_matrix_camera": [
        [
          -0.9794528484344482,
          -0.049033984541893005,
          -0.19562169909477234
        ],
        [
          -0.19537703692913055,
          -0.00978104304522276,
          0.980679452419281
        ],
        [
          -0.05000000447034836,
          0.9987492561340332,
          -4.365671557593487e-08
        ]
      ],
      "width": 0.0582740418612957,
      "height": 0.019999999552965164,
      "depth": 0.029999999329447746,
      "object_id": -1,
      "frame": "RealSense D455 aligned color camera frame",
      "rank": 15,
      "distance_to_object_center": 0.03900657061065642
    },
    {
      "score": 0.19586770236492157,
      "translation_camera": [
        0.04245124012231827,
        -0.15682348608970642,
        0.42600002884864807
      ],
      "rotation_matrix_camera": [
        [
          -0.9794528484344482,
          -0.049033984541893005,
          -0.19562169909477234
        ],
        [
          -0.19537703692913055,
          -0.00978104304522276,
          0.980679452419281
        ],
        [
          -0.05000000447034836,
          0.9987492561340332,
          -4.365671557593487e-08
        ]
      ],
      "width": 0.058540817350149155,
      "height": 0.019999999552965164,
      "depth": 0.029999999329447746,
      "object_id": -1,
      "frame": "RealSense D455 aligned color camera frame",
      "rank": 16,
      "distance_to_object_center": 0.03727097185288413
    },
    {
      "score": 0.19456101953983307,
      "translation_camera": [
        0.03839191421866417,
        -0.16275906562805176,
        0.43000003695487976
      ],
      "rotation_matrix_camera": [
        [
          -0.9794528484344482,
          -0.049033984541893005,
          -0.19562169909477234
        ],
        [
          -0.19537703692913055,
          -0.00978104304522276,
          0.980679452419281
        ],
        [
          -0.05000000447034836,
          0.9987492561340332,
          -4.365671557593487e-08
        ]
      ],
      "width": 0.04617578536272049,
      "height": 0.019999999552965164,
      "depth": 0.019999999552965164,
      "object_id": -1,
      "frame": "RealSense D455 aligned color camera frame",
      "rank": 17,
      "distance_to_object_center": 0.04274154932916313
    },
    {
      "score": 0.19423800706863403,
      "translation_camera": [
        0.04144418239593506,
        -0.1594075709581375,
        0.4270000159740448
      ],
      "rotation_matrix_camera": [
        [
          -0.9794528484344482,
          -0.049033984541893005,
          -0.19562169909477234
        ],
        [
          -0.19537703692913055,
          -0.00978104304522276,
          0.980679452419281
        ],
        [
          -0.05000000447034836,
          0.9987492561340332,
          -4.365671557593487e-08
        ]
      ],
      "width": 0.055614639073610306,
      "height": 0.019999999552965164,
      "depth": 0.029999999329447746,
      "object_id": -1,
      "frame": "RealSense D455 aligned color camera frame",
      "rank": 18,
      "distance_to_object_center": 0.03959940715576647
    },
    {
      "score": 0.19371269643306732,
      "translation_camera": [
        0.03941452130675316,
        -0.16126738488674164,
        0.42900002002716064
      ],
      "rotation_matrix_camera": [
        [
          -0.9794528484344482,
          -0.049033984541893005,
          -0.19562169909477234
        ],
        [
          -0.19537703692913055,
          -0.00978104304522276,
          0.980679452419281
        ],
        [
          -0.05000000447034836,
          0.9987492561340332,
          -4.365671557593487e-08
        ]
      ],
      "width": 0.04942304641008377,
      "height": 0.019999999552965164,
      "depth": 0.019999999552965164,
      "object_id": -1,
      "frame": "RealSense D455 aligned color camera frame",
      "rank": 19,
      "distance_to_object_center": 0.04128219733836902
    },
    {
      "score": 0.19285991787910461,
      "translation_camera": [
        0.00926210731267929,
        -0.12498621642589569,
        0.4230000376701355
      ],
      "rotation_matrix_camera": [
        [
          -0.1557886302471161,
          0.9057342410087585,
          0.39417678117752075
        ],
        [
          -0.33291125297546387,
          -0.4238460063934326,
          0.8423328399658203
        ],
        [
          0.9300000071525574,
          0.0,
          0.3675594925880432
        ]
      ],
      "width": 0.08423475176095963,
      "height": 0.019999999552965164,
      "depth": 0.03999999910593033,
      "object_id": -1,
      "frame": "RealSense D455 aligned color camera frame",
      "rank": 20,
      "distance_to_object_center": 0.0226063225881693
    },
    {
      "score": 0.1915217787027359,
      "translation_camera": [
        0.038481198251247406,
        -0.16425593197345734,
        0.4310000240802765
      ],
      "rotation_matrix_camera": [
        [
          -0.9794528484344482,
          -0.049033984541893005,
          -0.19562169909477234
        ],
        [
          -0.19537703692913055,
          -0.00978104304522276,
          0.980679452419281
        ],
        [
          -0.05000000447034836,
          0.9987492561340332,
          -4.365671557593487e-08
        ]
      ],
      "width": 0.043801188468933105,
      "height": 0.019999999552965164,
      "depth": 0.029999999329447746,
      "object_id": -1,
      "frame": "RealSense D455 aligned color camera frame",
      "rank": 21,
      "distance_to_object_center": 0.044415070882936065
    },
    {
      "score": 0.19140800833702087,
      "translation_camera": [
        0.008107854053378105,
        -0.09576450288295746,
        0.42000001668930054
      ],
      "rotation_matrix_camera": [
        [
          -0.22638584673404694,
          0.8128176331520081,
          -0.5367280840873718
        ],
        [
          -0.14400814473628998,
          0.5170480608940125,
          0.843755304813385
        ],
        [
          0.9633333683013916,
          0.26830747723579407,
          -1.1728092275120616e-08
        ]
      ],
      "width": 0.07033542543649673,
      "height": 0.019999999552965164,
      "depth": 0.029999999329447746,
      "object_id": -1,
      "frame": "RealSense D455 aligned color camera frame",
      "rank": 22,
      "distance_to_object_center": 0.03483639881218421
    },
    {
      "score": 0.19128723442554474,
      "translation_camera": [
        0.04345310851931572,
        -0.15535254776477814,
        0.42500001192092896
      ],
      "rotation_matrix_camera": [
        [
          -0.9794528484344482,
          -0.049033984541893005,
          -0.19562169909477234
        ],
        [
          -0.19537703692913055,
          -0.00978104304522276,
          0.980679452419281
        ],
        [
          -0.05000000447034836,
          0.9987492561340332,
          -4.365671557593487e-08
        ]
      ],
      "width": 0.06148039922118187,
      "height": 0.019999999552965164,
      "depth": 0.029999999329447746,
      "object_id": -1,
      "frame": "RealSense D455 aligned color camera frame",
      "rank": 23,
      "distance_to_object_center": 0.03607522575871258
    },
    {
      "score": 0.1909307837486267,
      "translation_camera": [
        0.03928475081920624,
        -0.17339445650577545,
        0.4400000274181366
      ],
      "rotation_matrix_camera": [
        [
          0.05689249932765961,
          0.9917080998420715,
          -0.11523126810789108
        ],
        [
          -0.43903547525405884,
          0.12851069867610931,
          0.8892316222190857
        ],
        [
          0.8966667056083679,
          0.0,
          0.44270631670951843
        ]
      ],
      "width": 0.08166076987981796,
      "height": 0.019999999552965164,
      "depth": 0.009999999776482582,
      "object_id": -1,
      "frame": "RealSense D455 aligned color camera frame",
      "rank": 24,
      "distance_to_object_center": 0.05576442595457676
    },
    {
      "score": 0.19076290726661682,
      "translation_camera": [
        0.03812406212091446,
        -0.1594075709581375,
        0.4270000159740448
      ],
      "rotation_matrix_camera": [
        [
          -0.9794528484344482,
          -0.049033984541893005,
          -0.19562169909477234
        ],
        [
          -0.19537703692913055,
          -0.00978104304522276,
          0.980679452419281
        ],
        [
          -0.05000000447034836,
          0.9987492561340332,
          -4.365671557593487e-08
        ]
      ],
      "width": 0.05528363212943077,
      "height": 0.019999999552965164,
      "depth": 0.029999999329447746,
      "object_id": -1,
      "frame": "RealSense D455 aligned color camera frame",
      "rank": 25,
      "distance_to_object_center": 0.03889995553211688
    },
    {
      "score": 0.19031403958797455,
      "translation_camera": [
        0.04163829982280731,
        -0.16126738488674164,
        0.42900002002716064
      ],
      "rotation_matrix_camera": [
        [
          -0.9794528484344482,
          -0.049033984541893005,
          -0.19562169909477234
        ],
        [
          -0.19537703692913055,
          -0.00978104304522276,
          0.980679452419281
        ],
        [
          -0.05000000447034836,
          0.9987492561340332,
          -4.365671557593487e-08
        ]
      ],
      "width": 0.05006442591547966,
      "height": 0.019999999552965164,
      "depth": 0.019999999552965164,
      "object_id": -1,
      "frame": "RealSense D455 aligned color camera frame",
      "rank": 26,
      "distance_to_object_center": 0.0417647810443764
    },
    {
      "score": 0.1886509209871292,
      "translation_camera": [
        0.04033747687935829,
        -0.15719160437583923,
        0.4270000159740448
      ],
      "rotation_matrix_camera": [
        [
          -0.9794528484344482,
          -0.049033984541893005,
          -0.19562169909477234
        ],
        [
          -0.19537703692913055,
          -0.00978104304522276,
          0.980679452419281
        ],
        [
          -0.05000000447034836,
          0.9987492561340332,
          -4.365671557593487e-08
        ]
      ],
      "width": 0.056868020445108414,
      "height": 0.019999999552965164,
      "depth": 0.029999999329447746,
      "object_id": -1,
      "frame": "RealSense D455 aligned color camera frame",
      "rank": 27,
      "distance_to_object_center": 0.03720846547029831
    },
    {
      "score": 0.18858371675014496,
      "translation_camera": [
        0.04173536226153374,
        -0.16275906562805176,
        0.43000003695487976
      ],
      "rotation_matrix_camera": [
        [
          -0.9794528484344482,
          -0.049033984541893005,
          -0.19562169909477234
        ],
        [
          -0.19537703692913055,
          -0.00978104304522276,
          0.980679452419281
        ],
        [
          -0.05000000447034836,
          0.9987492561340332,
          -4.365671557593487e-08
        ]
      ],
      "width": 0.04704872891306877,
      "height": 0.019999999552965164,
      "depth": 0.019999999552965164,
      "object_id": -1,
      "frame": "RealSense D455 aligned color camera frame",
      "rank": 28,
      "distance_to_object_center": 0.04340508522227876
    },
    {
      "score": 0.18793179094791412,
      "translation_camera": [
        0.05128147825598717,
        -0.06802961975336075,
        0.41700002551078796
      ],
      "rotation_matrix_camera": [
        [
          -0.10681723058223724,
          0.00249303737655282,
          -0.9942755699157715
        ],
        [
          -0.9940048456192017,
          0.023199768736958504,
          0.10684632509946823
        ],
        [
          0.023333333432674408,
          0.9997277855873108,
          -4.3699490248627626e-08
        ]
      ],
      "width": 0.048150889575481415,
      "height": 0.019999999552965164,
      "depth": 0.019999999552965164,
      "object_id": -1,
      "frame": "RealSense D455 aligned color camera frame",
      "rank": 29,
      "distance_to_object_center": 0.05718963970605987
    },
    {
      "score": 0.18425288796424866,
      "translation_camera": [
        0.040243010967969894,
        -0.15571808815002441,
        0.42600002884864807
      ],
      "rotation_matrix_camera": [
        [
          -0.9794528484344482,
          -0.049033984541893005,
          -0.19562169909477234
        ],
        [
          -0.19537703692913055,
          -0.00978104304522276,
          0.980679452419281
        ],
        [
          -0.05000000447034836,
          0.9987492561340332,
          -4.365671557593487e-08
        ]
      ],
      "width": 0.05868402123451233,
      "height": 0.019999999552965164,
      "depth": 0.029999999329447746,
      "object_id": -1,
      "frame": "RealSense D455 aligned color camera frame",
      "rank": 30,
      "distance_to_object_center": 0.03562209162600951
    },
    {
      "score": 0.18277516961097717,
      "translation_camera": [
        0.03812406212091446,
        -0.15719160437583923,
        0.4270000159740448
      ],
      "rotation_matrix_camera": [
        [
          -0.9794528484344482,
          -0.049033984541893005,
          -0.19562169909477234
        ],
        [
          -0.19537703692913055,
          -0.00978104304522276,
          0.980679452419281
        ],
        [
          -0.05000000447034836,
          0.9987492561340332,
          -4.365671557593487e-08
        ]
      ],
      "width": 0.055594902485609055,
      "height": 0.019999999552965164,
      "depth": 0.019999999552965164,
      "object_id": -1,
      "frame": "RealSense D455 aligned color camera frame",
      "rank": 31,
      "distance_to_object_center": 0.03674663443977814
    },
    {
      "score": 0.1817173957824707,
      "translation_camera": [
        0.04565615579485893,
        -0.15535254776477814,
        0.42500001192092896
      ],
      "rotation_matrix_camera": [
        [
          -0.9794528484344482,
          -0.049033984541893005,
          -0.19562169909477234
        ],
        [
          -0.19537703692913055,
          -0.00978104304522276,
          0.980679452419281
        ],
        [
          -0.05000000447034836,
          0.9987492561340332,
          -4.365671557593487e-08
        ]
      ],
      "width": 0.0607304610311985,
      "height": 0.019999999552965164,
      "depth": 0.029999999329447746,
      "object_id": -1,
      "frame": "RealSense D455 aligned color camera frame",
      "rank": 32,
      "distance_to_object_center": 0.036862910048397785
    },
    {
      "score": 0.1810559332370758,
      "translation_camera": [
        0.046867698431015015,
        -0.15792886912822723,
        0.42600002884864807
      ],
      "rotation_matrix_camera": [
        [
          -0.9794528484344482,
          -0.049033984541893005,
          -0.19562169909477234
        ],
        [
          -0.19537703692913055,
          -0.00978104304522276,
          0.980679452419281
        ],
        [
          -0.05000000447034836,
          0.9987492561340332,
          -4.365671557593487e-08
        ]
      ],
      "width": 0.05882232263684273,
      "height": 0.019999999552965164,
      "depth": 0.029999999329447746,
      "object_id": -1,
      "frame": "RealSense D455 aligned color camera frame",
      "rank": 33,
      "distance_to_object_center": 0.039805014696904575
    },
    {
      "score": 0.1804676055908203,
      "translation_camera": [
        0.0401485413312912,
        -0.15424975752830505,
        0.42500001192092896
      ],
      "rotation_matrix_camera": [
        [
          -0.9794528484344482,
          -0.049033984541893005,
          -0.19562169909477234
        ],
        [
          -0.19537703692913055,
          -0.00978104304522276,
          0.980679452419281
        ],
        [
          -0.05000000447034836,
          0.9987492561340332,
          -4.365671557593487e-08
        ]
      ],
      "width": 0.06221767142415047,
      "height": 0.019999999552965164,
      "depth": 0.029999999329447746,
      "object_id": -1,
      "frame": "RealSense D455 aligned color camera frame",
      "rank": 34,
      "distance_to_object_center": 0.03406018305356515
    },
    {
      "score": 0.17958132922649384,
      "translation_camera": [
        0.03803478181362152,
        -0.15571808815002441,
        0.42600002884864807
      ],
      "rotation_matrix_camera": [
        [
          -0.9794528484344482,
          -0.049033984541893005,
          -0.19562169909477234
        ],
        [
          -0.19537703692913055,
          -0.00978104304522276,
          0.980679452419281
        ],
        [
          -0.05000000447034836,
          0.9987492561340332,
          -4.365671557593487e-08
        ]
      ],
      "width": 0.05944191291928291,
      "height": 0.019999999552965164,
      "depth": 0.029999999329447746,
      "object_id": -1,
      "frame": "RealSense D455 aligned color camera frame",
      "rank": 35,
      "distance_to_object_center": 0.03514632873550006
    },
    {
      "score": 0.17898662388324738,
      "translation_camera": [
        0.03258981183171272,
        -0.17532950639724731,
        0.44200003147125244
      ],
      "rotation_matrix_camera": [
        [
          0.05689249932765961,
          0.9917080998420715,
          -0.11523126810789108
        ],
        [
          -0.43903547525405884,
          0.12851069867610931,
          0.8892316222190857
        ],
        [
          0.8966667056083679,
          0.0,
          0.44270631670951843
        ]
      ],
      "width": 0.07651299983263016,
      "height": 0.019999999552965164,
      "depth": 0.009999999776482582,
      "object_id": -1,
      "frame": "RealSense D455 aligned color camera frame",
      "rank": 36,
      "distance_to_object_center": 0.05774831004821283
    },
    {
      "score": 0.17825424671173096,
      "translation_camera": [
        0.02391267754137516,
        -0.11397524178028107,
        0.41100001335144043
      ],
      "rotation_matrix_camera": [
        [
          -0.1557886302471161,
          0.39417675137519836,
          -0.9057342410087585
        ],
        [
          -0.33291125297546387,
          0.8423328399658203,
          0.42384597659111023
        ],
        [
          0.9300000071525574,
          0.3675594925880432,
          -1.6066536545622512e-08
        ]
      ],
      "width": 0.07676443457603455,
      "height": 0.019999999552965164,
      "depth": 0.019999999552965164,
      "object_id": -1,
      "frame": "RealSense D455 aligned color camera frame",
      "rank": 37,
      "distance_to_object_center": 0.014666664158196152
    },
    {
      "score": 0.17788684368133545,
      "translation_camera": [
        0.0359947495162487,
        -0.15755973756313324,
        0.4280000329017639
      ],
      "rotation_matrix_camera": [
        [
          -0.9794528484344482,
          -0.049033984541893005,
          -0.19562169909477234
        ],
        [
          -0.19537703692913055,
          -0.00978104304522276,
          0.980679452419281
        ],
        [
          -0.05000000447034836,
          0.9987492561340332,
          -4.365671557593487e-08
        ]
      ],
      "width": 0.05491010472178459,
      "height": 0.019999999552965164,
      "depth": 0.019999999552965164,
      "object_id": -1,
      "frame": "RealSense D455 aligned color camera frame",
      "rank": 38,
      "distance_to_object_center": 0.03696059900031059
    },
    {
      "score": 0.17720362544059753,
      "translation_camera": [
        0.019445719197392464,
        -0.1382122039794922,
        0.43000003695487976
      ],
      "rotation_matrix_camera": [
        [
          -0.01589503511786461,
          0.9961710572242737,
          0.08596863597631454
        ],
        [
          -0.18111571669578552,
          -0.08742573112249374,
          0.9795682430267334
        ],
        [
          0.9833333492279053,
          0.0,
          0.1818118691444397
        ]
      ],
      "width": 0.06751179695129395,
      "height": 0.019999999552965164,
      "depth": 0.009999999776482582,
      "object_id": -1,
      "frame": "RealSense D455 aligned color camera frame",
      "rank": 39,
      "distance_to_object_center": 0.022460043846512706
    },
    {
      "score": 0.17575153708457947,
      "translation_camera": [
        0.048422254621982574,
        -0.16387483477592468,
        0.43000003695487976
      ],
      "rotation_matrix_camera": [
        [
          -0.9794528484344482,
          -0.049033984541893005,
          -0.19562169909477234
        ],
        [
          -0.19537703692913055,
          -0.00978104304522276,
          0.980679452419281
        ],
        [
          -0.05000000447034836,
          0.9987492561340332,
          -4.365671557593487e-08
        ]
      ],
      "width": 0.053963687270879745,
      "height": 0.019999999552965164,
      "depth": 0.029999999329447746,
      "object_id": -1,
      "frame": "RealSense D455 aligned color camera frame",
      "rank": 40,
      "distance_to_object_center": 0.04646084795810737
    },
    {
      "score": 0.17562000453472137,
      "translation_camera": [
        0.03700394928455353,
        -0.17339445650577545,
        0.4400000274181366
      ],
      "rotation_matrix_camera": [
        [
          0.05689249932765961,
          0.9917080998420715,
          -0.11523126810789108
        ],
        [
          -0.43903547525405884,
          0.12851069867610931,
          0.8892316222190857
        ],
        [
          0.8966667056083679,
          0.0,
          0.44270631670951843
        ]
      ],
      "width": 0.08046814799308777,
      "height": 0.019999999552965164,
      "depth": 0.009999999776482582,
      "object_id": -1,
      "frame": "RealSense D455 aligned color camera frame",
      "rank": 41,
      "distance_to_object_center": 0.055492633965931945
    },
    {
      "score": 0.17542144656181335,
      "translation_camera": [
        0.021835200488567352,
        -0.11318349838256836,
        0.41200003027915955
      ],
      "rotation_matrix_camera": [
        [
          -0.1557886302471161,
          0.39417675137519836,
          -0.9057342410087585
        ],
        [
          -0.33291125297546387,
          0.8423328399658203,
          0.42384597659111023
        ],
        [
          0.9300000071525574,
          0.3675594925880432,
          -1.6066536545622512e-08
        ]
      ],
      "width": 0.07727470993995667,
      "height": 0.019999999552965164,
      "depth": 0.019999999552965164,
      "object_id": -1,
      "frame": "RealSense D455 aligned color camera frame",
      "rank": 42,
      "distance_to_object_center": 0.015640645608617505
    },
    {
      "score": 0.17330902814865112,
      "translation_camera": [
        0.04819703474640846,
        -0.1620020568370819,
        0.4280000329017639
      ],
      "rotation_matrix_camera": [
        [
          -0.9794528484344482,
          -0.049033984541893005,
          -0.19562169909477234
        ],
        [
          -0.19537703692913055,
          -0.00978104304522276,
          0.980679452419281
        ],
        [
          -0.05000000447034836,
          0.9987492561340332,
          -4.365671557593487e-08
        ]
      ],
      "width": 0.05587782710790634,
      "height": 0.019999999552965164,
      "depth": 0.029999999329447746,
      "object_id": -1,
      "frame": "RealSense D455 aligned color camera frame",
      "rank": 43,
      "distance_to_object_center": 0.04431710893134888
    },
    {
      "score": 0.17294883728027344,
      "translation_camera": [
        0.022847438231110573,
        -0.11610817164182663,
        0.41100001335144043
      ],
      "rotation_matrix_camera": [
        [
          -0.1557886302471161,
          0.39417675137519836,
          -0.9057342410087585
        ],
        [
          -0.33291125297546387,
          0.8423328399658203,
          0.42384597659111023
        ],
        [
          0.9300000071525574,
          0.3675594925880432,
          -1.6066536545622512e-08
        ]
      ],
      "width": 0.0773029774427414,
      "height": 0.019999999552965164,
      "depth": 0.019999999552965164,
      "object_id": -1,
      "frame": "RealSense D455 aligned color camera frame",
      "rank": 44,
      "distance_to_object_center": 0.01430729264697218
    },
    {
      "score": 0.17202399671077728,
      "translation_camera": [
        0.027108389884233475,
        -0.10331059247255325,
        0.41100001335144043
      ],
      "rotation_matrix_camera": [
        [
          -0.4467552900314331,
          -0.1930502951145172,
          -0.8735795617103577
        ],
        [
          -0.8019134998321533,
          -0.3465198576450348,
          0.4866813123226166
        ],
        [
          -0.39666667580604553,
          0.9179626703262329,
          -4.0125421207903855e-08
        ]
      ],
      "width": 0.06057872623205185,
      "height": 0.019999999552965164,
      "depth": 0.019999999552965164,
      "object_id": -1,
      "frame": "RealSense D455 aligned color camera frame",
      "rank": 45,
      "distance_to_object_center": 0.021258783752756163
    },
    {
      "score": 0.17184126377105713,
      "translation_camera": [
        0.020817777141928673,
        -0.1209597960114479,
        0.4130000174045563
      ],
      "rotation_matrix_camera": [
        [
          -0.1557886302471161,
          0.39417675137519836,
          -0.9057342410087585
        ],
        [
          -0.33291125297546387,
          0.8423328399658203,
          0.42384597659111023
        ],
        [
          0.9300000071525574,
          0.3675594925880432,
          -1.6066536545622512e-08
        ]
      ],
      "width": 0.07349319756031036,
      "height": 0.019999999552965164,
      "depth": 0.019999999552965164,
      "object_id": -1,
      "frame": "RealSense D455 aligned color camera frame",
      "rank": 46,
      "distance_to_object_center": 0.013370933487977967
    },
    {
      "score": 0.17014004290103912,
      "translation_camera": [
        0.02923886477947235,
        -0.10224412381649017,
        0.41100001335144043
      ],
      "rotation_matrix_camera": [
        [
          -0.4467552900314331,
          -0.1930502951145172,
          -0.8735795617103577
        ],
        [
          -0.8019134998321533,
          -0.3465198576450348,
          0.4866813123226166
        ],
        [
          -0.39666667580604553,
          0.9179626703262329,
          -4.0125421207903855e-08
        ]
      ],
      "width": 0.05985133722424507,
      "height": 0.019999999552965164,
      "depth": 0.019999999552965164,
      "object_id": -1,
      "frame": "RealSense D455 aligned color camera frame",
      "rank": 47,
      "distance_to_object_center": 0.021856996291967894
    },
    {
      "score": 0.17011094093322754,
      "translation_camera": [
        0.03785621374845505,
        -0.15278662741184235,
        0.4240000247955322
      ],
      "rotation_matrix_camera": [
        [
          -0.9794528484344482,
