{
  "success": true,
  "method": "graspnet_baseline_d455",
  "num_candidates": 163,
  "object_center_camera": [
    -0.05764927282415706,
    -0.03622329886542057,
    0.4410000145435333
  ],
  "candidates": [
    {
      "score": 0.3576332628726959,
      "translation_camera": [
        -0.05764927342534065,
        -0.039813846349716187,
        0.4400000274181366
      ],
      "rotation_matrix_camera": [
        [
          0.05689249932765961,
          0.9917080998420715,
          -0.11523126810789108
        ],
        [
          -0.43903547525405884,
          0.12851069867610931,
          0.8892316222190857
        ],
        [
          0.8966667056083679,
          0.0,
          0.44270631670951843
        ]
      ],
      "width": 0.07765953242778778,
      "height": 0.019999999552965164,
      "depth": 0.009999999776482582,
      "object_id": -1,
      "frame": "RealSense D455 aligned color camera frame",
      "rank": 0,
      "distance_to_object_center": 0.0037271980746857495
    },
    {
      "score": 0.3498190939426422,
      "translation_camera": [
        -0.059793870896101,
        -0.0499754399061203,
        0.43900004029273987
      ],
      "rotation_matrix_camera": [
        [
          0.4980229139328003,
          -0.6140506863594055,
          -0.6123030185699463
        ],
        [
          -0.3856969475746155,
          0.47555533051490784,
          -0.790623128414154
        ],
        [
          0.7766667008399963,
          0.6299118399620056,
          -2.7534321489497415e-08
        ]
      ],
      "width": 0.0711141973733902,
      "height": 0.019999999552965164,
      "depth": 0.029999999329447746,
      "object_id": -1,
      "frame": "RealSense D455 aligned color camera frame",
      "rank": 1,
      "distance_to_object_center": 0.0140613150557592
    },
    {
      "score": 0.33320826292037964,
      "translation_camera": [
        -0.0565088726580143,
        -0.052372705191373825,
        0.4400000274181366
      ],
      "rotation_matrix_camera": [
        [
          0.4980229139328003,
          -0.6140506863594055,
          -0.6123030185699463
        ],
        [
          -0.3856969475746155,
          0.47555533051490784,
          -0.790623128414154
        ],
        [
          0.7766667008399963,
          0.6299118399620056,
          -2.7534321489497415e-08
        ]
      ],
      "width": 0.06862719357013702,
      "height": 0.019999999552965164,
      "depth": 0.019999999552965164,
      "object_id": -1,
      "frame": "RealSense D455 aligned color camera frame",
      "rank": 2,
      "distance_to_object_center": 0.01622047506920302
    },
    {
      "score": 0.30658093094825745,
      "translation_camera": [
        -0.05422807112336159,
        -0.052372705191373825,
        0.4400000274181366
      ],
      "rotation_matrix_camera": [
        [
          0.4980229139328003,
          -0.6140506863594055,
          -0.6123030185699463
        ],
        [
          -0.3856969475746155,
          0.47555533051490784,
          -0.790623128414154
        ],
        [
          0.7766667008399963,
          0.6299118399620056,
          -2.7534321489497415e-08
        ]
      ],
      "width": 0.06691795587539673,
      "height": 0.019999999552965164,
      "depth": 0.019999999552965164,
      "object_id": -1,
      "frame": "RealSense D455 aligned color camera frame",
      "rank": 3,
      "distance_to_object_center": 0.016538074858012466
    },
    {
      "score": 0.3056209087371826,
      "translation_camera": [
        -0.05308767035603523,
        -0.05123099312186241,
        0.4400000274181366
      ],
      "rotation_matrix_camera": [
        [
          0.4980229139328003,
          -0.6140506863594055,
          -0.6123030185699463
        ],
        [
          -0.3856969475746155,
          0.47555533051490784,
          -0.790623128414154
        ],
        [
          0.7766667008399963,
          0.6299118399620056,
          -2.7534321489497415e-08
        ]
      ],
      "width": 0.06824958324432373,
      "height": 0.019999999552965164,
      "depth": 0.019999999552965164,
      "object_id": -1,
      "frame": "RealSense D455 aligned color camera frame",
      "rank": 4,
      "distance_to_object_center": 0.015717476840223808
    },
    {
      "score": 0.2972013056278229,
      "translation_camera": [
        -0.05865606293082237,
        -0.04200160130858421,
        0.43900004029273987
      ],
      "rotation_matrix_camera": [
        [
          0.05689249932765961,
          0.9917080998420715,
          -0.11523126810789108
        ],
        [
          -0.43903547525405884,
          0.12851069867610931,
          0.8892316222190857
        ],
        [
          0.8966667056083679,
          0.0,
          0.44270631670951843
        ]
      ],
      "width": 0.07349716126918793,
      "height": 0.019999999552965164,
      "depth": 0.009999999776482582,
      "object_id": -1,
      "frame": "RealSense D455 aligned color camera frame",
      "rank": 5,
      "distance_to_object_center": 0.006196959129071849
    },
    {
      "score": 0.2575506567955017,
      "translation_camera": [
        -0.06503541767597198,
        -0.07226062566041946,
        0.4360000193119049
      ],
      "rotation_matrix_camera": [
        [
          0.4980229139328003,
          0.6123030185699463,
          -0.6140506863594055
        ],
        [
          -0.3856969475746155,
          0.790623128414154,
          0.4755553603172302
        ],
        [
          0.7766667008399963,
          0.0,
          0.6299118399620056
        ]
      ],
      "width": 0.08343860507011414,
      "height": 0.019999999552965164,
      "depth": 0.019999999552965164,
      "object_id": -1,
      "frame": "RealSense D455 aligned color camera frame",
      "rank": 6,
      "distance_to_object_center": 0.037124708896068725
    },
    {
      "score": 0.25468847155570984,
      "translation_camera": [
        -0.06363923847675323,
        0.036847762763500214,
        0.44200003147125244
      ],
      "rotation_matrix_camera": [
        [
          -0.1557886302471161,
          0.9057342410087585,
          0.39417678117752075
        ],
        [
          -0.33291125297546387,
          -0.4238460063934326,
          0.8423328399658203
        ],
        [
          0.9300000071525574,
          0.0,
          0.3675594925880432
        ]
      ],
      "width": 0.08232248574495316,
      "height": 0.019999999552965164,
      "depth": 0.029999999329447746,
      "object_id": -1,
      "frame": "RealSense D455 aligned color camera frame",
      "rank": 7,
      "distance_to_object_center": 0.07332298254948816
    },
    {
      "score": 0.23225007951259613,
      "translation_camera": [
        -0.059793870896101,
        -0.0431407205760479,
        0.43900004029273987
      ],
      "rotation_matrix_camera": [
        [
          0.05689249932765961,
          0.9917080998420715,
          -0.11523126810789108
        ],
        [
          -0.43903547525405884,
          0.12851069867610931,
          0.8892316222190857
        ],
        [
          0.8966667056083679,
          0.0,
          0.44270631670951843
        ]
      ],
      "width": 0.07292389869689941,
      "height": 0.019999999552965164,
      "depth": 0.009999999776482582,
      "object_id": -1,
      "frame": "RealSense D455 aligned color camera frame",
      "rank": 8,
      "distance_to_object_center": 0.007513316246284379
    },
    {
      "score": 0.22453761100769043,
      "translation_camera": [
        -0.06563207507133484,
        0.022980455309152603,
        0.4400000274181366
      ],
      "rotation_matrix_camera": [
        [
          -0.1557886302471161,
          0.9057342410087585,
          0.39417678117752075
        ],
        [
          -0.33291125297546387,
          -0.4238460063934326,
          0.8423328399658203
        ],
        [
          0.9300000071525574,
          0.0,
          0.3675594925880432
        ]
      ],
      "width": 0.08322863280773163,
      "height": 0.019999999552965164,
      "depth": 0.029999999329447746,
      "object_id": -1,
      "frame": "RealSense D455 aligned color camera frame",
      "rank": 9,
      "distance_to_object_center": 0.059747883764463126
    },
    {
      "score": 0.22453370690345764,
      "translation_camera": [
        -0.06692422926425934,
        0.03104284778237343,
        0.4410000145435333
      ],
      "rotation_matrix_camera": [
        [
          -0.1557886302471161,
          0.9057342410087585,
          0.39417678117752075
        ],
        [
          -0.33291125297546387,
          -0.4238460063934326,
          0.8423328399658203
        ],
        [
          0.9300000071525574,
          0.0,
          0.3675594925880432
        ]
      ],
      "width": 0.08083290606737137,
      "height": 0.019999999552965164,
      "depth": 0.029999999329447746,
      "object_id": -1,
      "frame": "RealSense D455 aligned color camera frame",
      "rank": 10,
      "distance_to_object_center": 0.06790257212954692
    },
    {
      "score": 0.22318528592586517,
      "translation_camera": [
        -0.06714113801717758,
        -0.07322363555431366,
        0.4350000321865082
      ],
      "rotation_matrix_camera": [
        [
          0.32332366704940796,
          0.5984574556350708,
          -0.7330145835876465
        ],
        [
          -0.38744980096817017,
          0.7904365658760071,
          0.4744393229484558
        ],
        [
          0.8633333444595337,
          0.1306089162826538,
          0.4874390959739685
        ]
      ],
      "width": 0.0797421932220459,
      "height": 0.019999999552965164,
      "depth": 0.019999999552965164,
      "object_id": -1,
      "frame": "RealSense D455 aligned color camera frame",
      "rank": 11,
      "distance_to_object_center": 0.038666784301497524
    },
    {
      "score": 0.22113890945911407,
      "translation_camera": [
        -0.06478481739759445,
        0.034553952515125275,
        0.44200003147125244
      ],
      "rotation_matrix_camera": [
        [
          -0.1557886302471161,
          0.9057342410087585,
          0.39417678117752075
        ],
        [
          -0.33291125297546387,
          -0.4238460063934326,
          0.8423328399658203
        ],
        [
          0.9300000071525574,
          0.0,
          0.3675594925880432
        ]
      ],
      "width": 0.08242230862379074,
      "height": 0.019999999552965164,
      "depth": 0.029999999329447746,
      "object_id": -1,
      "frame": "RealSense D455 aligned color camera frame",
      "rank": 12,
      "distance_to_object_center": 0.07114306250928627
    },
    {
      "score": 0.22092951834201813,
      "translation_camera": [
        -0.05751825496554375,
        -0.0431407205760479,
        0.43900004029273987
      ],
      "rotation_matrix_camera": [
        [
          0.05689249932765961,
          0.9917080998420715,
          -0.11523126810789108
        ],
        [
          -0.43903547525405884,
          0.12851069867610931,
          0.8892316222190857
        ],
        [
          0.8966667056083679,
          0.0,
          0.44270631670951843
        ]
      ],
      "width": 0.07756330817937851,
      "height": 0.019999999552965164,
      "depth": 0.009999999776482582,
      "object_id": -1,
      "frame": "RealSense D455 aligned color camera frame",
      "rank": 13,
      "distance_to_object_center": 0.007201929311356143
    },
    {
      "score": 0.2177068591117859,
      "translation_camera": [
        -0.06593040376901627,
        0.032260145992040634,
        0.44200003147125244
      ],
      "rotation_matrix_camera": [
        [
          -0.1557886302471161,
          0.9057342410087585,
          0.39417678117752075
        ],
        [
          -0.33291125297546387,
          -0.4238460063934326,
          0.8423328399658203
        ],
        [
          0.9300000071525574,
          0.0,
          0.3675594925880432
        ]
      ],
      "width": 0.08147044479846954,
      "height": 0.019999999552965164,
      "depth": 0.029999999329447746,
      "object_id": -1,
      "frame": "RealSense D455 aligned color camera frame",
      "rank": 14,
      "distance_to_object_center": 0.06898955995747878
    },
    {
      "score": 0.2108834683895111,
      "translation_camera": [
        -0.04782181233167648,
        0.0391121543943882,
        0.45500001311302185
      ],
      "rotation_matrix_camera": [
        [
          0.8544597029685974,
          0.03706137463450432,
          -0.5181940793991089
        ],
        [
          -0.517707347869873,
          -0.022455113008618355,
          -0.8552629947662354
        ],
        [
          -0.04333333298563957,
          0.9990606307983398,
          -4.367032602203835e-08
        ]
      ],
      "width": 0.06526301801204681,
      "height": 0.019999999552965164,
      "depth": 0.019999999552965164,
      "object_id": -1,
      "frame": "RealSense D455 aligned color camera frame",
      "rank": 15,
      "distance_to_object_center": 0.07725289287488062
    },
    {
      "score": 0.2107924073934555,
      "translation_camera": [
        -0.04896721616387367,
        -0.04708835482597351,
        0.4440000355243683
      ],
      "rotation_matrix_camera": [
        [
          0.6540746092796326,
          -0.6235225796699524,
          -0.42825937271118164
        ],
        [
          -0.309978187084198,
          0.2954989969730377,
          -0.9036558270454407
        ],
        [
          0.690000057220459,
          0.7238094210624695,
          -3.1638712982839934e-08
        ]
      ],
      "width": 0.06953860819339752,
      "height": 0.019999999552965164,
      "depth": 0.019999999552965164,
      "object_id": -1,
      "frame": "RealSense D455 aligned color camera frame",
      "rank": 16,
      "distance_to_object_center": 0.01422770799404346
    },
    {
      "score": 0.20909936726093292,
      "translation_camera": [
        -0.06349525600671768,
        0.02303268201649189,
        0.4410000145435333
      ],
      "rotation_matrix_camera": [
        [
          -0.1557886302471161,
          0.9057342410087585,
          0.39417678117752075
        ],
        [
          -0.33291125297546387,
          -0.4238460063934326,
          0.8423328399658203
        ],
        [
          0.9300000071525574,
          0.0,
          0.3675594925880432
        ]
      ],
      "width": 0.08277595788240433,
      "height": 0.019999999552965164,
      "depth": 0.029999999329447746,
      "object_id": -1,
      "frame": "RealSense D455 aligned color camera frame",
      "rank": 17,
      "distance_to_object_center": 0.05954365448684147
    },
    {
      "score": 0.20723161101341248,
      "translation_camera": [
        -0.047816451638936996,
        -0.049392540007829666,
        0.4440000355243683
      ],
      "rotation_matrix_camera": [
        [
          0.6540746092796326,
          -0.6235225796699524,
          -0.42825937271118164
        ],
        [
          -0.309978187084198,
          0.2954989969730377,
          -0.9036558270454407
        ],
        [
          0.690000057220459,
          0.7238094210624695,
          -3.1638712982839934e-08
        ]
      ],
      "width": 0.06749879568815231,
      "height": 0.019999999552965164,
      "depth": 0.019999999552965164,
      "object_id": -1,
      "frame": "RealSense D455 aligned color camera frame",
      "rank": 18,
      "distance_to_object_center": 0.016706687601463162
    },
    {
      "score": 0.203654944896698,
      "translation_camera": [
        -0.06134806573390961,
        0.024231815710663795,
        0.44200003147125244
      ],
      "rotation_matrix_camera": [
        [
          -0.1557886302471161,
          0.9057342410087585,
          0.39417678117752075
        ],
        [
          -0.33291125297546387,
          -0.4238460063934326,
          0.8423328399658203
        ],
        [
          0.9300000071525574,
          0.0,
          0.3675594925880432
        ]
      ],
      "width": 0.08351564407348633,
      "height": 0.019999999552965164,
      "depth": 0.029999999329447746,
      "object_id": -1,
      "frame": "RealSense D455 aligned color camera frame",
      "rank": 19,
      "distance_to_object_center": 0.060576414397457104
    },
    {
      "score": 0.20317670702934265,
      "translation_camera": [
        -0.046745046973228455,
        0.038014885038137436,
        0.45600003004074097
      ],
      "rotation_matrix_camera": [
        [
          0.8544597029685974,
          0.03706137463450432,
          -0.5181940793991089
        ],
        [
          -0.517707347869873,
          -0.022455113008618355,
          -0.8552629947662354
        ],
        [
          -0.04333333298563957,
          0.9990606307983398,
          -4.367032602203835e-08
        ]
      ],
      "width": 0.06521737575531006,
      "height": 0.019999999552965164,
      "depth": 0.019999999552965164,
      "object_id": -1,
      "frame": "RealSense D455 aligned color camera frame",
      "rank": 20,
      "distance_to_object_center": 0.07651934759015544
    },
    {
      "score": 0.20291760563850403,
      "translation_camera": [
        -0.06263503432273865,
        0.03923012316226959,
        0.44300001859664917
      ],
      "rotation_matrix_camera": [
        [
          -0.1557886302471161,
          0.9057342410087585,
          0.39417678117752075
        ],
        [
          -0.33291125297546387,
          -0.4238460063934326,
          0.8423328399658203
        ],
        [
          0.9300000071525574,
          0.0,
          0.3675594925880432
        ]
      ],
      "width": 0.08291848003864288,
      "height": 0.019999999552965164,
      "depth": 0.029999999329447746,
      "object_id": -1,
      "frame": "RealSense D455 aligned color camera frame",
      "rank": 21,
      "distance_to_object_center": 0.07564440977112544
    },
    {
      "score": 0.20076528191566467,
      "translation_camera": [
        -0.0667724758386612,
        0.02183874137699604,
        0.4400000274181366
      ],
      "rotation_matrix_camera": [
        [
          -0.1557886302471161,
          0.9057342410087585,
          0.39417678117752075
        ],
        [
          -0.33291125297546387,
          -0.4238460063934326,
          0.8423328399658203
        ],
        [
          0.9300000071525574,
          0.0,
          0.3675594925880432
        ]
      ],
      "width": 0.08338309824466705,
      "height": 0.019999999552965164,
      "depth": 0.029999999329447746,
      "object_id": -1,
      "frame": "RealSense D455 aligned color camera frame",
      "rank": 22,
      "distance_to_object_center": 0.05878293395711737
    },
    {
      "score": 0.20033863186836243,
      "translation_camera": [
        -0.046745046973228455,
        0.03209872916340828,
        0.45600003004074097
      ],
      "rotation_matrix_camera": [
        [
          0.8544597029685974,
          0.03706137463450432,
          -0.5181940793991089
        ],
        [
          -0.517707347869873,
          -0.022455113008618355,
          -0.8552629947662354
        ],
        [
          -0.04333333298563957,
          0.9990606307983398,
          -4.367032602203835e-08
        ]
      ],
      "width": 0.06542547047138214,
      "height": 0.019999999552965164,
      "depth": 0.019999999552965164,
      "object_id": -1,
      "frame": "RealSense D455 aligned color camera frame",
      "rank": 23,
      "distance_to_object_center": 0.07079408252316434
    },
    {
      "score": 0.19766874611377716,
      "translation_camera": [
        -0.06463824212551117,
        0.02188837341964245,
        0.4410000145435333
      ],
      "rotation_matrix_camera": [
        [
          -0.1557886302471161,
          0.9057342410087585,
          0.39417678117752075
        ],
        [
          -0.33291125297546387,
          -0.4238460063934326,
          0.8423328399658203
        ],
        [
          0.9300000071525574,
          0.0,
          0.3675594925880432
        ]
      ],
      "width": 0.08310529589653015,
      "height": 0.019999999552965164,
      "depth": 0.029999999329447746,
      "object_id": -1,
      "frame": "RealSense D455 aligned color camera frame",
      "rank": 24,
      "distance_to_object_center": 0.05853043778805889
    },
    {
      "score": 0.19551992416381836,
      "translation_camera": [
        -0.06563207507133484,
        0.019555311650037766,
        0.4400000274181366
      ],
      "rotation_matrix_camera": [
        [
          -0.1557886302471161,
          0.9057342410087585,
          0.39417678117752075
        ],
        [
          -0.33291125297546387,
          -0.4238460063934326,
          0.8423328399658203
        ],
        [
          0.9300000071525574,
          0.0,
          0.3675594925880432
        ]
      ],
      "width": 0.08350560069084167,
      "height": 0.019999999552965164,
      "depth": 0.029999999329447746,
      "object_id": -1,
      "frame": "RealSense D455 aligned color camera frame",
      "rank": 25,
      "distance_to_object_center": 0.05635582043590267
    },
    {
      "score": 0.19423863291740417,
      "translation_camera": [
        -0.06463824212551117,
        0.02417699247598648,
        0.4410000145435333
      ],
      "rotation_matrix_camera": [
        [
          -0.1557886302471161,
          0.9057342410087585,
          0.39417678117752075
        ],
        [
          -0.33291125297546387,
          -0.4238460063934326,
          0.8423328399658203
        ],
        [
          0.9300000071525574,
          0.0,
          0.3675594925880432
        ]
      ],
      "width": 0.08269945532083511,
      "height": 0.019999999552965164,
      "depth": 0.029999999329447746,
      "object_id": -1,
      "frame": "RealSense D455 aligned color camera frame",
      "rank": 26,
      "distance_to_object_center": 0.060803296670675036
    },
    {
      "score": 0.19362248480319977,
      "translation_camera": [
        -0.04556317627429962,
        0.036831654608249664,
        0.45600003004074097
      ],
      "rotation_matrix_camera": [
        [
          0.8544597029685974,
          0.03706137463450432,
          -0.5181940793991089
        ],
        [
          -0.517707347869873,
          -0.022455113008618355,
          -0.8552629947662354
        ],
        [
          -0.04333333298563957,
          0.9990606307983398,
          -4.367032602203835e-08
        ]
      ],
      "width": 0.062361955642700195,
      "height": 0.019999999552965164,
      "depth": 0.019999999552965164,
      "object_id": -1,
      "frame": "RealSense D455 aligned color camera frame",
      "rank": 27,
      "distance_to_object_center": 0.07555197166036813
    },
    {
      "score": 0.188970685005188,
      "translation_camera": [
        -0.06277643144130707,
        0.03586240112781525,
        0.4440000355243683
      ],
      "rotation_matrix_camera": [
        [
          -0.1557886302471161,
          0.9057342410087585,
          0.39417678117752075
        ],
        [
          -0.33291125297546387,
          -0.4238460063934326,
          0.8423328399658203
        ],
        [
          0.9300000071525574,
          0.0,
          0.3675594925880432
        ]
      ],
      "width": 0.08163344860076904,
      "height": 0.019999999552965164,
      "depth": 0.029999999329447746,
      "object_id": -1,
      "frame": "RealSense D455 aligned color camera frame",
      "rank": 28,
      "distance_to_object_center": 0.07233004925261467
    },
    {
      "score": 0.1884106695652008,
      "translation_camera": [
        -0.06249365210533142,
        0.025378720834851265,
        0.44200003147125244
      ],
      "rotation_matrix_camera": [
        [
          -0.1557886302471161,
          0.9057342410087585,
          0.39417678117752075
        ],
        [
          -0.33291125297546387,
          -0.4238460063934326,
          0.8423328399658203
        ],
        [
          0.9300000071525574,
          0.0,
          0.3675594925880432
        ]
      ],
      "width": 0.08370094001293182,
      "height": 0.019999999552965164,
      "depth": 0.029999999329447746,
      "object_id": -1,
      "frame": "RealSense D455 aligned color camera frame",
      "rank": 29,
      "distance_to_object_center": 0.06180029834578693
    },
    {
      "score": 0.1865098476409912,
      "translation_camera": [
        -0.06791287660598755,
        0.03553931415081024,
        0.4400000274181366
      ],
      "rotation_matrix_camera": [
        [
          -0.1557886302471161,
          0.9057342410087585,
          0.39417678117752075
        ],
        [
          -0.33291125297546387,
          -0.4238460063934326,
          0.8423328399658203
        ],
        [
          0.9300000071525574,
          0.0,
          0.3675594925880432
        ]
      ],
      "width": 0.08292213082313538,
      "height": 0.019999999552965164,
      "depth": 0.029999999329447746,
      "object_id": -1,
      "frame": "RealSense D455 aligned color camera frame",
      "rank": 30,
      "distance_to_object_center": 0.07249975285308678
    },
    {
      "score": 0.18618479371070862,
      "translation_camera": [
        -0.0623522587120533,
        0.020744064822793007,
        0.4410000145435333
      ],
      "rotation_matrix_camera": [
        [
          -0.1557886302471161,
          0.9057342410087585,
          0.39417678117752075
        ],
        [
          -0.33291125297546387,
          -0.4238460063934326,
          0.8423328399658203
        ],
        [
          0.9300000071525574,
          0.0,
          0.3675594925880432
        ]
      ],
      "width": 0.08292803168296814,
      "height": 0.019999999552965164,
      "depth": 0.029999999329447746,
      "object_id": -1,
      "frame": "RealSense D455 aligned color camera frame",
      "rank": 31,
      "distance_to_object_center": 0.05716116340529596
    },
    {
      "score": 0.1846991330385208,
      "translation_camera": [
        -0.04677078500390053,
        -0.04834909737110138,
        0.445000022649765
      ],
      "rotation_matrix_camera": [
        [
          0.6540746092796326,
          -0.6235225796699524,
          -0.42825937271118164
        ],
        [
          -0.309978187084198,
          0.2954989969730377,
          -0.9036558270454407
        ],
        [
          0.690000057220459,
          0.7238094210624695,
          -3.1638712982839934e-08
        ]
      ],
      "width": 0.06721654534339905,
      "height": 0.019999999552965164,
      "depth": 0.019999999552965164,
      "object_id": -1,
      "frame": "RealSense D455 aligned color camera frame",
      "rank": 32,
      "distance_to_object_center": 0.016774282443841226
    },
    {
      "score": 0.1838274896144867,
      "translation_camera": [
        -0.06868120282888412,
        -0.051281727850437164,
        0.38100001215934753
      ],
      "rotation_matrix_camera": [
        [
          -0.01589503511786461,
          0.9961710572242737,
          0.08596863597631454
        ],
        [
          -0.18111571669578552,
          -0.08742573112249374,
          0.9795682430267334
        ],
        [
          0.9833333492279053,
          0.0,
          0.1818118691444397
        ]
      ],
      "width": 0.05045654624700546,
      "height": 0.019999999552965164,
      "depth": 0.019999999552965164,
      "object_id": -1,
      "frame": "RealSense D455 aligned color camera frame",
      "rank": 33,
      "distance_to_object_center": 0.06283677306504755
    },
    {
      "score": 0.18085891008377075,
      "translation_camera": [
        -0.046745046973228455,
        0.03446519002318382,
        0.45600003004074097
      ],
      "rotation_matrix_camera": [
        [
          0.8544597029685974,
          0.03706137463450432,
          -0.5181940793991089
        ],
        [
          -0.517707347869873,
          -0.022455113008618355,
          -0.8552629947662354
        ],
        [
          -0.04333333298563957,
          0.9990606307983398,
          -4.367032602203835e-08
        ]
      ],
      "width": 0.06390594691038132,
      "height": 0.019999999552965164,
      "depth": 0.019999999552965164,
      "object_id": -1,
      "frame": "RealSense D455 aligned color camera frame",
      "rank": 34,
      "distance_to_object_center": 0.07308053822789536
    },
    {
      "score": 0.17904049158096313,
      "translation_camera": [
        -0.049849506467580795,
        0.02947145514190197,
        0.4520000219345093
      ],
      "rotation_matrix_camera": [
        [
          0.6509329080581665,
          0.2224152833223343,
          -0.7258221507072449
        ],
        [
          -0.6868346929550171,
          -0.23468251526355743,
          -0.6878824234008789
        ],
        [
          -0.3233333230018616,
          0.9462851285934448,
          -4.1363435343555466e-08
        ]
      ],
      "width": 0.053741324692964554,
      "height": 0.019999999552965164,
      "depth": 0.019999999552965164,
      "object_id": -1,
      "frame": "RealSense D455 aligned color camera frame",
      "rank": 35,
      "distance_to_object_center": 0.06706442590450862
    },
    {
      "score": 0.17578116059303284,
      "translation_camera": [
        -0.06378321349620819,
        0.0323331318795681,
        0.44300001859664917
      ],
      "rotation_matrix_camera": [
        [
          -0.1557886302471161,
          0.9057342410087585,
          0.39417678117752075
        ],
        [
          -0.33291125297546387,
          -0.4238460063934326,
          0.8423328399658203
        ],
        [
          0.9300000071525574,
          0.0,
          0.3675594925880432
        ]
      ],
      "width": 0.08232449740171432,
      "height": 0.019999999552965164,
      "depth": 0.029999999329447746,
      "object_id": -1,
      "frame": "RealSense D455 aligned color camera frame",
      "rank": 36,
      "distance_to_object_center": 0.0688593453415958
    },
    {
      "score": 0.1749807894229889,
      "translation_camera": [
        -0.06503541767597198,
        -0.07452329993247986,
        0.4360000193119049
      ],
      "rotation_matrix_camera": [
        [
          0.32332366704940796,
          0.5984574556350708,
          -0.7330145835876465
        ],
        [
          -0.38744980096817017,
          0.7904365658760071,
          0.4744393229484558
        ],
        [
          0.8633333444595337,
          0.1306089162826538,
          0.4874390959739685
        ]
      ],
      "width": 0.08015932887792587,
      "height": 0.019999999552965164,
      "depth": 0.019999999552965164,
      "object_id": -1,
      "frame": "RealSense D455 aligned color camera frame",
      "rank": 37,
      "distance_to_object_center": 0.03932486706684514
    },
    {
      "score": 0.17489375174045563,
      "translation_camera": [
        -0.06277643144130707,
        0.03355821222066879,
        0.4440000355243683
      ],
      "rotation_matrix_camera": [
        [
          -0.1557886302471161,
          0.9057342410087585,
          0.39417678117752075
        ],
        [
          -0.33291125297546387,
          -0.4238460063934326,
          0.8423328399658203
        ],
        [
          0.9300000071525574,
          0.0,
          0.3675594925880432
        ]
      ],
      "width": 0.0823403000831604,
      "height": 0.019999999552965164,
      "depth": 0.029999999329447746,
      "object_id": -1,
      "frame": "RealSense D455 aligned color camera frame",
      "rank": 38,
      "distance_to_object_center": 0.07003390015434581
    },
    {
      "score": 0.17441140115261078,
      "translation_camera": [
        -0.06578123569488525,
        0.025321301072835922,
        0.4410000145435333
      ],
      "rotation_matrix_camera": [
        [
          -0.1557886302471161,
          0.9057342410087585,
          0.39417678117752075
        ],
        [
          -0.33291125297546387,
          -0.4238460063934326,
          0.8423328399658203
        ],
        [
          0.9300000071525574,
          0.0,
          0.3675594925880432
        ]
      ],
      "width": 0.0831882655620575,
      "height": 0.019999999552965164,
      "depth": 0.029999999329447746,
      "object_id": -1,
      "frame": "RealSense D455 aligned color camera frame",
      "rank": 39,
      "distance_to_object_center": 0.06207951837515287
    },
    {
      "score": 0.1732933521270752,
      "translation_camera": [
        -0.0690532773733139,
        0.03439760208129883,
        0.4400000274181366
      ],
      "rotation_matrix_camera": [
        [
          -0.1557886302471161,
          0.9057342410087585,
          0.39417678117752075
        ],
        [
          -0.33291125297546387,
          -0.4238460063934326,
          0.8423328399658203
        ],
        [
          0.9300000071525574,
          0.0,
          0.3675594925880432
        ]
      ],
      "width": 0.08242104947566986,
      "height": 0.019999999552965164,
      "depth": 0.029999999329447746,
      "object_id": -1,
      "frame": "RealSense D455 aligned color camera frame",
      "rank": 40,
      "distance_to_object_center": 0.07154273509263188
    },
    {
      "score": 0.17289189994335175,
      "translation_camera": [
        -0.06020248308777809,
        0.021938007324934006,
        0.44200003147125244
      ],
      "rotation_matrix_camera": [
        [
          -0.1557886302471161,
          0.9057342410087585,
          0.39417678117752075
        ],
        [
          -0.33291125297546387,
          -0.4238460063934326,
          0.8423328399658203
        ],
        [
          0.9300000071525574,
          0.0,
          0.3675594925880432
        ]
      ],
      "width": 0.08349263668060303,
      "height": 0.019999999552965164,
      "depth": 0.029999999329447746,
      "object_id": -1,
      "frame": "RealSense D455 aligned color camera frame",
      "rank": 41,
      "distance_to_object_center": 0.05822590878873564
    },
    {
      "score": 0.17132514715194702,
      "translation_camera": [
        -0.06349525600671768,
        0.019599754363298416,
        0.4410000145435333
      ],
      "rotation_matrix_camera": [
        [
          -0.1557886302471161,
          0.9057342410087585,
          0.39417678117752075
        ],
        [
          -0.33291125297546387,
          -0.4238460063934326,
          0.8423328399658203
        ],
        [
          0.9300000071525574,
          0.0,
          0.3675594925880432
        ]
      ],
      "width": 0.08347725868225098,
      "height": 0.019999999552965164,
      "depth": 0.029999999329447746,
      "object_id": -1,
      "frame": "RealSense D455 aligned color camera frame",
      "rank": 42,
      "distance_to_object_center": 0.056128324321568474
    },
    {
      "score": 0.16694402694702148,
      "translation_camera": [
        -0.05919051170349121,
        0.02428663894534111,
        0.44300001859664917
      ],
      "rotation_matrix_camera": [
        [
          -0.1557886302471161,
          0.9057342410087585,
          0.39417678117752075
        ],
        [
          -0.33291125297546387,
          -0.4238460063934326,
          0.8423328399658203
        ],
        [
          0.9300000071525574,
          0.0,
          0.3675594925880432
        ]
      ],
      "width": 0.08395150303840637,
      "height": 0.019999999552965164,
      "depth": 0.029999999329447746,
      "object_id": -1,
      "frame": "RealSense D455 aligned color camera frame",
      "rank": 43,
      "distance_to_object_center": 0.06056259577790484
    },
    {
      "score": 0.1664770543575287,
      "translation_camera": [
        -0.0444786362349987,
        0.035726599395275116,
        0.4570000171661377
      ],
      "rotation_matrix_camera": [
        [
          0.8544597029685974,
          0.03706137463450432,
          -0.5181940793991089
        ],
        [
          -0.517707347869873,
          -0.022455113008618355,
          -0.8552629947662354
        ],
        [
          -0.04333333298563957,
          0.9990606307983398,
          -4.367032602203835e-08
        ]
      ],
      "width": 0.06007431447505951,
      "height": 0.019999999552965164,
      "depth": 0.019999999552965164,
      "object_id": -1,
      "frame": "RealSense D455 aligned color camera frame",
      "rank": 44,
      "distance_to_object_center": 0.07487491977833087
    },
    {
      "score": 0.1663605123758316,
      "translation_camera": [
        -0.060611095279455185,
        0.033633794635534286,
        0.445000022649765
      ],
      "rotation_matrix_camera": [
        [
          -0.1557886302471161,
          0.9057342410087585,
          0.39417678117752075
        ],
        [
          -0.33291125297546387,
          -0.4238460063934326,
          0.8423328399658203
        ],
        [
          0.9300000071525574,
          0.0,
          0.3675594925880432
        ]
      ],
      "width": 0.08316090703010559,
      "height": 0.019999999552965164,
      "depth": 0.029999999329447746,
      "object_id": -1,
      "frame": "RealSense D455 aligned color camera frame",
      "rank": 45,
      "distance_to_object_center": 0.07003417715307131
    },
    {
      "score": 0.16631649434566498,
      "translation_camera": [
        -0.07263113558292389,
        -0.06512241810560226,
        0.38100001215934753
      ],
      "rotation_matrix_camera": [
        [
          0.05689249932765961,
          -0.9877405166625977,
          -0.14536793529987335
        ],
        [
          -0.43903547525405884,
          0.10601813346147537,
          -0.8921928405761719
        ],
        [
          0.8966667056083679,
          0.11458075791597366,
          -0.4276214838027954
        ]
      ],
      "width": 0.04743485525250435,
      "height": 0.019999999552965164,
      "depth": 0.019999999552965164,
      "object_id": -1,
      "frame": "RealSense D455 aligned color camera frame",
      "rank": 46,
      "distance_to_object_center": 0.06826137700547115
    },
    {
      "score": 0.1645403951406479,
      "translation_camera": [
        -0.06578123569488525,
        0.028754228726029396,
        0.4410000145435333
      ],
      "rotation_matrix_camera": [
        [
          -0.1557886302471161,
          0.9057342410087585,
          0.39417678117752075
        ],
        [
          -0.33291125297546387,
          -0.4238460063934326,
          0.8423328399658203
        ],
        [
          0.9300000071525574,
          0.0,
          0.3675594925880432
        ]
      ],
      "width": 0.08393612504005432,
      "height": 0.019999999552965164,
      "depth": 0.029999999329447746,
      "object_id": -1,
      "frame": "RealSense D455 aligned color camera frame",
      "rank": 47,
      "distance_to_object_center": 0.06548440968679907
    },
    {
      "score": 0.16411763429641724,
      "translation_camera": [
        -0.06176445633172989,
        0.03478848189115524,
        0.445000022649765
      ],
      "rotation_matrix_camera": [
        [
          -0.1557886302471161,
          0.9057342410087585,
          0.39417678117752075
        ],
        [
          -0.33291125297546387,
          -0.4238460063934326,
          0.8423328399658203
        ],
        [
          0.9300000071525574,
          0.0,
          0.3675594925880432
        ]
      ],
      "width": 0.08288095891475677,
      "height": 0.019999999552965164,
      "depth": 0.029999999329447746,
      "object_id": -1,
      "frame": "RealSense D455 aligned color camera frame",
      "rank": 48,
      "distance_to_object_center": 0.07124330008057536
    },
    {
      "score": 0.1641070693731308,
      "translation_camera": [
