{
  "success": true,
  "method": "graspnet_baseline_d455",
  "num_candidates": 739,
  "object_center_camera": [
    -0.03175306409418765,
    -0.03212282281993991,
    0.406000018119812
  ],
  "candidates": [
    {
      "score": 0.331100195646286,
      "translation_camera": [
        -0.03400044143199921,
        -0.07620272040367126,
        0.40300002694129944
      ],
      "rotation_matrix_camera": [
        [
          0.6540746092796326,
          -0.6235225796699524,
          -0.42825937271118164
        ],
        [
          -0.309978187084198,
          0.2954989969730377,
          -0.9036558270454407
        ],
        [
          0.690000057220459,
          0.7238094210624695,
          -3.1638712982839934e-08
        ]
      ],
      "width": 0.072477325797081,
      "height": 0.019999999552965164,
      "depth": 0.029999999329447746,
      "object_id": -1,
      "frame": "RealSense D455 aligned color camera frame",
      "rank": 0,
      "distance_to_object_center": 0.044238987589703134
    },
    {
      "score": 0.3187320828437805,
      "translation_camera": [
        -0.024844082072377205,
        0.031817782670259476,
        0.40700003504753113
      ],
      "rotation_matrix_camera": [
        [
          -0.1557886302471161,
          0.9057342410087585,
          0.39417678117752075
        ],
        [
          -0.33291125297546387,
          -0.4238460063934326,
          0.8423328399658203
        ],
        [
          0.9300000071525574,
          0.0,
          0.3675594925880432
        ]
      ],
      "width": 0.08374851942062378,
      "height": 0.019999999552965164,
      "depth": 0.029999999329447746,
      "object_id": -1,
      "frame": "RealSense D455 aligned color camera frame",
      "rank": 1,
      "distance_to_object_center": 0.06432056511635094
    },
    {
      "score": 0.3153510093688965,
      "translation_camera": [
        -0.02273434028029442,
        0.03076169453561306,
        0.40700003504753113
      ],
      "rotation_matrix_camera": [
        [
          -0.1557886302471161,
          0.9057342410087585,
          0.39417678117752075
        ],
        [
          -0.33291125297546387,
          -0.4238460063934326,
          0.8423328399658203
        ],
        [
          0.9300000071525574,
          0.0,
          0.3675594925880432
        ]
      ],
      "width": 0.08480197191238403,
      "height": 0.019999999552965164,
      "depth": 0.029999999329447746,
      "object_id": -1,
      "frame": "RealSense D455 aligned color camera frame",
      "rank": 2,
      "distance_to_object_center": 0.0635358161679525
    },
    {
      "score": 0.30508536100387573,
      "translation_camera": [
        -0.020371224731206894,
        -0.05515139177441597,
        0.4020000100135803
      ],
      "rotation_matrix_camera": [
        [
          0.9810783267021179,
          -0.00981128215789795,
          -0.19336247444152832
        ],
        [
          -0.1933528035879135,
          0.0019335818942636251,
          -0.9811273813247681
        ],
        [
          0.009999999776482582,
          0.9999499917030334,
          -4.3709203367825467e-08
        ]
      ],
      "width": 0.06003270298242569,
      "height": 0.019999999552965164,
      "depth": 0.029999999329447746,
      "object_id": -1,
      "frame": "RealSense D455 aligned color camera frame",
      "rank": 3,
      "distance_to_object_center": 0.025997332944470975
    },
    {
      "score": 0.3049065172672272,
      "translation_camera": [
        -0.011322205886244774,
        0.014102771878242493,
        0.4140000343322754
      ],
      "rotation_matrix_camera": [
        [
          -0.5052844285964966,
          -0.3213689923286438,
          -0.800880491733551
        ],
        [
          -0.6757784485816956,
          -0.42980584502220154,
          0.598824143409729
        ],
        [
          -0.5366666913032532,
          0.8437943458557129,
          -3.688342076202389e-08
        ]
      ],
      "width": 0.06942176073789597,
      "height": 0.019999999552965164,
      "depth": 0.019999999552965164,
      "object_id": -1,
      "frame": "RealSense D455 aligned color camera frame",
      "rank": 4,
      "distance_to_object_center": 0.05116860201054327
    },
    {
      "score": 0.29909101128578186,
      "translation_camera": [
        -0.036089446395635605,
        -0.07411130517721176,
        0.40300002694129944
      ],
      "rotation_matrix_camera": [
        [
          0.6540746092796326,
          -0.6235225796699524,
          -0.42825937271118164
        ],
        [
          -0.309978187084198,
          0.2954989969730377,
          -0.9036558270454407
        ],
        [
          0.690000057220459,
          0.7238094210624695,
          -3.1638712982839934e-08
        ]
      ],
      "width": 0.07323998957872391,
      "height": 0.019999999552965164,
      "depth": 0.029999999329447746,
      "object_id": -1,
      "frame": "RealSense D455 aligned color camera frame",
      "rank": 5,
      "distance_to_object_center": 0.04231827984692187
    },
    {
      "score": 0.29857540130615234,
      "translation_camera": [
        -0.025835316628217697,
        0.02963262051343918,
        0.406000018119812
      ],
      "rotation_matrix_camera": [
        [
          -0.1557886302471161,
          0.9057342410087585,
          0.39417678117752075
        ],
        [
          -0.33291125297546387,
          -0.4238460063934326,
          0.8423328399658203
        ],
        [
          0.9300000071525574,
          0.0,
          0.3675594925880432
        ]
      ],
      "width": 0.0840803012251854,
      "height": 0.019999999552965164,
      "depth": 0.029999999329447746,
      "object_id": -1,
      "frame": "RealSense D455 aligned color camera frame",
      "rank": 6,
      "distance_to_object_center": 0.06203833102504604
    },
    {
      "score": 0.295149028301239,
      "translation_camera": [
        -0.026953822001814842,
        0.03287386894226074,
        0.40700003504753113
      ],
      "rotation_matrix_camera": [
        [
          -0.1557886302471161,
          0.9057342410087585,
          0.39417678117752075
        ],
        [
          -0.33291125297546387,
          -0.4238460063934326,
          0.8423328399658203
        ],
        [
          0.9300000071525574,
          0.0,
          0.3675594925880432
        ]
      ],
      "width": 0.08359779417514801,
      "height": 0.019999999552965164,
      "depth": 0.029999999329447746,
      "object_id": -1,
      "frame": "RealSense D455 aligned color camera frame",
      "rank": 7,
      "distance_to_object_center": 0.06518130635809205
    },
    {
      "score": 0.29200121760368347,
      "translation_camera": [
        -0.014435873366892338,
        0.007601786404848099,
        0.41100001335144043
      ],
      "rotation_matrix_camera": [
        [
          -0.4467552900314331,
          -0.1930502951145172,
          -0.8735795617103577
        ],
        [
          -0.8019134998321533,
          -0.3465198576450348,
          0.4866813123226166
        ],
        [
          -0.39666667580604553,
          0.9179626703262329,
          -4.0125421207903855e-08
        ]
      ],
      "width": 0.06467483192682266,
      "height": 0.019999999552965164,
      "depth": 0.019999999552965164,
      "object_id": -1,
      "frame": "RealSense D455 aligned color camera frame",
      "rank": 8,
      "distance_to_object_center": 0.0436225815955904
    },
    {
      "score": 0.29092487692832947,
      "translation_camera": [
        -0.0102739492431283,
        0.011983147822320461,
        0.4150000214576721
      ],
      "rotation_matrix_camera": [
        [
          -0.5052844285964966,
          -0.3213689923286438,
          -0.800880491733551
        ],
        [
          -0.6757784485816956,
          -0.42980584502220154,
          0.598824143409729
        ],
        [
          -0.5366666913032532,
          0.8437943458557129,
          -3.688342076202389e-08
        ]
      ],
      "width": 0.06507661938667297,
      "height": 0.019999999552965164,
      "depth": 0.019999999552965164,
      "object_id": -1,
      "frame": "RealSense D455 aligned color camera frame",
      "rank": 9,
      "distance_to_object_center": 0.04987673887858372
    },
    {
      "score": 0.29038408398628235,
      "translation_camera": [
        -0.02245504781603813,
        -0.05723761394619942,
        0.4020000100135803
      ],
      "rotation_matrix_camera": [
        [
          0.9810783267021179,
          -0.00981128215789795,
          -0.19336247444152832
        ],
        [
          -0.1933528035879135,
          0.0019335818942636251,
          -0.9811273813247681
        ],
        [
          0.009999999776482582,
          0.9999499917030334,
          -4.3709203367825467e-08
        ]
      ],
      "width": 0.060757964849472046,
      "height": 0.019999999552965164,
      "depth": 0.019999999552965164,
      "object_id": -1,
      "frame": "RealSense D455 aligned color camera frame",
      "rank": 10,
      "distance_to_object_center": 0.02707777510938253
    },
    {
      "score": 0.28964555263519287,
      "translation_camera": [
        -0.01842387765645981,
        -0.05766476318240166,
        0.4050000309944153
      ],
      "rotation_matrix_camera": [
        [
          0.9810783267021179,
          -0.00981128215789795,
          -0.19336247444152832
        ],
        [
          -0.1933528035879135,
          0.0019335818942636251,
          -0.9811273813247681
        ],
        [
          0.009999999776482582,
          0.9999499917030334,
          -4.3709203367825467e-08
        ]
      ],
      "width": 0.06214200332760811,
      "height": 0.019999999552965164,
      "depth": 0.019999999552965164,
      "object_id": -1,
      "frame": "RealSense D455 aligned color camera frame",
      "rank": 11,
      "distance_to_object_center": 0.028828074906629118
    },
    {
      "score": 0.28927674889564514,
      "translation_camera": [
        -0.017417090013623238,
        -0.06307459622621536,
        0.406000018119812
      ],
      "rotation_matrix_camera": [
        [
          0.9810783267021179,
          -0.00981128215789795,
          -0.19336247444152832
        ],
        [
          -0.1933528035879135,
          0.0019335818942636251,
          -0.9811273813247681
        ],
        [
          0.009999999776482582,
          0.9999499917030334,
          -4.3709203367825467e-08
        ]
      ],
      "width": 0.05579514428973198,
      "height": 0.019999999552965164,
      "depth": 0.019999999552965164,
      "object_id": -1,
      "frame": "RealSense D455 aligned color camera frame",
      "rank": 12,
      "distance_to_object_center": 0.03411059116802338
    },
    {
      "score": 0.28763526678085327,
      "translation_camera": [
        -0.012395218946039677,
        0.011954273097217083,
        0.4140000343322754
      ],
      "rotation_matrix_camera": [
        [
          -0.5052844285964966,
          -0.3213689923286438,
          -0.800880491733551
        ],
        [
          -0.6757784485816956,
          -0.42980584502220154,
          0.598824143409729
        ],
        [
          -0.5366666913032532,
          0.8437943458557129,
          -3.688342076202389e-08
        ]
      ],
      "width": 0.06517289578914642,
      "height": 0.019999999552965164,
      "depth": 0.019999999552965164,
      "object_id": -1,
      "frame": "RealSense D455 aligned color camera frame",
      "rank": 13,
      "distance_to_object_center": 0.04880078700871135
    },
    {
      "score": 0.28656935691833496,
      "translation_camera": [
        -0.01942547969520092,
        -0.060667283833026886,
        0.40400001406669617
      ],
      "rotation_matrix_camera": [
        [
          0.9810783267021179,
          -0.00981128215789795,
          -0.19336247444152832
        ],
        [
          -0.1933528035879135,
          0.0019335818942636251,
          -0.9811273813247681
        ],
        [
          0.009999999776482582,
          0.9999499917030334,
          -4.3709203367825467e-08
        ]
      ],
      "width": 0.058120619505643845,
      "height": 0.019999999552965164,
      "depth": 0.019999999552965164,
      "object_id": -1,
      "frame": "RealSense D455 aligned color camera frame",
      "rank": 14,
      "distance_to_object_center": 0.03115695119639056
    },
    {
      "score": 0.283931165933609,
      "translation_camera": [
        -0.013403167948126793,
        0.014034642837941647,
        0.41200003027915955
      ],
      "rotation_matrix_camera": [
        [
          -0.5052844285964966,
          -0.3213689923286438,
          -0.800880491733551
        ],
        [
          -0.6757784485816956,
          -0.42980584502220154,
          0.598824143409729
        ],
        [
          -0.5366666913032532,
          0.8437943458557129,
          -3.688342076202389e-08
        ]
      ],
      "width": 0.07011137157678604,
      "height": 0.019999999552965164,
      "depth": 0.019999999552965164,
      "object_id": -1,
      "frame": "RealSense D455 aligned color camera frame",
      "rank": 15,
      "distance_to_object_center": 0.05003229427521841
    },
    {
      "score": 0.28390970826148987,
      "translation_camera": [
        -0.013435699976980686,
        0.006567123346030712,
        0.4130000174045563
      ],
      "rotation_matrix_camera": [
        [
          -0.4467552900314331,
          -0.1930502951145172,
          -0.8735795617103577
        ],
        [
          -0.8019134998321533,
          -0.3465198576450348,
          0.4866813123226166
        ],
        [
          -0.39666667580604553,
          0.9179626703262329,
          -4.0125421207903855e-08
        ]
      ],
      "width": 0.06329505145549774,
      "height": 0.019999999552965164,
      "depth": 0.019999999552965164,
      "object_id": -1,
      "frame": "RealSense D455 aligned color camera frame",
      "rank": 16,
      "distance_to_object_center": 0.043375543253248904
    },
    {
      "score": 0.282869428396225,
      "translation_camera": [
        -0.021413136273622513,
        -0.060366950929164886,
        0.4020000100135803
      ],
      "rotation_matrix_camera": [
        [
          0.9810783267021179,
          -0.00981128215789795,
          -0.19336247444152832
        ],
        [
          -0.1933528035879135,
          0.0019335818942636251,
          -0.9811273813247681
        ],
        [
          0.009999999776482582,
          0.9999499917030334,
          -4.3709203367825467e-08
        ]
      ],
      "width": 0.05877603963017464,
      "height": 0.019999999552965164,
      "depth": 0.019999999552965164,
      "object_id": -1,
      "frame": "RealSense D455 aligned color camera frame",
      "rank": 17,
      "distance_to_object_center": 0.030342131514360167
    },
    {
      "score": 0.2820524573326111,
      "translation_camera": [
        -0.027526970952749252,
        -0.057990774512290955,
        0.40000003576278687
      ],
      "rotation_matrix_camera": [
        [
          0.9810783267021179,
          -0.00981128215789795,
          -0.19336247444152832
        ],
        [
          -0.1933528035879135,
          0.0019335818942636251,
          -0.9811273813247681
        ],
        [
          0.009999999776482582,
          0.9999499917030334,
          -4.3709203367825467e-08
        ]
      ],
      "width": 0.0631476640701294,
      "height": 0.019999999552965164,
      "depth": 0.029999999329447746,
      "object_id": -1,
      "frame": "RealSense D455 aligned color camera frame",
      "rank": 18,
      "distance_to_object_center": 0.02688885598686811
    },
    {
      "score": 0.2818087041378021,
      "translation_camera": [
        -0.0318322479724884,
        -0.07288429141044617,
        0.4020000100135803
      ],
      "rotation_matrix_camera": [
        [
          0.6540746092796326,
          -0.6235225796699524,
          -0.42825937271118164
        ],
        [
          -0.309978187084198,
          0.2954989969730377,
          -0.9036558270454407
        ],
        [
          0.690000057220459,
          0.7238094210624695,
          -3.1638712982839934e-08
        ]
      ],
      "width": 0.07133276015520096,
      "height": 0.019999999552965164,
      "depth": 0.029999999329447746,
      "object_id": -1,
      "frame": "RealSense D455 aligned color camera frame",
      "rank": 19,
      "distance_to_object_center": 0.040957339471593246
    },
    {
      "score": 0.2816001772880554,
      "translation_camera": [
        -0.019377397373318672,
        -0.05842570587992668,
        0.40300002694129944
      ],
      "rotation_matrix_camera": [
        [
          0.9810783267021179,
          -0.00981128215789795,
          -0.19336247444152832
        ],
        [
          -0.1933528035879135,
          0.0019335818942636251,
          -0.9811273813247681
        ],
        [
          0.009999999776482582,
          0.9999499917030334,
          -4.3709203367825467e-08
        ]
      ],
      "width": 0.06118667498230934,
      "height": 0.019999999552965164,
      "depth": 0.019999999552965164,
      "object_id": -1,
      "frame": "RealSense D455 aligned color camera frame",
      "rank": 20,
      "distance_to_object_center": 0.02922325668238426
    },
    {
      "score": 0.28055259585380554,
      "translation_camera": [
        -0.014365626499056816,
        -0.05823429301381111,
        0.409000039100647
      ],
      "rotation_matrix_camera": [
        [
          0.9810783267021179,
          -0.00981128215789795,
          -0.19336247444152832
        ],
        [
          -0.1933528035879135,
          0.0019335818942636251,
          -0.9811273813247681
        ],
        [
          0.009999999776482582,
          0.9999499917030334,
          -4.3709203367825467e-08
        ]
      ],
      "width": 0.062204308807849884,
      "height": 0.019999999552965164,
      "depth": 0.019999999552965164,
      "object_id": -1,
      "frame": "RealSense D455 aligned color camera frame",
      "rank": 21,
      "distance_to_object_center": 0.03151399669504716
    },
    {
      "score": 0.2802916169166565,
      "translation_camera": [
        -0.01652604155242443,
        0.008647161535918713,
        0.4100000262260437
      ],
      "rotation_matrix_camera": [
        [
          -0.4467552900314331,
          -0.1930502951145172,
          -0.8735795617103577
        ],
        [
          -0.8019134998321533,
          -0.3465198576450348,
          0.4866813123226166
        ],
        [
          -0.39666667580604553,
          0.9179626703262329,
          -4.0125421207903855e-08
        ]
      ],
      "width": 0.06279922276735306,
      "height": 0.019999999552965164,
      "depth": 0.019999999552965164,
      "object_id": -1,
      "frame": "RealSense D455 aligned color camera frame",
      "rank": 22,
      "distance_to_object_center": 0.043704163471164174
    },
    {
      "score": 0.27807849645614624,
      "translation_camera": [
        -0.019569730386137962,
        0.014920405112206936,
        0.40700003504753113
      ],
      "rotation_matrix_camera": [
        [
          -0.4467552900314331,
          -0.1930502951145172,
          -0.8735795617103577
        ],
        [
          -0.8019134998321533,
          -0.3465198576450348,
          0.4866813123226166
        ],
        [
          -0.39666667580604553,
          0.9179626703262329,
          -4.0125421207903855e-08
        ]
      ],
      "width": 0.06827477365732193,
      "height": 0.019999999552965164,
      "depth": 0.019999999552965164,
      "object_id": -1,
      "frame": "RealSense D455 aligned color camera frame",
      "rank": 23,
      "distance_to_object_center": 0.04860554442009004
    },
    {
      "score": 0.27798083424568176,
      "translation_camera": [
        -0.024477828294038773,
        -0.05917626991868019,
        0.4010000228881836
      ],
      "rotation_matrix_camera": [
        [
          0.9810783267021179,
          -0.00981128215789795,
          -0.19336247444152832
        ],
        [
          -0.1933528035879135,
          0.0019335818942636251,
          -0.9811273813247681
        ],
        [
          0.009999999776482582,
          0.9999499917030334,
          -4.3709203367825467e-08
        ]
      ],
      "width": 0.06202675774693489,
      "height": 0.019999999552965164,
      "depth": 0.029999999329447746,
      "object_id": -1,
      "frame": "RealSense D455 aligned color camera frame",
      "rank": 24,
      "distance_to_object_center": 0.02845730149168072
    },
    {
      "score": 0.27797573804855347,
      "translation_camera": [
        -0.014435873366892338,
        0.0161335077136755,
        0.41100001335144043
      ],
      "rotation_matrix_camera": [
        [
          -0.5052844285964966,
          -0.3213689923286438,
          -0.800880491733551
        ],
        [
          -0.6757784485816956,
          -0.42980584502220154,
          0.598824143409729
        ],
        [
          -0.5366666913032532,
          0.8437943458557129,
          -3.688342076202389e-08
        ]
      ],
      "width": 0.07133243978023529,
      "height": 0.019999999552965164,
      "depth": 0.019999999552965164,
      "object_id": -1,
      "frame": "RealSense D455 aligned color camera frame",
      "rank": 25,
      "distance_to_object_center": 0.05151270215753948
    },
    {
      "score": 0.2773367762565613,
      "translation_camera": [
        -0.016364810988307,
        -0.05991412699222565,
        0.406000018119812
      ],
      "rotation_matrix_camera": [
        [
          0.9810783267021179,
          -0.00981128215789795,
          -0.19336247444152832
        ],
        [
          -0.1933528035879135,
          0.0019335818942636251,
          -0.9811273813247681
        ],
        [
          0.009999999776482582,
          0.9999499917030334,
          -4.3709203367825467e-08
        ]
      ],
      "width": 0.059705834835767746,
      "height": 0.019999999552965164,
      "depth": 0.019999999552965164,
      "object_id": -1,
      "frame": "RealSense D455 aligned color camera frame",
      "rank": 26,
      "distance_to_object_center": 0.03176719882594548
    },
    {
      "score": 0.2716108560562134,
      "translation_camera": [
        -0.013403167948126793,
        0.010827462188899517,
        0.41200003027915955
      ],
      "rotation_matrix_camera": [
        [
          -0.5052844285964966,
          -0.3213689923286438,
          -0.800880491733551
        ],
        [
          -0.6757784485816956,
          -0.42980584502220154,
          0.598824143409729
        ],
        [
          -0.5366666913032532,
          0.8437943458557129,
          -3.688342076202389e-08
        ]
      ],
      "width": 0.06910450011491776,
      "height": 0.019999999552965164,
      "depth": 0.019999999552965164,
      "object_id": -1,
      "frame": "RealSense D455 aligned color camera frame",
      "rank": 27,
      "distance_to_object_center": 0.04708976339741021
    },
    {
      "score": 0.2689802050590515,
      "translation_camera": [
        -0.03495798259973526,
        -0.07184118032455444,
        0.4020000100135803
      ],
      "rotation_matrix_camera": [
        [
          0.6540746092796326,
          -0.6235225796699524,
          -0.42825937271118164
        ],
        [
          -0.309978187084198,
          0.2954989969730377,
          -0.9036558270454407
        ],
        [
          0.690000057220459,
          0.7238094210624695,
          -3.1638712982839934e-08
        ]
      ],
      "width": 0.07094401866197586,
      "height": 0.019999999552965164,
      "depth": 0.029999999329447746,
      "object_id": -1,
      "frame": "RealSense D455 aligned color camera frame",
      "rank": 28,
      "distance_to_object_center": 0.04004771517005047
    },
    {
      "score": 0.26897358894348145,
      "translation_camera": [
        -0.030790336430072784,
        -0.07601363211870193,
        0.4020000100135803
      ],
      "rotation_matrix_camera": [
        [
          0.6540746092796326,
          -0.6235225796699524,
          -0.42825937271118164
        ],
        [
          -0.309978187084198,
          0.2954989969730377,
          -0.9036558270454407
        ],
        [
          0.690000057220459,
          0.7238094210624695,
          -3.1638712982839934e-08
        ]
      ],
      "width": 0.07197875529527664,
      "height": 0.019999999552965164,
      "depth": 0.029999999329447746,
      "object_id": -1,
      "frame": "RealSense D455 aligned color camera frame",
      "rank": 29,
      "distance_to_object_center": 0.0440832173316044
    },
    {
      "score": 0.2675893008708954,
      "translation_camera": [
        -0.029452422633767128,
        -0.060799021273851395,
        0.398000031709671
      ],
      "rotation_matrix_camera": [
        [
          0.9810783267021179,
          -0.00981128215789795,
          -0.19336247444152832
        ],
        [
          -0.1933528035879135,
          0.0019335818942636251,
          -0.9811273813247681
        ],
        [
          0.009999999776482582,
          0.9999499917030334,
          -4.3709203367825467e-08
        ]
      ],
      "width": 0.066550612449646,
      "height": 0.019999999552965164,
      "depth": 0.029999999329447746,
      "object_id": -1,
      "frame": "RealSense D455 aligned color camera frame",
      "rank": 30,
      "distance_to_object_center": 0.029859957994946375
    },
    {
      "score": 0.26757386326789856,
      "translation_camera": [
        -0.0357312373816967,
        -0.05784579738974571,
        0.39900001883506775
      ],
      "rotation_matrix_camera": [
        [
          0.9810783267021179,
          -0.00981128215789795,
          -0.19336247444152832
        ],
        [
          -0.1933528035879135,
          0.0019335818942636251,
          -0.9811273813247681
        ],
        [
          0.009999999776482582,
          0.9999499917030334,
          -4.3709203367825467e-08
        ]
      ],
      "width": 0.06385243684053421,
      "height": 0.019999999552965164,
      "depth": 0.029999999329447746,
      "object_id": -1,
      "frame": "RealSense D455 aligned color camera frame",
      "rank": 31,
      "distance_to_object_center": 0.02695361336464458
    },
    {
      "score": 0.2665642201900482,
      "translation_camera": [
        -0.038178451359272,
        -0.07620272040367126,
        0.40300002694129944
      ],
      "rotation_matrix_camera": [
        [
          0.6540746092796326,
          -0.6235225796699524,
          -0.42825937271118164
        ],
        [
          -0.309978187084198,
          0.2954989969730377,
          -0.9036558270454407
        ],
        [
          0.690000057220459,
          0.7238094210624695,
          -3.1638712982839934e-08
        ]
      ],
      "width": 0.07401037216186523,
      "height": 0.019999999552965164,
      "depth": 0.029999999329447746,
      "object_id": -1,
      "frame": "RealSense D455 aligned color camera frame",
      "rank": 32,
      "distance_to_object_center": 0.04464664510990391
    },
    {
      "score": 0.26632681488990784,
      "translation_camera": [
        -0.01652604155242443,
        0.013966512866318226,
        0.4100000262260437
      ],
      "rotation_matrix_camera": [
        [
          -0.5052844285964966,
          -0.3213689923286438,
          -0.800880491733551
        ],
        [
          -0.6757784485816956,
          -0.42980584502220154,
          0.598824143409729
        ],
        [
          -0.5366666913032532,
          0.8437943458557129,
          -3.688342076202389e-08
        ]
      ],
      "width": 0.07156385481357574,
      "height": 0.019999999552965164,
      "depth": 0.019999999552965164,
      "object_id": -1,
      "frame": "RealSense D455 aligned color camera frame",
      "rank": 33,
      "distance_to_object_center": 0.0487040978187449
    },
    {
      "score": 0.2616681158542633,
      "translation_camera": [
        -0.025027206167578697,
        0.036307793110609055,
        0.4100000262260437
      ],
      "rotation_matrix_camera": [
        [
          -0.1557886302471161,
          0.9057342410087585,
          0.39417678117752075
        ],
        [
          -0.33291125297546387,
          -0.4238460063934326,
          0.8423328399658203
        ],
        [
          0.9300000071525574,
          0.0,
          0.3675594925880432
        ]
      ],
      "width": 0.08290846645832062,
      "height": 0.019999999552965164,
      "depth": 0.029999999329447746,
      "object_id": -1,
      "frame": "RealSense D455 aligned color camera frame",
      "rank": 34,
      "distance_to_object_center": 0.0688766028948376
    },
    {
      "score": 0.2616647779941559,
      "translation_camera": [
        -0.019569730386137962,
        0.009639975614845753,
        0.40700003504753113
      ],
      "rotation_matrix_camera": [
        [
          -0.4467552900314331,
          -0.1930502951145172,
          -0.8735795617103577
        ],
        [
          -0.8019134998321533,
          -0.3465198576450348,
          0.4866813123226166
        ],
        [
          -0.39666667580604553,
          0.9179626703262329,
          -4.0125421207903855e-08
        ]
      ],
      "width": 0.07006488740444183,
      "height": 0.019999999552965164,
      "depth": 0.019999999552965164,
      "object_id": -1,
      "frame": "RealSense D455 aligned color camera frame",
      "rank": 35,
      "distance_to_object_center": 0.04351511217039387
    },
    {
      "score": 0.2612164318561554,
      "translation_camera": [
        -0.020928647369146347,
        0.039788421243429184,
        0.4130000174045563
      ],
      "rotation_matrix_camera": [
        [
          -0.1557886302471161,
          0.9057342410087585,
          0.39417678117752075
        ],
        [
          -0.33291125297546387,
          -0.4238460063934326,
          0.8423328399658203
        ],
        [
          0.9300000071525574,
          0.0,
          0.3675594925880432
        ]
      ],
      "width": 0.08465578407049179,
      "height": 0.019999999552965164,
      "depth": 0.029999999329447746,
      "object_id": -1,
      "frame": "RealSense D455 aligned color camera frame",
      "rank": 36,
      "distance_to_object_center": 0.07305747744184171
    },
    {
      "score": 0.2601448595523834,
      "translation_camera": [
        -0.019906310364603996,
        0.04203326255083084,
        0.4140000343322754
      ],
      "rotation_matrix_camera": [
        [
          -0.1557886302471161,
          0.9057342410087585,
          0.39417678117752075
        ],
        [
          -0.33291125297546387,
          -0.4238460063934326,
          0.8423328399658203
        ],
        [
          0.9300000071525574,
          0.0,
          0.3675594925880432
        ]
      ],
      "width": 0.08406829833984375,
      "height": 0.019999999552965164,
      "depth": 0.029999999329447746,
      "object_id": -1,
      "frame": "RealSense D455 aligned color camera frame",
      "rank": 37,
      "distance_to_object_center": 0.07552132699341373
    },
    {
      "score": 0.2596340775489807,
      "translation_camera": [
        -0.035641685128211975,
        -0.060799021273851395,
        0.398000031709671
      ],
      "rotation_matrix_camera": [
        [
          0.9810783267021179,
          -0.00981128215789795,
          -0.19336247444152832
        ],
        [
          -0.1933528035879135,
          0.0019335818942636251,
          -0.9811273813247681
        ],
        [
          0.009999999776482582,
          0.9999499917030334,
          -4.3709203367825467e-08
        ]
      ],
      "width": 0.06494870781898499,
      "height": 0.019999999552965164,
      "depth": 0.029999999329447746,
      "object_id": -1,
      "frame": "RealSense D455 aligned color camera frame",
      "rank": 38,
      "distance_to_object_center": 0.030024082232048534
    },
    {
      "score": 0.2587320804595947,
      "translation_camera": [
        -0.03254705294966698,
        -0.05873355269432068,
        0.398000031709671
      ],
      "rotation_matrix_camera": [
        [
          0.9810783267021179,
          -0.00981128215789795,
          -0.19336247444152832
        ],
        [
          -0.1933528035879135,
          0.0019335818942636251,
          -0.9811273813247681
        ],
        [
          0.009999999776482582,
          0.9999499917030334,
          -4.3709203367825467e-08
        ]
      ],
      "width": 0.06573522090911865,
      "height": 0.019999999552965164,
      "depth": 0.029999999329447746,
      "object_id": -1,
      "frame": "RealSense D455 aligned color camera frame",
      "rank": 39,
      "distance_to_object_center": 0.027798581714043022
    },
    {
      "score": 0.25825536251068115,
      "translation_camera": [
        -0.02295777201652527,
        0.038529276847839355,
        0.41100001335144043
      ],
      "rotation_matrix_camera": [
        [
          -0.1557886302471161,
          0.9057342410087585,
          0.39417678117752075
        ],
        [
          -0.33291125297546387,
          -0.4238460063934326,
          0.8423328399658203
        ],
        [
          0.9300000071525574,
          0.0,
          0.3675594925880432
        ]
      ],
      "width": 0.08375075459480286,
      "height": 0.019999999552965164,
      "depth": 0.029999999329447746,
      "object_id": -1,
      "frame": "RealSense D455 aligned color camera frame",
      "rank": 40,
      "distance_to_object_center": 0.07137279805719762
    },
    {
      "score": 0.25809648633003235,
      "translation_camera": [
        -0.011349554173648357,
        0.007675769738852978,
        0.4150000214576721
      ],
      "rotation_matrix_camera": [
        [
          -0.5052844285964966,
          -0.3213689923286438,
          -0.800880491733551
        ],
        [
          -0.6757784485816956,
          -0.42980584502220154,
          0.598824143409729
        ],
        [
          -0.5366666913032532,
          0.8437943458557129,
          -3.688342076202389e-08
        ]
      ],
      "width": 0.0626615658402443,
      "height": 0.019999999552965164,
      "depth": 0.019999999552965164,
      "object_id": -1,
      "frame": "RealSense D455 aligned color camera frame",
      "rank": 41,
      "distance_to_object_center": 0.04562051344318522
    },
    {
      "score": 0.25782060623168945,
      "translation_camera": [
        -0.021945802494883537,
        0.04183020442724228,
        0.41200003027915955
      ],
      "rotation_matrix_camera": [
        [
          -0.1557886302471161,
          0.9057342410087585,
          0.39417678117752075
        ],
        [
          -0.33291125297546387,
          -0.4238460063934326,
          0.8423328399658203
        ],
        [
          0.9300000071525574,
          0.0,
          0.3675594925880432
        ]
      ],
      "width": 0.08366663008928299,
      "height": 0.019999999552965164,
      "depth": 0.029999999329447746,
      "object_id": -1,
      "frame": "RealSense D455 aligned color camera frame",
      "rank": 42,
      "distance_to_object_center": 0.0748413840399279
    },
    {
      "score": 0.257264643907547,
      "translation_camera": [
        -0.036857519298791885,
        -0.06940792500972748,
        0.40000003576278687
      ],
      "rotation_matrix_camera": [
        [
          0.6540746092796326,
          -0.6235225796699524,
          -0.42825937271118164
        ],
        [
          -0.309978187084198,
          0.2954989969730377,
          -0.9036558270454407
        ],
        [
          0.690000057220459,
          0.7238094210624695,
          -3.1638712982839934e-08
        ]
      ],
      "width": 0.065633624792099,
      "height": 0.019999999552965164,
      "depth": 0.019999999552965164,
      "object_id": -1,
      "frame": "RealSense D455 aligned color camera frame",
      "rank": 43,
      "distance_to_object_center": 0.03810818936296142
    },
    {
      "score": 0.25666338205337524,
      "translation_camera": [
        -0.015501110814511776,
        0.011867647059261799,
        0.41100001335144043
      ],
      "rotation_matrix_camera": [
        [
          -0.5052844285964966,
          -0.3213689923286438,
          -0.800880491733551
        ],
        [
          -0.6757784485816956,
          -0.42980584502220154,
          0.598824143409729
        ],
        [
          -0.5366666913032532,
          0.8437943458557129,
          -3.688342076202389e-08
        ]
      ],
      "width": 0.0697762742638588,
      "height": 0.019999999552965164,
      "depth": 0.019999999552965164,
      "object_id": -1,
      "frame": "RealSense D455 aligned color camera frame",
      "rank": 44,
      "distance_to_object_center": 0.047162351276352064
    },
    {
      "score": 0.2562689185142517,
      "translation_camera": [
        -0.026490243151783943,
        -0.06110454350709915,
        0.40000003576278687
      ],
      "rotation_matrix_camera": [
        [
          0.9810783267021179,
          -0.00981128215789795,
          -0.19336247444152832
        ],
        [
          -0.1933528035879135,
          0.0019335818942636251,
          -0.9811273813247681
        ],
        [
          0.009999999776482582,
          0.9999499917030334,
          -4.3709203367825467e-08
        ]
      ],
      "width": 0.06463414430618286,
      "height": 0.019999999552965164,
      "depth": 0.019999999552965164,
      "object_id": -1,
      "frame": "RealSense D455 aligned color camera frame",
      "rank": 45,
      "distance_to_object_center": 0.030060558985902607
    },
    {
      "score": 0.25470075011253357,
      "translation_camera": [
        -0.02067527361214161,
        0.028719915077090263,
        0.40800002217292786
      ],
      "rotation_matrix_camera": [
        [
          -0.1557886302471161,
          0.9057342410087585,
          0.39417678117752075
        ],
        [
          -0.33291125297546387,
          -0.4238460063934326,
          0.8423328399658203
        ],
        [
          0.9300000071525574,
          0.0,
          0.3675594925880432
        ]
      ],
      "width": 0.08416040986776352,
      "height": 0.019999999552965164,
      "depth": 0.029999999329447746,
      "object_id": -1,
      "frame": "RealSense D455 aligned color camera frame",
      "rank": 46,
      "distance_to_object_center": 0.06187532798283417
    },
    {
      "score": 0.25193044543266296,
      "translation_camera": [
        -0.02863510698080063,
        -0.07998660951852798,
        0.4010000228881836
      ],
      "rotation_matrix_camera": [
        [
          0.6660667061805725,
          -0.7401613593101501,
          -0.09228425472974777
        ],
        [
          -0.06173091381788254,
          0.0685979425907135,
          -0.9957327246665955
        ],
        [
          0.7433333396911621,
          0.6689212322235107,
          -2.9239474841347146e-08
        ]
      ],
      "width": 0.07824327796697617,
      "height": 0.019999999552965164,
      "depth": 0.019999999552965164,
      "object_id": -1,
      "frame": "RealSense D455 aligned color camera frame",
      "rank": 47,
      "distance_to_object_center": 0.048225135417178086
    },
    {
      "score": 0.250116229057312,
      "translation_camera": [
        -0.01652604155242443,
        0.00545554980635643,
        0.4100000262260437
      ],
      "rotation_matrix_camera": [
        [
          -0.4467552900314331,
          -0.1930502951145172,
          -0.8735795617103577
        ],
        [
          -0.8019134998321533,
