{
  "success": true,
  "method": "graspnet_baseline_d455",
  "num_candidates": 533,
  "object_center_camera": [
    -0.10267961114037027,
    0.006600723469759199,
    0.4180000126361847
  ],
  "candidates": [
    {
      "score": 0.3367154598236084,
      "translation_camera": [
        -0.11302191764116287,
        0.03510664030909538,
        0.42100003361701965
      ],
      "rotation_matrix_camera": [
        [
          0.4980229139328003,
          -0.6140506863594055,
          -0.6123030185699463
        ],
        [
          -0.3856969475746155,
          0.47555533051490784,
          -0.790623128414154
        ],
        [
          0.7766667008399963,
          0.6299118399620056,
          -2.7534321489497415e-08
        ]
      ],
      "width": 0.06999026238918304,
      "height": 0.019999999552965164,
      "depth": 0.019999999552965164,
      "object_id": -1,
      "frame": "RealSense D455 aligned color camera frame",
      "rank": 0,
      "distance_to_object_center": 0.030472130291348796
    },
    {
      "score": 0.33221808075904846,
      "translation_camera": [
        -0.10001217573881149,
        0.009666293859481812,
        0.40800002217292786
      ],
      "rotation_matrix_camera": [
        [
          0.6660667061805725,
          0.09228428453207016,
          -0.7401613593101501
        ],
        [
          -0.06173091381788254,
          0.9957327246665955,
          0.06859798729419708
        ],
        [
          0.7433333396911621,
          0.0,
          0.6689212322235107
        ]
      ],
      "width": 0.08143675327301025,
      "height": 0.019999999552965164,
      "depth": 0.019999999552965164,
      "object_id": -1,
      "frame": "RealSense D455 aligned color camera frame",
      "rank": 1,
      "distance_to_object_center": 0.010794106850548626
    },
    {
      "score": 0.3289830982685089,
      "translation_camera": [
        -0.10212767124176025,
        0.011784232221543789,
        0.40800002217292786
      ],
      "rotation_matrix_camera": [
        [
          0.6660667061805725,
          0.09228428453207016,
          -0.7401613593101501
        ],
        [
          -0.06173091381788254,
          0.9957327246665955,
          0.06859798729419708
        ],
        [
          0.7433333396911621,
          0.0,
          0.6689212322235107
        ]
      ],
      "width": 0.08335627615451813,
      "height": 0.019999999552965164,
      "depth": 0.019999999552965164,
      "object_id": -1,
      "frame": "RealSense D455 aligned color camera frame",
      "rank": 2,
      "distance_to_object_center": 0.01127710999754515
    },
    {
      "score": 0.3285366892814636,
      "translation_camera": [
        -0.10293252021074295,
        0.009642601944506168,
        0.40700003504753113
      ],
      "rotation_matrix_camera": [
        [
          0.6660667061805725,
          0.09228428453207016,
          -0.7401613593101501
        ],
        [
          -0.06173091381788254,
          0.9957327246665955,
          0.06859798729419708
        ],
        [
          0.7433333396911621,
          0.0,
          0.6689212322235107
        ]
      ],
      "width": 0.0845060646533966,
      "height": 0.019999999552965164,
      "depth": 0.019999999552965164,
      "object_id": -1,
      "frame": "RealSense D455 aligned color camera frame",
      "rank": 3,
      "distance_to_object_center": 0.011415625020290672
    },
    {
      "score": 0.32714560627937317,
      "translation_camera": [
        -0.11383659392595291,
        0.02821129746735096,
        0.41600003838539124
      ],
      "rotation_matrix_camera": [
        [
          0.5313771963119507,
          -0.7907350063323975,
          -0.3039349615573883
        ],
        [
          -0.16952382028102875,
          0.2522660195827484,
          -0.9526927471160889
        ],
        [
          0.8300000429153442,
          0.557763397693634,
          -2.4380613083963e-08
        ]
      ],
      "width": 0.06068677082657814,
      "height": 0.019999999552965164,
      "depth": 0.019999999552965164,
      "object_id": -1,
      "frame": "RealSense D455 aligned color camera frame",
      "rank": 4,
      "distance_to_object_center": 0.024402767678831292
    },
    {
      "score": 0.3120807409286499,
      "translation_camera": [
        -0.10156536102294922,
        0.013970318250358105,
        0.4100000262260437
      ],
      "rotation_matrix_camera": [
        [
          0.6660667061805725,
          0.09228428453207016,
          -0.7401613593101501
        ],
        [
          -0.06173091381788254,
          0.9957327246665955,
          0.06859798729419708
        ],
        [
          0.7433333396911621,
          0.0,
          0.6689212322235107
        ]
      ],
      "width": 0.08356884866952896,
      "height": 0.019999999552965164,
      "depth": 0.019999999552965164,
      "object_id": -1,
      "frame": "RealSense D455 aligned color camera frame",
      "rank": 5,
      "distance_to_object_center": 0.010933995752552862
    },
    {
      "score": 0.3111773133277893,
      "translation_camera": [
        -0.12432192265987396,
        -0.011710619553923607,
        0.4150000214576721
      ],
      "rotation_matrix_camera": [
        [
          0.32332366704940796,
          -0.5531456470489502,
          -0.7677836418151855
        ],
        [
          -0.38744980096817017,
          0.6628532409667969,
          -0.6407091617584229
        ],
        [
          0.8633333444595337,
          0.5046340823173523,
          -2.2058255666479454e-08
        ]
      ],
      "width": 0.06701865792274475,
      "height": 0.019999999552965164,
      "depth": 0.029999999329447746,
      "object_id": -1,
      "frame": "RealSense D455 aligned color camera frame",
      "rank": 6,
      "distance_to_object_center": 0.028507803814208
    },
    {
      "score": 0.31035172939300537,
      "translation_camera": [
        -0.10891418904066086,
        0.03957125172019005,
        0.4220000207424164
      ],
      "rotation_matrix_camera": [
        [
          0.4980229139328003,
          -0.6140506863594055,
          -0.6123030185699463
        ],
        [
          -0.3856969475746155,
          0.47555533051490784,
          -0.790623128414154
        ],
        [
          0.7766667008399963,
          0.6299118399620056,
          -2.7534321489497415e-08
        ]
      ],
      "width": 0.07325965166091919,
      "height": 0.019999999552965164,
      "depth": 0.019999999552965164,
      "object_id": -1,
      "frame": "RealSense D455 aligned color camera frame",
      "rank": 7,
      "distance_to_object_center": 0.03379239203662815
    },
    {
      "score": 0.307526171207428,
      "translation_camera": [
        -0.1122165247797966,
        0.029431849718093872,
        0.4180000126361847
      ],
      "rotation_matrix_camera": [
        [
          0.5313771963119507,
          -0.7907350063323975,
          -0.3039349615573883
        ],
        [
          -0.16952382028102875,
          0.2522660195827484,
          -0.9526927471160889
        ],
        [
          0.8300000429153442,
          0.557763397693634,
          -2.4380613083963e-08
        ]
      ],
      "width": 0.06370697170495987,
      "height": 0.019999999552965164,
      "depth": 0.019999999552965164,
      "object_id": -1,
      "frame": "RealSense D455 aligned color camera frame",
      "rank": 8,
      "distance_to_object_center": 0.02474293934707985
    },
    {
      "score": 0.29932326078414917,
      "translation_camera": [
        -0.11060111969709396,
        0.02821129746735096,
        0.41600003838539124
      ],
      "rotation_matrix_camera": [
        [
          0.5313771963119507,
          -0.7907350063323975,
          -0.3039349615573883
        ],
        [
          -0.16952382028102875,
          0.2522660195827484,
          -0.9526927471160889
        ],
        [
          0.8300000429153442,
          0.557763397693634,
          -2.4380613083963e-08
        ]
      ],
      "width": 0.061781931668519974,
      "height": 0.019999999552965164,
      "depth": 0.019999999552965164,
      "object_id": -1,
      "frame": "RealSense D455 aligned color camera frame",
      "rank": 9,
      "distance_to_object_center": 0.023103400254583146
    },
    {
      "score": 0.29832127690315247,
      "translation_camera": [
        -0.10899500548839569,
        0.008565131574869156,
        0.406000018119812
      ],
      "rotation_matrix_camera": [
        [
          0.6660667061805725,
          -0.7401613593101501,
          -0.09228425472974777
        ],
        [
          -0.06173091381788254,
          0.0685979425907135,
          -0.9957327246665955
        ],
        [
          0.7433333396911621,
          0.6689212322235107,
          -2.9239474841347146e-08
        ]
      ],
      "width": 0.07434742897748947,
      "height": 0.019999999552965164,
      "depth": 0.019999999552965164,
      "object_id": -1,
      "frame": "RealSense D455 aligned color camera frame",
      "rank": 10,
      "distance_to_object_center": 0.01370193319818293
    },
    {
      "score": 0.29728007316589355,
      "translation_camera": [
        -0.1100693866610527,
        0.025926580652594566,
        0.4140000343322754
      ],
      "rotation_matrix_camera": [
        [
          0.5313771963119507,
          -0.7907350063323975,
          -0.3039349615573883
        ],
        [
          -0.16952382028102875,
          0.2522660195827484,
          -0.9526927471160889
        ],
        [
          0.8300000429153442,
          0.557763397693634,
          -2.4380613083963e-08
        ]
      ],
      "width": 0.058869268745183945,
      "height": 0.019999999552965164,
      "depth": 0.019999999552965164,
      "object_id": -1,
      "frame": "RealSense D455 aligned color camera frame",
      "rank": 11,
      "distance_to_object_center": 0.02107361773709421
    },
    {
      "score": 0.2925238013267517,
      "translation_camera": [
        -0.10082220286130905,
        0.008586227893829346,
        0.40700003504753113
      ],
      "rotation_matrix_camera": [
        [
          0.6660667061805725,
          0.09228428453207016,
          -0.7401613593101501
        ],
        [
          -0.06173091381788254,
          0.9957327246665955,
          0.06859798729419708
        ],
        [
          0.7433333396911621,
          0.0,
          0.6689212322235107
        ]
      ],
      "width": 0.08239508420228958,
      "height": 0.019999999552965164,
      "depth": 0.019999999552965164,
      "object_id": -1,
      "frame": "RealSense D455 aligned color camera frame",
      "rank": 12,
      "distance_to_object_center": 0.011331006146146422
    },
    {
      "score": 0.2894727289676666,
      "translation_camera": [
        -0.09943949431180954,
        0.011841998435556889,
        0.4100000262260437
      ],
      "rotation_matrix_camera": [
        [
          0.6660667061805725,
          0.09228428453207016,
          -0.7401613593101501
        ],
        [
          -0.06173091381788254,
          0.9957327246665955,
          0.06859798729419708
        ],
        [
          0.7433333396911621,
          0.0,
          0.6689212322235107
        ]
      ],
      "width": 0.08246584236621857,
      "height": 0.019999999552965164,
      "depth": 0.019999999552965164,
      "object_id": -1,
      "frame": "RealSense D455 aligned color camera frame",
      "rank": 13,
      "distance_to_object_center": 0.010097975187742372
    },
    {
      "score": 0.2888208031654358,
      "translation_camera": [
        -0.11465752869844437,
        0.030589783564209938,
        0.4190000295639038
      ],
      "rotation_matrix_camera": [
        [
          0.5313771963119507,
          -0.7907350063323975,
          -0.3039349615573883
        ],
        [
          -0.16952382028102875,
          0.2522660195827484,
          -0.9526927471160889
        ],
        [
          0.8300000429153442,
          0.557763397693634,
          -2.4380613083963e-08
        ]
      ],
      "width": 0.064658984541893,
      "height": 0.019999999552965164,
      "depth": 0.019999999552965164,
      "object_id": -1,
      "frame": "RealSense D455 aligned color camera frame",
      "rank": 14,
      "distance_to_object_center": 0.026831801040908775
    },
    {
      "score": 0.2883489727973938,
      "translation_camera": [
        -0.10873279720544815,
        0.024792008101940155,
        0.4130000174045563
      ],
      "rotation_matrix_camera": [
        [
          0.6540746092796326,
          -0.6235225796699524,
          -0.42825937271118164
        ],
        [
          -0.309978187084198,
          0.2954989969730377,
          -0.9036558270454407
        ],
        [
          0.690000057220459,
          0.7238094210624695,
          -3.1638712982839934e-08
        ]
      ],
      "width": 0.05710861459374428,
      "height": 0.019999999552965164,
      "depth": 0.019999999552965164,
      "object_id": -1,
      "frame": "RealSense D455 aligned color camera frame",
      "rank": 15,
      "distance_to_object_center": 0.019813224129953785
    },
    {
      "score": 0.28462275862693787,
      "translation_camera": [
        -0.122652068734169,
        -0.010582235641777515,
        0.4130000174045563
      ],
      "rotation_matrix_camera": [
        [
          0.32332366704940796,
          -0.5531456470489502,
          -0.7677836418151855
        ],
        [
          -0.38744980096817017,
          0.6628532409667969,
          -0.6407091617584229
        ],
        [
          0.8633333444595337,
          0.5046340823173523,
          -2.2058255666479454e-08
        ]
      ],
      "width": 0.06236683204770088,
      "height": 0.019999999552965164,
      "depth": 0.029999999329447746,
      "object_id": -1,
      "frame": "RealSense D455 aligned color camera frame",
      "rank": 16,
      "distance_to_object_center": 0.02681703000858108
    },
    {
      "score": 0.28387683629989624,
      "translation_camera": [
        -0.10162704437971115,
        0.007511353585869074,
        0.406000018119812
      ],
      "rotation_matrix_camera": [
        [
          0.6660667061805725,
          0.09228428453207016,
          -0.7401613593101501
        ],
        [
          -0.06173091381788254,
          0.9957327246665955,
          0.06859798729419708
        ],
        [
          0.7433333396911621,
          0.0,
          0.6689212322235107
        ]
      ],
      "width": 0.08417728543281555,
      "height": 0.019999999552965164,
      "depth": 0.019999999552965164,
      "object_id": -1,
      "frame": "RealSense D455 aligned color camera frame",
      "rank": 17,
      "distance_to_object_center": 0.012080439246442372
    },
    {
      "score": 0.28150495886802673,
      "translation_camera": [
        -0.10925935208797455,
        0.027066342532634735,
        0.4150000214576721
      ],
      "rotation_matrix_camera": [
        [
          0.5313771963119507,
          -0.7907350063323975,
          -0.3039349615573883
        ],
        [
          -0.16952382028102875,
          0.2522660195827484,
          -0.9526927471160889
        ],
        [
          0.8300000429153442,
          0.557763397693634,
          -2.4380613083963e-08
        ]
      ],
      "width": 0.06047510355710983,
      "height": 0.019999999552965164,
      "depth": 0.019999999552965164,
      "object_id": -1,
      "frame": "RealSense D455 aligned color camera frame",
      "rank": 18,
      "distance_to_object_center": 0.02170563294712845
    },
    {
      "score": 0.28135332465171814,
      "translation_camera": [
        -0.11215269565582275,
        0.008565131574869156,
        0.406000018119812
      ],
      "rotation_matrix_camera": [
        [
          0.6660667061805725,
          -0.7401613593101501,
          -0.09228425472974777
        ],
        [
          -0.06173091381788254,
          0.0685979425907135,
          -0.9957327246665955
        ],
        [
          0.7433333396911621,
          0.6689212322235107,
          -2.9239474841347146e-08
        ]
      ],
      "width": 0.0701349601149559,
      "height": 0.019999999552965164,
      "depth": 0.029999999329447746,
      "object_id": -1,
      "frame": "RealSense D455 aligned color camera frame",
      "rank": 19,
      "distance_to_object_center": 0.015414217392826066
    },
    {
      "score": 0.27825865149497986,
      "translation_camera": [
        -0.12217012792825699,
        -0.013864895328879356,
        0.4150000214576721
      ],
      "rotation_matrix_camera": [
        [
          0.32332366704940796,
          -0.5531456470489502,
          -0.7677836418151855
        ],
        [
          -0.38744980096817017,
          0.6628532409667969,
          -0.6407091617584229
        ],
        [
          0.8633333444595337,
          0.5046340823173523,
          -2.2058255666479454e-08
        ]
      ],
      "width": 0.06349343061447144,
      "height": 0.019999999552965164,
      "depth": 0.029999999329447746,
      "object_id": -1,
      "frame": "RealSense D455 aligned color camera frame",
      "rank": 20,
      "distance_to_object_center": 0.028420445889205097
    },
    {
      "score": 0.2777654528617859,
      "translation_camera": [
        -0.09760148823261261,
        0.03250892832875252,
        0.43000003695487976
      ],
      "rotation_matrix_camera": [
        [
          0.4980229139328003,
          -0.6140506863594055,
          -0.6123030185699463
        ],
        [
          -0.3856969475746155,
          0.47555533051490784,
          -0.790623128414154
        ],
        [
          0.7766667008399963,
          0.6299118399620056,
          -2.7534321489497415e-08
        ]
      ],
      "width": 0.07215316593647003,
      "height": 0.019999999552965164,
      "depth": 0.019999999552965164,
      "object_id": -1,
      "frame": "RealSense D455 aligned color camera frame",
      "rank": 21,
      "distance_to_object_center": 0.029000396461619816
    },
    {
      "score": 0.27744704484939575,
      "translation_camera": [
        -0.10792277753353119,
        0.025926580652594566,
        0.4140000343322754
      ],
      "rotation_matrix_camera": [
        [
          0.5313771963119507,
          -0.7907350063323975,
          -0.3039349615573883
        ],
        [
          -0.16952382028102875,
          0.2522660195827484,
          -0.9526927471160889
        ],
        [
          0.8300000429153442,
          0.557763397693634,
          -2.4380613083963e-08
        ]
      ],
      "width": 0.05981021374464035,
      "height": 0.019999999552965164,
      "depth": 0.019999999552965164,
      "object_id": -1,
      "frame": "RealSense D455 aligned color camera frame",
      "rank": 22,
      "distance_to_object_center": 0.020420072872285897
    },
    {
      "score": 0.27552786469459534,
      "translation_camera": [
        -0.10293547064065933,
        0.03466027230024338,
        0.42900002002716064
      ],
      "rotation_matrix_camera": [
        [
          0.4980229139328003,
          -0.6140506863594055,
          -0.6123030185699463
        ],
        [
          -0.3856969475746155,
          0.47555533051490784,
          -0.790623128414154
        ],
        [
          0.7766667008399963,
          0.6299118399620056,
          -2.7534321489497415e-08
        ]
      ],
      "width": 0.07369083166122437,
      "height": 0.019999999552965164,
      "depth": 0.019999999552965164,
      "object_id": -1,
      "frame": "RealSense D455 aligned color camera frame",
      "rank": 23,
      "distance_to_object_center": 0.030139739668015378
    },
    {
      "score": 0.2753601670265198,
      "translation_camera": [
        -0.10748481005430222,
        0.03874947130680084,
        0.42500001192092896
      ],
      "rotation_matrix_camera": [
        [
          0.4980229139328003,
          -0.6140506863594055,
          -0.6123030185699463
        ],
        [
          -0.3856969475746155,
          0.47555533051490784,
          -0.790623128414154
        ],
        [
          0.7766667008399963,
          0.6299118399620056,
          -2.7534321489497415e-08
        ]
      ],
      "width": 0.07438632100820541,
      "height": 0.019999999552965164,
      "depth": 0.019999999552965164,
      "object_id": -1,
      "frame": "RealSense D455 aligned color camera frame",
      "rank": 24,
      "distance_to_object_center": 0.03325104380434639
    },
    {
      "score": 0.274887353181839,
      "translation_camera": [
        -0.1142578274011612,
        0.009618910029530525,
        0.406000018119812
      ],
      "rotation_matrix_camera": [
        [
          0.6660667061805725,
          -0.7401613593101501,
          -0.09228425472974777
        ],
        [
          -0.06173091381788254,
          0.0685979425907135,
          -0.9957327246665955
        ],
        [
          0.7433333396911621,
          0.6689212322235107,
          -2.9239474841347146e-08
        ]
      ],
      "width": 0.07047563046216965,
      "height": 0.019999999552965164,
      "depth": 0.029999999329447746,
      "object_id": -1,
      "frame": "RealSense D455 aligned color camera frame",
      "rank": 25,
      "distance_to_object_center": 0.016945926067471258
    },
    {
      "score": 0.2747378945350647,
      "translation_camera": [
        -0.12138602882623672,
        -0.016057772561907768,
        0.41600003838539124
      ],
      "rotation_matrix_camera": [
        [
          0.32332366704940796,
          -0.5531456470489502,
          -0.7677836418151855
        ],
        [
          -0.38744980096817017,
          0.6628532409667969,
          -0.6407091617584229
        ],
        [
          0.8633333444595337,
          0.5046340823173523,
          -2.2058255666479454e-08
        ]
      ],
      "width": 0.06796447932720184,
      "height": 0.019999999552965164,
      "depth": 0.03999999910593033,
      "object_id": -1,
      "frame": "RealSense D455 aligned color camera frame",
      "rank": 26,
      "distance_to_object_center": 0.02945059255870757
    },
    {
      "score": 0.27359479665756226,
      "translation_camera": [
        -0.09755097329616547,
        0.011870880611240864,
        0.41100001335144043
      ],
      "rotation_matrix_camera": [
        [
          0.6660667061805725,
          0.09228428453207016,
          -0.7401613593101501
        ],
        [
          -0.06173091381788254,
          0.9957327246665955,
          0.06859798729419708
        ],
        [
          0.7433333396911621,
          0.0,
          0.6689212322235107
        ]
      ],
      "width": 0.08192720264196396,
      "height": 0.019999999552965164,
      "depth": 0.019999999552965164,
      "object_id": -1,
      "frame": "RealSense D455 aligned color camera frame",
      "rank": 27,
      "distance_to_object_center": 0.010152707639804276
    },
    {
      "score": 0.2707515358924866,
      "translation_camera": [
        -0.0928836241364479,
        0.030558427795767784,
        0.43400001525878906
      ],
      "rotation_matrix_camera": [
        [
          0.5313771963119507,
          -0.7907350063323975,
          -0.3039349615573883
        ],
        [
          -0.16952382028102875,
          0.2522660195827484,
          -0.9526927471160889
        ],
        [
          0.8300000429153442,
          0.557763397693634,
          -2.4380613083963e-08
        ]
      ],
      "width": 0.07112599164247513,
      "height": 0.019999999552965164,
      "depth": 0.019999999552965164,
      "object_id": -1,
      "frame": "RealSense D455 aligned color camera frame",
      "rank": 28,
      "distance_to_object_center": 0.030429147899289147
    },
    {
      "score": 0.27055492997169495,
      "translation_camera": [
        -0.11110012978315353,
        0.01067268755286932,
        0.406000018119812
      ],
      "rotation_matrix_camera": [
        [
          0.6660667061805725,
          -0.7401613593101501,
          -0.09228425472974777
        ],
        [
          -0.06173091381788254,
          0.0685979425907135,
          -0.9957327246665955
        ],
        [
          0.7433333396911621,
          0.6689212322235107,
          -2.9239474841347146e-08
        ]
      ],
      "width": 0.07278446853160858,
      "height": 0.019999999552965164,
      "depth": 0.019999999552965164,
      "object_id": -1,
      "frame": "RealSense D455 aligned color camera frame",
      "rank": 29,
      "distance_to_object_center": 0.015214660499024408
    },
    {
      "score": 0.2700435221195221,
      "translation_camera": [
        -0.09416773170232773,
        0.03440697491168976,
        0.4400000274181366
      ],
      "rotation_matrix_camera": [
        [
          0.5313771963119507,
          -0.7907350063323975,
          -0.3039349615573883
        ],
        [
          -0.16952382028102875,
          0.2522660195827484,
          -0.9526927471160889
        ],
        [
          0.8300000429153442,
          0.557763397693634,
          -2.4380613083963e-08
        ]
      ],
      "width": 0.07004887610673904,
      "height": 0.019999999552965164,
      "depth": 0.019999999552965164,
      "object_id": -1,
      "frame": "RealSense D455 aligned color camera frame",
      "rank": 30,
      "distance_to_object_center": 0.0364642340002603
    },
    {
      "score": 0.2695424556732178,
      "translation_camera": [
        -0.10794243961572647,
        0.01172646600753069,
        0.406000018119812
      ],
      "rotation_matrix_camera": [
        [
          0.6660667061805725,
          -0.7401613593101501,
          -0.09228425472974777
        ],
        [
          -0.06173091381788254,
          0.0685979425907135,
          -0.9957327246665955
        ],
        [
          0.7433333396911621,
          0.6689212322235107,
          -2.9239474841347146e-08
        ]
      ],
      "width": 0.06858421862125397,
      "height": 0.019999999552965164,
      "depth": 0.029999999329447746,
      "object_id": -1,
      "frame": "RealSense D455 aligned color camera frame",
      "rank": 31,
      "distance_to_object_center": 0.01407019788480299
    },
    {
      "score": 0.26880308985710144,
      "translation_camera": [
        -0.11004756391048431,
        0.012780244462192059,
        0.406000018119812
      ],
      "rotation_matrix_camera": [
        [
          0.6660667061805725,
          -0.7401613593101501,
          -0.09228425472974777
        ],
        [
          -0.06173091381788254,
          0.0685979425907135,
          -0.9957327246665955
        ],
        [
          0.7433333396911621,
          0.6689212322235107,
          -2.9239474841347146e-08
        ]
      ],
      "width": 0.06662571430206299,
      "height": 0.019999999552965164,
      "depth": 0.029999999329447746,
      "object_id": -1,
      "frame": "RealSense D455 aligned color camera frame",
      "rank": 32,
      "distance_to_object_center": 0.015377681103193808
    },
    {
      "score": 0.2687353193759918,
      "translation_camera": [
        -0.11302191764116287,
        0.03292121738195419,
        0.42100003361701965
      ],
      "rotation_matrix_camera": [
        [
          0.5313771963119507,
          -0.7907350063323975,
          -0.3039349615573883
        ],
        [
          -0.16952382028102875,
          0.2522660195827484,
          -0.9526927471160889
        ],
        [
          0.8300000429153442,
          0.557763397693634,
          -2.4380613083963e-08
        ]
      ],
      "width": 0.06600381433963776,
      "height": 0.019999999552965164,
      "depth": 0.019999999552965164,
      "object_id": -1,
      "frame": "RealSense D455 aligned color camera frame",
      "rank": 33,
      "distance_to_object_center": 0.02843821072823817
    },
    {
      "score": 0.2653760015964508,
      "translation_camera": [
        -0.10922618955373764,
        0.02950226329267025,
        0.4190000295639038
      ],
      "rotation_matrix_camera": [
        [
          0.5313771963119507,
          -0.7907350063323975,
          -0.3039349615573883
        ],
        [
          -0.16952382028102875,
          0.2522660195827484,
          -0.9526927471160889
        ],
        [
          0.8300000429153442,
          0.557763397693634,
          -2.4380613083963e-08
        ]
      ],
      "width": 0.06502020359039307,
      "height": 0.019999999552965164,
      "depth": 0.019999999552965164,
      "object_id": -1,
      "frame": "RealSense D455 aligned color camera frame",
      "rank": 34,
      "distance_to_object_center": 0.023839845826650663
    },
    {
      "score": 0.2634093761444092,
      "translation_camera": [
        -0.11275345087051392,
        0.030662788078188896,
        0.42000001668930054
      ],
      "rotation_matrix_camera": [
        [
          0.5313771963119507,
          -0.7907350063323975,
          -0.3039349615573883
        ],
        [
          -0.16952382028102875,
          0.2522660195827484,
          -0.9526927471160889
        ],
        [
          0.8300000429153442,
          0.557763397693634,
          -2.4380613083963e-08
        ]
      ],
      "width": 0.06481567025184631,
      "height": 0.019999999552965164,
      "depth": 0.019999999552965164,
      "object_id": -1,
      "frame": "RealSense D455 aligned color camera frame",
      "rank": 35,
      "distance_to_object_center": 0.026162286145162184
    },
    {
      "score": 0.2632127106189728,
      "translation_camera": [
        -0.10071108490228653,
        0.033546797931194305,
        0.42900002002716064
      ],
      "rotation_matrix_camera": [
        [
          0.4980229139328003,
          -0.6140506863594055,
          -0.6123030185699463
        ],
        [
          -0.3856969475746155,
          0.47555533051490784,
          -0.790623128414154
        ],
        [
          0.7766667008399963,
          0.6299118399620056,
          -2.7534321489497415e-08
        ]
      ],
      "width": 0.07258427888154984,
      "height": 0.019999999552965164,
      "depth": 0.019999999552965164,
      "object_id": -1,
      "frame": "RealSense D455 aligned color camera frame",
      "rank": 36,
      "distance_to_object_center": 0.029171324739078186
    },
    {
      "score": 0.2619466781616211,
      "translation_camera": [
        -0.09105098247528076,
        0.03069925121963024,
        0.4360000193119049
      ],
      "rotation_matrix_camera": [
        [
          0.5313771963119507,
          -0.7907350063323975,
          -0.3039349615573883
        ],
        [
          -0.16952382028102875,
          0.2522660195827484,
          -0.9526927471160889
        ],
        [
          0.8300000429153442,
          0.557763397693634,
          -2.4380613083963e-08
        ]
      ],
      "width": 0.07099376618862152,
      "height": 0.019999999552965164,
      "depth": 0.019999999552965164,
      "object_id": -1,
      "frame": "RealSense D455 aligned color camera frame",
      "rank": 37,
      "distance_to_object_center": 0.03224847724572152
    },
    {
      "score": 0.26136431097984314,
      "translation_camera": [
        -0.09438174962997437,
        0.0367744117975235,
        0.4410000145435333
      ],
      "rotation_matrix_camera": [
        [
          0.5313771963119507,
          -0.7907350063323975,
          -0.3039349615573883
        ],
        [
          -0.16952382028102875,
          0.2522660195827484,
          -0.9526927471160889
        ],
        [
          0.8300000429153442,
          0.557763397693634,
          -2.4380613083963e-08
        ]
      ],
      "width": 0.06917298585176468,
      "height": 0.019999999552965164,
      "depth": 0.019999999552965164,
      "object_id": -1,
      "frame": "RealSense D455 aligned color camera frame",
      "rank": 38,
      "distance_to_object_center": 0.03883691620977147
    },
    {
      "score": 0.2603418231010437,
      "translation_camera": [
        -0.12128697335720062,
        -0.010556613095104694,
        0.41200003027915955
      ],
      "rotation_matrix_camera": [
        [
          0.32332366704940796,
          -0.5531456470489502,
          -0.7677836418151855
        ],
        [
          -0.38744980096817017,
          0.6628532409667969,
          -0.6407091617584229
        ],
        [
          0.8633333444595337,
          0.5046340823173523,
          -2.2058255666479454e-08
        ]
      ],
      "width": 0.06051250547170639,
      "height": 0.019999999552965164,
      "depth": 0.029999999329447746,
      "object_id": -1,
      "frame": "RealSense D455 aligned color camera frame",
      "rank": 39,
      "distance_to_object_center": 0.026011688045049174
    },
    {
      "score": 0.26028430461883545,
      "translation_camera": [
        -0.09622995555400848,
        0.036607638001441956,
        0.43900004029273987
      ],
      "rotation_matrix_camera": [
        [
          0.5313771963119507,
          -0.7907350063323975,
          -0.3039349615573883
        ],
        [
          -0.16952382028102875,
          0.2522660195827484,
          -0.9526927471160889
        ],
        [
          0.8300000429153442,
          0.557763397693634,
          -2.4380613083963e-08
        ]
      ],
      "width": 0.07020261883735657,
      "height": 0.019999999552965164,
      "depth": 0.019999999552965164,
      "object_id": -1,
      "frame": "RealSense D455 aligned color camera frame",
      "rank": 40,
      "distance_to_object_center": 0.03718889805399568
    },
    {
      "score": 0.2602534592151642,
      "translation_camera": [
        -0.12080243974924088,
        -0.012756943702697754,
        0.4140000343322754
      ],
      "rotation_matrix_camera": [
        [
          0.32332366704940796,
          -0.5531456470489502,
          -0.7677836418151855
        ],
        [
          -0.38744980096817017,
          0.6628532409667969,
          -0.6407091617584229
        ],
        [
          0.8633333444595337,
          0.5046340823173523,
          -2.2058255666479454e-08
        ]
      ],
      "width": 0.06579853594303131,
      "height": 0.019999999552965164,
      "depth": 0.03999999910593033,
      "object_id": -1,
      "frame": "RealSense D455 aligned color camera frame",
      "rank": 41,
      "distance_to_object_center": 0.02681708450927993
    },
    {
      "score": 0.25977110862731934,
      "translation_camera": [
        -0.10688361525535583,
        0.03671525418758392,
        0.4270000159740448
      ],
      "rotation_matrix_camera": [
        [
          0.4980229139328003,
          -0.6140506863594055,
          -0.6123030185699463
        ],
        [
          -0.3856969475746155,
          0.47555533051490784,
          -0.790623128414154
        ],
        [
          0.7766667008399963,
          0.6299118399620056,
          -2.7534321489497415e-08
        ]
      ],
      "width": 0.07475487142801285,
      "height": 0.019999999552965164,
      "depth": 0.019999999552965164,
      "object_id": -1,
      "frame": "RealSense D455 aligned color camera frame",
      "rank": 42,
      "distance_to_object_center": 0.03171054510782048
    },
    {
      "score": 0.2571764886379242,
      "translation_camera": [
        -0.10602433234453201,
        0.03569035977125168,
        0.4280000329017639
      ],
      "rotation_matrix_camera": [
        [
          0.4980229139328003,
          -0.6140506863594055,
          -0.6123030185699463
        ],
        [
          -0.3856969475746155,
          0.47555533051490784,
          -0.790623128414154
        ],
        [
          0.7766667008399963,
          0.6299118399620056,
          -2.7534321489497415e-08
        ]
      ],
      "width": 0.07431589812040329,
      "height": 0.019999999552965164,
      "depth": 0.019999999552965164,
      "object_id": -1,
      "frame": "RealSense D455 aligned color camera frame",
      "rank": 43,
      "distance_to_object_center": 0.03094179221374666
    },
    {
      "score": 0.2569338083267212,
      "translation_camera": [
        -0.10715315490961075,
        0.013868097215890884,
        0.40700003504753113
      ],
      "rotation_matrix_camera": [
        [
          0.6660667061805725,
          -0.7401613593101501,
          -0.09228425472974777
        ],
        [
          -0.06173091381788254,
          0.0685979425907135,
          -0.9957327246665955
        ],
        [
          0.7433333396911621,
          0.6689212322235107,
          -2.9239474841347146e-08
        ]
      ],
      "width": 0.06669773906469345,
      "height": 0.019999999552965164,
      "depth": 0.029999999329447746,
      "object_id": -1,
      "frame": "RealSense D455 aligned color camera frame",
      "rank": 44,
      "distance_to_object_center": 0.013922170160293078
    },
    {
      "score": 0.2542370855808258,
      "translation_camera": [
        -0.09552504867315292,
        0.03791903331875801,
        0.4410000145435333
      ],
      "rotation_matrix_camera": [
        [
          0.5313771963119507,
          -0.7907350063323975,
          -0.3039349615573883
        ],
        [
          -0.16952382028102875,
          0.2522660195827484,
          -0.9526927471160889
        ],
        [
          0.8300000429153442,
          0.557763397693634,
          -2.4380613083963e-08
        ]
      ],
      "width": 0.0687844306230545,
      "height": 0.019999999552965164,
      "depth": 0.019999999552965164,
      "object_id": -1,
      "frame": "RealSense D455 aligned color camera frame",
      "rank": 45,
      "distance_to_object_center": 0.0395098011085003
    },
    {
      "score": 0.2540440857410431,
      "translation_camera": [
        -0.10736565291881561,
        0.027131563052535057,
        0.41600003838539124
      ],
      "rotation_matrix_camera": [
        [
          0.5313771963119507,
          -0.7907350063323975,
          -0.3039349615573883
        ],
        [
          -0.16952382028102875,
          0.2522660195827484,
          -0.9526927471160889
        ],
        [
          0.8300000429153442,
          0.557763397693634,
          -2.4380613083963e-08
        ]
      ],
      "width": 0.06177671253681183,
      "height": 0.019999999552965164,
      "depth": 0.019999999552965164,
      "object_id": -1,
      "frame": "RealSense D455 aligned color camera frame",
      "rank": 46,
      "distance_to_object_center": 0.021153587367792912
    },
    {
      "score": 0.25344765186309814,
      "translation_camera": [
        -0.09731362015008926,
        0.009713677689433098,
        0.4100000262260437
      ],
      "rotation_matrix_camera": [
        [
          0.6660667061805725,
          0.09228428453207016,
          -0.7401613593101501
        ],
        [
          -0.06173091381788254,
          0.9957327246665955,
          0.06859798729419708
        ],
        [
          0.7433333396911621,
          0.0,
          0.6689212322235107
        ]
      ],
      "width": 0.08163920044898987,
      "height": 0.019999999552965164,
      "depth": 0.019999999552965164,
      "object_id": -1,
      "frame": "RealSense D455 aligned color camera frame",
      "rank": 47,
      "distance_to_object_center": 0.01012344436661767
    },
    {
      "score": 0.2519625723361969,
      "translation_camera": [
        -0.10270857810974121,
        0.027327222749590874,
        0.4190000295639038
      ],
      "rotation_matrix_camera": [
        [
          0.6540746092796326,
          -0.6235225796699524,
          -0.42825937271118164
        ],
        [
          -0.309978187084198,
          0.2954989969730377,
          -0.9036558270454407
        ],
        [
          0.690000057220459,
          0.7238094210624695,
