{
  "success": true,
  "method": "graspnet_baseline_d455",
  "num_candidates": 183,
  "object_center_camera": [
    0.0295307643009449,
    -0.029082839306101723,
    0.3750000298023224
  ],
  "candidates": [
    {
      "score": 0.3572104573249817,
      "translation_camera": [
        0.016922472044825554,
        -0.07172868400812149,
        0.37400001287460327
      ],
      "rotation_matrix_camera": [
        [
          0.32332366704940796,
          -0.5531456470489502,
          -0.7677836418151855
        ],
        [
          -0.38744980096817017,
          0.6628532409667969,
          -0.6407091617584229
        ],
        [
          0.8633333444595337,
          0.5046340823173523,
          -2.2058255666479454e-08
        ]
      ],
      "width": 0.07792732864618301,
      "height": 0.019999999552965164,
      "depth": 0.03999999910593033,
      "object_id": -1,
      "frame": "RealSense D455 aligned color camera frame",
      "rank": 0,
      "distance_to_object_center": 0.044481874261548725
    },
    {
      "score": 0.33284786343574524,
      "translation_camera": [
        0.00926152989268303,
        -0.07642132043838501,
        0.37800002098083496
      ],
      "rotation_matrix_camera": [
        [
          0.32332366704940796,
          -0.5531456470489502,
          -0.7677836418151855
        ],
        [
          -0.38744980096817017,
          0.6628532409667969,
          -0.6407091617584229
        ],
        [
          0.8633333444595337,
          0.5046340823173523,
          -2.2058255666479454e-08
        ]
      ],
      "width": 0.07621677219867706,
      "height": 0.019999999552965164,
      "depth": 0.029999999329447746,
      "object_id": -1,
      "frame": "RealSense D455 aligned color camera frame",
      "rank": 1,
      "distance_to_object_center": 0.05158268708083905
    },
    {
      "score": 0.3218376338481903,
      "translation_camera": [
        0.017892342060804367,
        -0.06784474104642868,
        0.37400001287460327
      ],
      "rotation_matrix_camera": [
        [
          0.32332366704940796,
          -0.5531456470489502,
          -0.7677836418151855
        ],
        [
          -0.38744980096817017,
          0.6628532409667969,
          -0.6407091617584229
        ],
        [
          0.8633333444595337,
          0.5046340823173523,
          -2.2058255666479454e-08
        ]
      ],
      "width": 0.07654546201229095,
      "height": 0.019999999552965164,
      "depth": 0.029999999329447746,
      "object_id": -1,
      "frame": "RealSense D455 aligned color camera frame",
      "rank": 2,
      "distance_to_object_center": 0.04048379839667079
    },
    {
      "score": 0.24270540475845337,
      "translation_camera": [
        0.015223100781440735,
        0.009005374275147915,
        0.3800000250339508
      ],
      "rotation_matrix_camera": [
        [
          -0.02387956529855728,
          -0.004959153011441231,
          -0.9997025728225708
        ],
        [
          -0.9788183569908142,
          -0.20327284932136536,
          0.024389071390032768
        ],
        [
          -0.20333333313465118,
          0.9791096448898315,
          -4.2798241395303194e-08
        ]
      ],
      "width": 0.07231586426496506,
      "height": 0.019999999552965164,
      "depth": 0.019999999552965164,
      "object_id": -1,
      "frame": "RealSense D455 aligned color camera frame",
      "rank": 3,
      "distance_to_object_center": 0.04099294087418646
    },
    {
      "score": 0.2375587671995163,
      "translation_camera": [
        0.01518303994089365,
        0.006029773969203234,
        0.3790000379085541
      ],
      "rotation_matrix_camera": [
        [
          -0.02387956529855728,
          -0.004959153011441231,
          -0.9997025728225708
        ],
        [
          -0.9788183569908142,
          -0.20327284932136536,
          0.024389071390032768
        ],
        [
          -0.20333333313465118,
          0.9791096448898315,
          -4.2798241395303194e-08
        ]
      ],
      "width": 0.07544605433940887,
      "height": 0.019999999552965164,
      "depth": 0.019999999552965164,
      "object_id": -1,
      "frame": "RealSense D455 aligned color camera frame",
      "rank": 4,
      "distance_to_object_center": 0.038141222714840294
    },
    {
      "score": 0.23749229311943054,
      "translation_camera": [
        0.018912645056843758,
        0.004992552567273378,
        0.3750000298023224
      ],
      "rotation_matrix_camera": [
        [
          -0.02387956529855728,
          -0.004959153011441231,
          -0.9997025728225708
        ],
        [
          -0.9788183569908142,
          -0.20327284932136536,
          0.024389071390032768
        ],
        [
          -0.20333333313465118,
          0.9791096448898315,
          -4.2798241395303194e-08
        ]
      ],
      "width": 0.07885368168354034,
      "height": 0.019999999552965164,
      "depth": 0.019999999552965164,
      "object_id": -1,
      "frame": "RealSense D455 aligned color camera frame",
      "rank": 5,
      "distance_to_object_center": 0.035691410557808285
    },
    {
      "score": 0.23523685336112976,
      "translation_camera": [
        0.016080567613244057,
        0.00697672925889492,
        0.37700003385543823
      ],
      "rotation_matrix_camera": [
        [
          -0.02387956529855728,
          -0.004959153011441231,
          -0.9997025728225708
        ],
        [
          -0.9788183569908142,
          -0.20327284932136536,
          0.024389071390032768
        ],
        [
          -0.20333333313465118,
          0.9791096448898315,
          -4.2798241395303194e-08
        ]
      ],
      "width": 0.07621978223323822,
      "height": 0.019999999552965164,
      "depth": 0.019999999552965164,
      "object_id": -1,
      "frame": "RealSense D455 aligned color camera frame",
      "rank": 6,
      "distance_to_object_center": 0.03853829643671361
    },
    {
      "score": 0.2349013090133667,
      "translation_camera": [
        0.013287118636071682,
        0.014964031986892223,
        0.38100001215934753
      ],
      "rotation_matrix_camera": [
        [
          -0.02387956529855728,
          -0.004959153011441231,
          -0.9997025728225708
        ],
        [
          -0.9788183569908142,
          -0.20327284932136536,
          0.024389071390032768
        ],
        [
          -0.20333333313465118,
          0.9791096448898315,
          -4.2798241395303194e-08
        ]
      ],
      "width": 0.07004792243242264,
      "height": 0.019999999552965164,
      "depth": 0.019999999552965164,
      "object_id": -1,
      "frame": "RealSense D455 aligned color camera frame",
      "rank": 7,
      "distance_to_object_center": 0.04732845532522841
    },
    {
      "score": 0.22671274840831757,
      "translation_camera": [
        0.017988022416830063,
        0.007934401743113995,
        0.3760000169277191
      ],
      "rotation_matrix_camera": [
        [
          -0.02387956529855728,
          -0.004959153011441231,
          -0.9997025728225708
        ],
        [
          -0.9788183569908142,
          -0.20327284932136536,
          0.024389071390032768
        ],
        [
          -0.20333333313465118,
          0.9791096448898315,
          -4.2798241395303194e-08
        ]
      ],
      "width": 0.07718049734830856,
      "height": 0.019999999552965164,
      "depth": 0.019999999552965164,
      "object_id": -1,
      "frame": "RealSense D455 aligned color camera frame",
      "rank": 8,
      "distance_to_object_center": 0.038788026494654244
    },
    {
      "score": 0.22284911572933197,
      "translation_camera": [
        0.04384307563304901,
        -0.06651613861322403,
        0.3720000088214874
      ],
      "rotation_matrix_camera": [
        [
          0.6540746092796326,
          -0.6235225796699524,
          -0.42825937271118164
        ],
        [
          -0.309978187084198,
          0.2954989969730377,
          -0.9036558270454407
        ],
        [
          0.690000057220459,
          0.7238094210624695,
          -3.1638712982839934e-08
        ]
      ],
      "width": 0.06440066546201706,
      "height": 0.019999999552965164,
      "depth": 0.029999999329447746,
      "object_id": -1,
      "frame": "RealSense D455 aligned color camera frame",
      "rank": 9,
      "distance_to_object_center": 0.04018823557422158
    },
    {
      "score": 0.22164806723594666,
      "translation_camera": [
        0.016123220324516296,
        0.002088378882035613,
        0.37800002098083496
      ],
      "rotation_matrix_camera": [
        [
          -0.02387956529855728,
          -0.004959153011441231,
          -0.9997025728225708
        ],
        [
          -0.9788183569908142,
          -0.20327284932136536,
          0.024389071390032768
        ],
        [
          -0.20333333313465118,
          0.9791096448898315,
          -4.2798241395303194e-08
        ]
      ],
      "width": 0.07534640282392502,
      "height": 0.019999999552965164,
      "depth": 0.019999999552965164,
      "object_id": -1,
      "frame": "RealSense D455 aligned color camera frame",
      "rank": 10,
      "distance_to_object_center": 0.03406474755349706
    },
    {
      "score": 0.21998310089111328,
      "translation_camera": [
        0.012331378646194935,
        0.013019795529544353,
        0.38200002908706665
      ],
      "rotation_matrix_camera": [
        [
          -0.02387956529855728,
          -0.004959153011441231,
          -0.9997025728225708
        ],
        [
          -0.9788183569908142,
          -0.20327284932136536,
          0.024389071390032768
        ],
        [
          -0.20333333313465118,
          0.9791096448898315,
          -4.2798241395303194e-08
        ]
      ],
      "width": 0.06662457436323166,
      "height": 0.019999999552965164,
      "depth": 0.019999999552965164,
      "object_id": -1,
      "frame": "RealSense D455 aligned color camera frame",
      "rank": 11,
      "distance_to_object_center": 0.04601576596114638
    },
    {
      "score": 0.21183548867702484,
      "translation_camera": [
        0.04686276242136955,
        -0.06766333431005478,
        0.37300002574920654
      ],
      "rotation_matrix_camera": [
        [
          0.6540746092796326,
          -0.6235225796699524,
          -0.42825937271118164
        ],
        [
          -0.309978187084198,
          0.2954989969730377,
          -0.9036558270454407
        ],
        [
          0.690000057220459,
          0.7238094210624695,
          -3.1638712982839934e-08
        ]
      ],
      "width": 0.06476917862892151,
      "height": 0.019999999552965164,
      "depth": 0.019999999552965164,
      "object_id": -1,
      "frame": "RealSense D455 aligned color camera frame",
      "rank": 12,
      "distance_to_object_center": 0.04234209217562271
    },
    {
      "score": 0.20795510709285736,
      "translation_camera": [
        0.02080194652080536,
        0.00789219792932272,
        0.37400001287460327
      ],
      "rotation_matrix_camera": [
        [
          -0.02387956529855728,
          -0.004959153011441231,
          -0.9997025728225708
        ],
        [
          -0.9788183569908142,
          -0.20327284932136536,
          0.024389071390032768
        ],
        [
          -0.20333333313465118,
          0.9791096448898315,
          -4.2798241395303194e-08
        ]
      ],
      "width": 0.07586737722158432,
      "height": 0.019999999552965164,
      "depth": 0.019999999552965164,
      "object_id": -1,
      "frame": "RealSense D455 aligned color camera frame",
      "rank": 13,
      "distance_to_object_center": 0.0380045480469855
    },
    {
      "score": 0.207314133644104,
      "translation_camera": [
        0.02080194652080536,
        0.041876718401908875,
        0.37400001287460327
      ],
      "rotation_matrix_camera": [
        [
          0.8544597029685974,
          0.03706137463450432,
          -0.5181940793991089
        ],
        [
          -0.517707347869873,
          -0.022455113008618355,
          -0.8552629947662354
        ],
        [
          -0.04333333298563957,
          0.9990606307983398,
          -4.367032602203835e-08
        ]
      ],
      "width": 0.06141464412212372,
      "height": 0.019999999552965164,
      "depth": 0.019999999552965164,
      "object_id": -1,
      "frame": "RealSense D455 aligned color camera frame",
      "rank": 14,
      "distance_to_object_center": 0.07150140644638461
    },
    {
      "score": 0.20693914592266083,
      "translation_camera": [
        0.020857568830251694,
        0.0020718045998364687,
        0.3750000298023224
      ],
      "rotation_matrix_camera": [
        [
          -0.02387956529855728,
          -0.004959153011441231,
          -0.9997025728225708
        ],
        [
          -0.9788183569908142,
          -0.20327284932136536,
          0.024389071390032768
        ],
        [
          -0.20333333313465118,
          0.9791096448898315,
          -4.2798241395303194e-08
        ]
      ],
      "width": 0.07797637581825256,
      "height": 0.019999999552965164,
      "depth": 0.019999999552965164,
      "object_id": -1,
      "frame": "RealSense D455 aligned color camera frame",
      "rank": 15,
      "distance_to_object_center": 0.03233939017017273
    },
    {
      "score": 0.1955443024635315,
      "translation_camera": [
        0.04918978363275528,
        -0.06918372213840485,
        0.3760000169277191
      ],
      "rotation_matrix_camera": [
        [
          0.6540746092796326,
          -0.6235225796699524,
          -0.42825937271118164
        ],
        [
          -0.309978187084198,
          0.2954989969730377,
          -0.9036558270454407
        ],
        [
          0.690000057220459,
          0.7238094210624695,
          -3.1638712982839934e-08
        ]
      ],
      "width": 0.06523911654949188,
      "height": 0.019999999552965164,
      "depth": 0.019999999552965164,
      "object_id": -1,
      "frame": "RealSense D455 aligned color camera frame",
      "rank": 16,
      "distance_to_object_center": 0.04467166685125547
    },
    {
      "score": 0.1928880661725998,
      "translation_camera": [
        0.05512131378054619,
        0.04238944500684738,
        0.37000003457069397
      ],
      "rotation_matrix_camera": [
        [
          0.8544597029685974,
          0.03706137463450432,
          -0.5181940793991089
        ],
        [
          -0.517707347869873,
          -0.022455113008618355,
          -0.8552629947662354
        ],
        [
          -0.04333333298563957,
          0.9990606307983398,
          -4.367032602203835e-08
        ]
      ],
      "width": 0.053545501083135605,
      "height": 0.019999999552965164,
      "depth": 0.019999999552965164,
      "object_id": -1,
      "frame": "RealSense D455 aligned color camera frame",
      "rank": 17,
      "distance_to_object_center": 0.07607998159762698
    },
    {
      "score": 0.1924644112586975,
      "translation_camera": [
        0.024681420996785164,
        0.041876718401908875,
        0.37400001287460327
      ],
      "rotation_matrix_camera": [
        [
          0.8544597029685974,
          0.03706137463450432,
          -0.5181940793991089
        ],
        [
          -0.517707347869873,
          -0.022455113008618355,
          -0.8552629947662354
        ],
        [
          -0.04333333298563957,
          0.9990606307983398,
          -4.367032602203835e-08
        ]
      ],
      "width": 0.059990886598825455,
      "height": 0.019999999552965164,
      "depth": 0.019999999552965164,
      "object_id": -1,
      "frame": "RealSense D455 aligned color camera frame",
      "rank": 18,
      "distance_to_object_center": 0.07113209538916881
    },
    {
      "score": 0.19003334641456604,
      "translation_camera": [
        0.018811777234077454,
        -0.0705685093998909,
        0.37300002574920654
      ],
      "rotation_matrix_camera": [
        [
          0.4980229139328003,
          -0.43465179204940796,
          -0.750367283821106
        ],
        [
          -0.3856969475746155,
          0.6639794707298279,
          -0.6406005620956421
        ],
        [
          0.7766667008399963,
          0.6084481477737427,
          0.163033127784729
        ]
      ],
      "width": 0.07628048956394196,
      "height": 0.019999999552965164,
      "depth": 0.029999999329447746,
      "object_id": -1,
      "frame": "RealSense D455 aligned color camera frame",
      "rank": 19,
      "distance_to_object_center": 0.04289472605207853
    },
    {
      "score": 0.18739871680736542,
      "translation_camera": [
        0.018761342391371727,
        -0.07907145470380783,
        0.3720000088214874
      ],
      "rotation_matrix_camera": [
        [
          0.4980229139328003,
          -0.6140506863594055,
          -0.6123030185699463
        ],
        [
          -0.3856969475746155,
          0.47555533051490784,
          -0.790623128414154
        ],
        [
          0.7766667008399963,
          0.6299118399620056,
          -2.7534321489497415e-08
        ]
      ],
      "width": 0.07544198632240295,
      "height": 0.019999999552965164,
      "depth": 0.03999999910593033,
      "object_id": -1,
      "frame": "RealSense D455 aligned color camera frame",
      "rank": 20,
      "distance_to_object_center": 0.051223454037497555
    },
    {
      "score": 0.18671628832817078,
      "translation_camera": [
        0.028484530746936798,
        0.0417647510766983,
        0.37300002574920654
      ],
      "rotation_matrix_camera": [
        [
          0.8544597029685974,
          0.03706137463450432,
          -0.5181940793991089
        ],
        [
          -0.517707347869873,
          -0.022455113008618355,
          -0.8552629947662354
        ],
        [
          -0.04333333298563957,
          0.9990606307983398,
          -4.367032602203835e-08
        ]
      ],
      "width": 0.06108759343624115,
      "height": 0.019999999552965164,
      "depth": 0.019999999552965164,
      "object_id": -1,
      "frame": "RealSense D455 aligned color camera frame",
      "rank": 21,
      "distance_to_object_center": 0.07088353605676731
    },
    {
      "score": 0.17918595671653748,
      "translation_camera": [
        0.027369709685444832,
        0.0434672087430954,
        0.3710000216960907
      ],
      "rotation_matrix_camera": [
        [
          0.8544597029685974,
          0.03706137463450432,
          -0.5181940793991089
        ],
        [
          -0.517707347869873,
          -0.022455113008618355,
          -0.8552629947662354
        ],
        [
          -0.04333333298563957,
          0.9990606307983398,
          -4.367032602203835e-08
        ]
      ],
      "width": 0.060423992574214935,
      "height": 0.019999999552965164,
      "depth": 0.019999999552965164,
      "object_id": -1,
      "frame": "RealSense D455 aligned color camera frame",
      "rank": 22,
      "distance_to_object_center": 0.07269236338049483
    },
    {
      "score": 0.1765889674425125,
      "translation_camera": [
        0.05210162699222565,
        0.04323288053274155,
        0.36900001764297485
      ],
      "rotation_matrix_camera": [
        [
          0.8544597029685974,
          0.03706137463450432,
          -0.5181940793991089
        ],
        [
          -0.517707347869873,
          -0.022455113008618355,
          -0.8552629947662354
        ],
        [
          -0.04333333298563957,
          0.9990606307983398,
          -4.367032602203835e-08
        ]
      ],
      "width": 0.05450812354683876,
      "height": 0.019999999552965164,
      "depth": 0.019999999552965164,
      "object_id": -1,
      "frame": "RealSense D455 aligned color camera frame",
      "rank": 23,
      "distance_to_object_center": 0.07599346895852983
    },
    {
      "score": 0.17220915853977203,
      "translation_camera": [
        0.040199317038059235,
        -0.001817665877752006,
        0.37400001287460327
      ],
      "rotation_matrix_camera": [
        [
          -0.4467552900314331,
          -0.1930502951145172,
          -0.8735795617103577
        ],
        [
          -0.8019134998321533,
          -0.3465198576450348,
          0.4866813123226166
        ],
        [
          -0.39666667580604553,
          0.9179626703262329,
          -4.0125421207903855e-08
        ]
      ],
      "width": 0.06474462151527405,
      "height": 0.019999999552965164,
      "depth": 0.019999999552965164,
      "object_id": -1,
      "frame": "RealSense D455 aligned color camera frame",
      "rank": 24,
      "distance_to_object_center": 0.029295182768474103
    },
    {
      "score": 0.17055384814739227,
      "translation_camera": [
        0.03922944888472557,
        0.0010952932061627507,
        0.37400001287460327
      ],
      "rotation_matrix_camera": [
        [
          -0.4467552900314331,
          -0.1930502951145172,
          -0.8735795617103577
        ],
        [
          -0.8019134998321533,
          -0.3465198576450348,
          0.4866813123226166
        ],
        [
          -0.39666667580604553,
          0.9179626703262329,
          -4.0125421207903855e-08
        ]
      ],
      "width": 0.0649549812078476,
      "height": 0.019999999552965164,
      "depth": 0.019999999552965164,
      "object_id": -1,
      "frame": "RealSense D455 aligned color camera frame",
      "rank": 25,
      "distance_to_object_center": 0.03171410094010523
    },
    {
      "score": 0.17037394642829895,
      "translation_camera": [
        0.055502962321043015,
        0.032196808606386185,
        0.38600003719329834
      ],
      "rotation_matrix_camera": [
        [
          0.8544597029685974,
          0.03706137463450432,
          -0.5181940793991089
        ],
        [
          -0.517707347869873,
          -0.022455113008618355,
          -0.8552629947662354
        ],
        [
          -0.04333333298563957,
          0.9990606307983398,
          -4.367032602203835e-08
        ]
      ],
      "width": 0.06435304880142212,
      "height": 0.019999999552965164,
      "depth": 0.019999999552965164,
      "object_id": -1,
      "frame": "RealSense D455 aligned color camera frame",
      "rank": 26,
      "distance_to_object_center": 0.06745925052114941
    },
    {
      "score": 0.16609786450862885,
      "translation_camera": [
        0.022559264674782753,
        0.0434672087430954,
        0.3710000216960907
      ],
      "rotation_matrix_camera": [
        [
          0.8544597029685974,
          0.03706137463450432,
          -0.5181940793991089
        ],
        [
          -0.517707347869873,
          -0.022455113008618355,
          -0.8552629947662354
        ],
        [
          -0.04333333298563957,
          0.9990606307983398,
          -4.367032602203835e-08
        ]
      ],
      "width": 0.05914263054728508,
      "height": 0.019999999552965164,
      "depth": 0.019999999552965164,
      "object_id": -1,
      "frame": "RealSense D455 aligned color camera frame",
      "rank": 27,
      "distance_to_object_center": 0.07299391306011968
    },
    {
      "score": 0.16518069803714752,
      "translation_camera": [
        0.05521538108587265,
        0.02804219163954258,
        0.3840000331401825
      ],
      "rotation_matrix_camera": [
        [
          0.8544597029685974,
          0.03706137463450432,
          -0.5181940793991089
        ],
        [
          -0.517707347869873,
          -0.022455113008618355,
          -0.8552629947662354
        ],
        [
          -0.04333333298563957,
          0.9990606307983398,
          -4.367032602203835e-08
        ]
      ],
      "width": 0.06575937569141388,
      "height": 0.019999999552965164,
      "depth": 0.019999999552965164,
      "object_id": -1,
      "frame": "RealSense D455 aligned color camera frame",
      "rank": 28,
      "distance_to_object_center": 0.06327692122733931
    },
    {
      "score": 0.1563280075788498,
      "translation_camera": [
        0.01339174248278141,
        0.029039140790700912,
        0.3840000331401825
      ],
      "rotation_matrix_camera": [
        [
          0.8544597029685974,
          0.03706137463450432,
          -0.5181940793991089
        ],
        [
          -0.517707347869873,
          -0.022455113008618355,
          -0.8552629947662354
        ],
        [
          -0.04333333298563957,
          0.9990606307983398,
          -4.367032602203835e-08
        ]
      ],
      "width": 0.06252662092447281,
      "height": 0.019999999552965164,
      "depth": 0.019999999552965164,
      "object_id": -1,
      "frame": "RealSense D455 aligned color camera frame",
      "rank": 29,
      "distance_to_object_center": 0.06098879123004302
    },
    {
      "score": 0.15570175647735596,
      "translation_camera": [
        0.04736531525850296,
        -0.04783467575907707,
        0.37700003385543823
      ],
      "rotation_matrix_camera": [
        [
          0.32332366704940796,
          -0.5531456470489502,
          -0.7677836418151855
        ],
        [
          -0.38744980096817017,
          0.6628532409667969,
          -0.6407091617584229
        ],
        [
          0.8633333444595337,
          0.5046340823173523,
          -2.2058255666479454e-08
        ]
      ],
      "width": 0.07711855322122574,
      "height": 0.019999999552965164,
      "depth": 0.029999999329447746,
      "object_id": -1,
      "frame": "RealSense D455 aligned color camera frame",
      "rank": 30,
      "distance_to_object_center": 0.02595578152222256
    },
    {
      "score": 0.1538086235523224,
      "translation_camera": [
        0.04127926751971245,
        0.00012463924940675497,
        0.3750000298023224
      ],
      "rotation_matrix_camera": [
        [
          -0.4467552900314331,
          -0.1930502951145172,
          -0.8735795617103577
        ],
        [
          -0.8019134998321533,
          -0.3465198576450348,
          0.4866813123226166
        ],
        [
          -0.39666667580604553,
          0.9179626703262329,
          -4.0125421207903855e-08
        ]
      ],
      "width": 0.06382154673337936,
      "height": 0.019999999552965164,
      "depth": 0.019999999552965164,
      "object_id": -1,
      "frame": "RealSense D455 aligned color camera frame",
      "rank": 31,
      "distance_to_object_center": 0.031481806356241364
    },
    {
      "score": 0.15248587727546692,
      "translation_camera": [
        0.035349976271390915,
        0.04090573266148567,
        0.37400001287460327
      ],
      "rotation_matrix_camera": [
        [
          0.14391817152500153,
          -0.43786168098449707,
          -0.8874484300613403
        ],
        [
          -0.2771056890487671,
          0.8430759906768799,
          -0.4609070420265198
        ],
        [
          0.949999988079071,
          0.31224989891052246,
          -1.3648876695526724e-08
        ]
      ],
      "width": 0.07233645021915436,
      "height": 0.019999999552965164,
      "depth": 0.019999999552965164,
      "object_id": -1,
      "frame": "RealSense D455 aligned color camera frame",
      "rank": 32,
      "distance_to_object_center": 0.07023719433373508
    },
    {
      "score": 0.15154261887073517,
      "translation_camera": [
        0.03563353419303894,
        0.039276305586099625,
        0.37700003385543823
      ],
      "rotation_matrix_camera": [
        [
          0.14391817152500153,
          -0.43786168098449707,
          -0.8874484300613403
        ],
        [
          -0.2771056890487671,
          0.8430759906768799,
          -0.4609070420265198
        ],
        [
          0.949999988079071,
          0.31224989891052246,
          -1.3648876695526724e-08
        ]
      ],
      "width": 0.07108698785305023,
      "height": 0.019999999552965164,
      "depth": 0.029999999329447746,
      "object_id": -1,
      "frame": "RealSense D455 aligned color camera frame",
      "rank": 33,
      "distance_to_object_center": 0.06866015224976789
    },
    {
      "score": 0.15112616121768951,
      "translation_camera": [
        0.040838953107595444,
        0.0434672087430954,
        0.3710000216960907
      ],
      "rotation_matrix_camera": [
        [
          0.14391817152500153,
          -0.43786168098449707,
          -0.8874484300613403
        ],
        [
          -0.2771056890487671,
          0.8430759906768799,
          -0.4609070420265198
        ],
        [
          0.949999988079071,
          0.31224989891052246,
          -1.3648876695526724e-08
        ]
      ],
      "width": 0.07848060876131058,
      "height": 0.019999999552965164,
      "depth": 0.029999999329447746,
      "object_id": -1,
      "frame": "RealSense D455 aligned color camera frame",
      "rank": 34,
      "distance_to_object_center": 0.07353492143789635
    },
    {
      "score": 0.15000919997692108,
      "translation_camera": [
        0.03748912364244461,
        0.0401483029127121,
        0.3760000169277191
      ],
      "rotation_matrix_camera": [
        [
          0.14391817152500153,
          -0.43786168098449707,
          -0.8874484300613403
        ],
        [
          -0.2771056890487671,
          0.8430759906768799,
          -0.4609070420265198
        ],
        [
          0.949999988079071,
          0.31224989891052246,
          -1.3648876695526724e-08
        ]
      ],
      "width": 0.07243603467941284,
      "height": 0.019999999552965164,
      "depth": 0.029999999329447746,
      "object_id": -1,
      "frame": "RealSense D455 aligned color camera frame",
      "rank": 35,
      "distance_to_object_center": 0.06969423584903575
    },
    {
      "score": 0.14986230432987213,
      "translation_camera": [
        0.01142982766032219,
        0.02811521664261818,
        0.3850000202655792
      ],
      "rotation_matrix_camera": [
        [
          0.8544597029685974,
          0.03706137463450432,
          -0.5181940793991089
        ],
        [
          -0.517707347869873,
          -0.022455113008618355,
          -0.8552629947662354
        ],
        [
          -0.04333333298563957,
          0.9990606307983398,
          -4.367032602203835e-08
        ]
      ],
      "width": 0.06180969253182411,
      "height": 0.019999999552965164,
      "depth": 0.019999999552965164,
      "object_id": -1,
      "frame": "RealSense D455 aligned color camera frame",
      "rank": 36,
      "distance_to_object_center": 0.06082155309465517
    },
    {
      "score": 0.14908182621002197,
      "translation_camera": [
        0.04638766497373581,
        -0.000853471050504595,
        0.37700003385543823
      ],
      "rotation_matrix_camera": [
        [
          -0.3535899221897125,
          -0.09390044957399368,
          -0.9306755065917969
        ],
        [
          -0.8994978666305542,
          -0.23887336254119873,
          0.36584576964378357
        ],
        [
          -0.2566666603088379,
          0.9664999842643738,
          -4.224705563160569e-08
        ]
      ],
      "width": 0.05247390270233154,
      "height": 0.019999999552965164,
      "depth": 0.029999999329447746,
      "object_id": -1,
      "frame": "RealSense D455 aligned color camera frame",
      "rank": 37,
      "distance_to_object_center": 0.03294013279595171
    },
    {
      "score": 0.1488640457391739,
      "translation_camera": [
        0.04749095067381859,
        -0.002818477340042591,
        0.37800002098083496
      ],
      "rotation_matrix_camera": [
        [
          -0.3535899221897125,
          -0.09390044957399368,
          -0.9306755065917969
        ],
        [
          -0.8994978666305542,
          -0.23887336254119873,
          0.36584576964378357
        ],
        [
          -0.2566666603088379,
          0.9664999842643738,
          -4.224705563160569e-08
        ]
      ],
      "width": 0.05078144744038582,
      "height": 0.019999999552965164,
      "depth": 0.029999999329447746,
      "object_id": -1,
      "frame": "RealSense D455 aligned color camera frame",
      "rank": 38,
      "distance_to_object_center": 0.03195911374089846
    },
    {
      "score": 0.14763155579566956,
      "translation_camera": [
        0.037952687591314316,
        0.0434672087430954,
        0.3710000216960907
      ],
      "rotation_matrix_camera": [
        [
          0.14391817152500153,
          -0.43786168098449707,
          -0.8874484300613403
        ],
        [
          -0.2771056890487671,
          0.8430759906768799,
          -0.4609070420265198
        ],
        [
          0.949999988079071,
          0.31224989891052246,
          -1.3648876695526724e-08
        ]
      ],
      "width": 0.07735060155391693,
      "height": 0.019999999552965164,
      "depth": 0.029999999329447746,
      "object_id": -1,
      "frame": "RealSense D455 aligned color camera frame",
      "rank": 39,
      "distance_to_object_center": 0.0731466904835728
    },
    {
      "score": 0.14638358354568481,
      "translation_camera": [
        0.01216997392475605,
        0.042212631553411484,
        0.37700003385543823
      ],
      "rotation_matrix_camera": [
        [
          0.8544597029685974,
          0.03706137463450432,
          -0.5181940793991089
        ],
        [
          -0.517707347869873,
          -0.022455113008618355,
          -0.8552629947662354
        ],
        [
          -0.04333333298563957,
          0.9990606307983398,
          -4.367032602203835e-08
        ]
      ],
      "width": 0.059148579835891724,
      "height": 0.019999999552965164,
      "depth": 0.029999999329447746,
      "object_id": -1,
      "frame": "RealSense D455 aligned color camera frame",
      "rank": 40,
      "distance_to_object_center": 0.07340600264132456
    },
    {
      "score": 0.144659161567688,
      "translation_camera": [
        0.00926152989268303,
        0.042324598878622055,
        0.37800002098083496
      ],
      "rotation_matrix_camera": [
        [
          0.8544597029685974,
          0.03706137463450432,
          -0.5181940793991089
        ],
        [
          -0.517707347869873,
          -0.022455113008618355,
          -0.8552629947662354
        ],
        [
          -0.04333333298563957,
          0.9990606307983398,
          -4.367032602203835e-08
        ]
      ],
      "width": 0.059409257024526596,
      "height": 0.019999999552965164,
      "depth": 0.029999999329447746,
      "object_id": -1,
      "frame": "RealSense D455 aligned color camera frame",
      "rank": 41,
      "distance_to_object_center": 0.07428905732793604
    },
    {
      "score": 0.1442377269268036,
      "translation_camera": [
        0.03912455961108208,
        0.04273314028978348,
        0.37300002574920654
      ],
      "rotation_matrix_camera": [
        [
          0.14391817152500153,
          -0.43786168098449707,
          -0.8874484300613403
        ],
        [
          -0.2771056890487671,
          0.8430759906768799,
          -0.4609070420265198
        ],
        [
          0.949999988079071,
          0.31224989891052246,
          -1.3648876695526724e-08
        ]
      ],
      "width": 0.07614067196846008,
      "height": 0.019999999552965164,
      "depth": 0.029999999329447746,
      "object_id": -1,
      "frame": "RealSense D455 aligned color camera frame",
      "rank": 42,
      "distance_to_object_center": 0.07248155523981181
    },
    {
      "score": 0.14420060813426971,
      "translation_camera": [
        0.01032305508852005,
        0.041671350598335266,
        0.38100001215934753
      ],
      "rotation_matrix_camera": [
        [
          0.8544597029685974,
          0.03706137463450432,
          -0.5181940793991089
        ],
        [
          -0.517707347869873,
          -0.022455113008618355,
          -0.8552629947662354
        ],
        [
          -0.04333333298563957,
          0.9990606307983398,
          -4.367032602203835e-08
        ]
      ],
      "width": 0.05887797847390175,
      "height": 0.019999999552965164,
      "depth": 0.029999999329447746,
      "object_id": -1,
      "frame": "RealSense D455 aligned color camera frame",
      "rank": 43,
      "distance_to_object_center": 0.07356012010938276
    },
    {
      "score": 0.14281459152698517,
      "translation_camera": [
        0.014275139197707176,
        0.02188815176486969,
        0.38100001215934753
      ],
      "rotation_matrix_camera": [
        [
          0.8544597029685974,
          0.03706137463450432,
          -0.5181940793991089
        ],
        [
          -0.517707347869873,
          -0.022455113008618355,
          -0.8552629947662354
        ],
        [
          -0.04333333298563957,
          0.9990606307983398,
          -4.367032602203835e-08
        ]
      ],
      "width": 0.05846977233886719,
      "height": 0.019999999552965164,
      "depth": 0.029999999329447746,
      "object_id": -1,
      "frame": "RealSense D455 aligned color camera frame",
      "rank": 44,
      "distance_to_object_center": 0.053542280641864684
    },
    {
      "score": 0.1427670121192932,
      "translation_camera": [
        0.012331378646194935,
        0.023929113522171974,
        0.38200002908706665
      ],
      "rotation_matrix_camera": [
        [
          0.8544597029685974,
          0.03706137463450432,
          -0.5181940793991089
        ],
        [
          -0.517707347869873,
          -0.022455113008618355,
          -0.8552629947662354
        ],
        [
          -0.04333333298563957,
          0.9990606307983398,
          -4.367032602203835e-08
        ]
      ],
      "width": 0.05895319581031799,
      "height": 0.019999999552965164,
      "depth": 0.029999999329447746,
      "object_id": -1,
      "frame": "RealSense D455 aligned color camera frame",
      "rank": 45,
      "distance_to_object_center": 0.0561701522123125
    },
    {
      "score": 0.14260241389274597,
      "translation_camera": [
        0.012331378646194935,
        0.020953845232725143,
        0.38200002908706665
      ],
      "rotation_matrix_camera": [
        [
          0.8544597029685974,
          0.03706137463450432,
          -0.5181940793991089
        ],
        [
          -0.517707347869873,
          -0.022455113008618355,
          -0.8552629947662354
        ],
        [
          -0.04333333298563957,
          0.9990606307983398,
          -4.367032602203835e-08
        ]
      ],
      "width": 0.05808193236589432,
      "height": 0.019999999552965164,
      "depth": 0.029999999329447746,
      "object_id": -1,
      "frame": "RealSense D455 aligned color camera frame",
      "rank": 46,
      "distance_to_object_center": 0.05337123435452205
    },
    {
      "score": 0.14130136370658875,
      "translation_camera": [
        0.04468730837106705,
        0.0434672087430954,
        0.3710000216960907
      ],
      "rotation_matrix_camera": [
        [
          0.14391817152500153,
          -0.43786168098449707,
          -0.8874484300613403
        ],
        [
          -0.2771056890487671,
          0.8430759906768799,
          -0.4609070420265198
        ],
        [
          0.949999988079071,
          0.31224989891052246,
          -1.3648876695526724e-08
        ]
      ],
      "width": 0.07796330749988556,
      "height": 0.019999999552965164,
      "depth": 0.029999999329447746,
      "object_id": -1,
      "frame": "RealSense D455 aligned color camera frame",
      "rank": 47,
      "distance_to_object_center": 0.07422418989076462
    },
    {
      "score": 0.14084774255752563,
      "translation_camera": [
        0.042993661016225815,
        0.04273314028978348,
