{
  "success": true,
  "method": "graspnet_baseline_d455",
  "num_candidates": 212,
  "object_center_camera": [
    0.036774970414715676,
    -0.03435312675943895,
    0.4670000374317169
  ],
  "candidates": [
    {
      "score": 0.627811074256897,
      "translation_camera": [
        0.02223370596766472,
        -0.07344719767570496,
        0.4650000333786011
      ],
      "rotation_matrix_camera": [
        [
          0.6660667061805725,
          -0.7401613593101501,
          -0.09228425472974777
        ],
        [
          -0.06173091381788254,
          0.0685979425907135,
          -0.9957327246665955
        ],
        [
          0.7433333396911621,
          0.6689212322235107,
          -2.9239474841347146e-08
        ]
      ],
      "width": 0.0721016600728035,
      "height": 0.019999999552965164,
      "depth": 0.019999999552965164,
      "object_id": -1,
      "frame": "RealSense D455 aligned color camera frame",
      "rank": 0,
      "distance_to_object_center": 0.041758768764626954
    },
    {
      "score": 0.5970662832260132,
      "translation_camera": [
        0.02223370596766472,
        -0.0710340291261673,
        0.4650000333786011
      ],
      "rotation_matrix_camera": [
        [
          0.6660667061805725,
          -0.7401613593101501,
          -0.09228425472974777
        ],
        [
          -0.06173091381788254,
          0.0685979425907135,
          -0.9957327246665955
        ],
        [
          0.7433333396911621,
          0.6689212322235107,
          -2.9239474841347146e-08
        ]
      ],
      "width": 0.06925177574157715,
      "height": 0.019999999552965164,
      "depth": 0.019999999552965164,
      "object_id": -1,
      "frame": "RealSense D455 aligned color camera frame",
      "rank": 1,
      "distance_to_object_center": 0.039508695072971035
    },
    {
      "score": 0.5837225317955017,
      "translation_camera": [
        0.017562711611390114,
        -0.0740790069103241,
        0.46900004148483276
      ],
      "rotation_matrix_camera": [
        [
          0.6660667061805725,
          -0.7401613593101501,
          -0.09228425472974777
        ],
        [
          -0.06173091381788254,
          0.0685979425907135,
          -0.9957327246665955
        ],
        [
          0.7433333396911621,
          0.6689212322235107,
          -2.9239474841347146e-08
        ]
      ],
      "width": 0.07284422963857651,
      "height": 0.019999999552965164,
      "depth": 0.019999999552965164,
      "object_id": -1,
      "frame": "RealSense D455 aligned color camera frame",
      "rank": 2,
      "distance_to_object_center": 0.044173028629480804
    },
    {
      "score": 0.580088198184967,
      "translation_camera": [
        0.018738236278295517,
        -0.07027794420719147,
        0.46800002455711365
      ],
      "rotation_matrix_camera": [
        [
          0.6660667061805725,
          -0.7401613593101501,
          -0.09228425472974777
        ],
        [
          -0.06173091381788254,
          0.0685979425907135,
          -0.9957327246665955
        ],
        [
          0.7433333396911621,
          0.6689212322235107,
          -2.9239474841347146e-08
        ]
      ],
      "width": 0.06770545989274979,
      "height": 0.019999999552965164,
      "depth": 0.019999999552965164,
      "object_id": -1,
      "frame": "RealSense D455 aligned color camera frame",
      "rank": 3,
      "distance_to_object_center": 0.04021089729430577
    },
    {
      "score": 0.5740755200386047,
      "translation_camera": [
        0.019865944981575012,
        -0.07360514998435974,
        0.4660000205039978
      ],
      "rotation_matrix_camera": [
        [
          0.6660667061805725,
          -0.7401613593101501,
          -0.09228425472974777
        ],
        [
          -0.06173091381788254,
          0.0685979425907135,
          -0.9957327246665955
        ],
        [
          0.7433333396911621,
          0.6689212322235107,
          -2.9239474841347146e-08
        ]
      ],
      "width": 0.07108001410961151,
      "height": 0.019999999552965164,
      "depth": 0.019999999552965164,
      "object_id": -1,
      "frame": "RealSense D455 aligned color camera frame",
      "rank": 4,
      "distance_to_object_center": 0.04275086551409274
    },
    {
      "score": 0.5600101351737976,
      "translation_camera": [
        0.021073732525110245,
        -0.06876843422651291,
        0.4660000205039978
      ],
      "rotation_matrix_camera": [
        [
          0.6660667061805725,
          -0.7401613593101501,
          -0.09228425472974777
        ],
        [
          -0.06173091381788254,
          0.0685979425907135,
          -0.9957327246665955
        ],
        [
          0.7433333396911621,
          0.6689212322235107,
          -2.9239474841347146e-08
        ]
      ],
      "width": 0.06598787009716034,
      "height": 0.019999999552965164,
      "depth": 0.019999999552965164,
      "object_id": -1,
      "frame": "RealSense D455 aligned color camera frame",
      "rank": 5,
      "distance_to_object_center": 0.03784101337404883
    },
    {
      "score": 0.5376020669937134,
      "translation_camera": [
        0.02343890257179737,
        -0.06741427630186081,
        0.4650000333786011
      ],
      "rotation_matrix_camera": [
        [
          0.6660667061805725,
          -0.7401613593101501,
          -0.09228425472974777
        ],
        [
          -0.06173091381788254,
          0.0685979425907135,
          -0.9957327246665955
        ],
        [
          0.7433333396911621,
          0.6689212322235107,
          -2.9239474841347146e-08
        ]
      ],
      "width": 0.0647006630897522,
      "height": 0.019999999552965164,
      "depth": 0.019999999552965164,
      "object_id": -1,
      "frame": "RealSense D455 aligned color camera frame",
      "rank": 6,
      "distance_to_object_center": 0.035705606433581
    },
    {
      "score": 0.5110624432563782,
      "translation_camera": [
        0.02573811262845993,
        -0.0683257132768631,
        0.46300002932548523
      ],
      "rotation_matrix_camera": [
        [
          0.5313771963119507,
          -0.7907350063323975,
          -0.3039349615573883
        ],
        [
          -0.16952382028102875,
          0.2522660195827484,
          -0.9526927471160889
        ],
        [
          0.8300000429153442,
          0.557763397693634,
          -2.4380613083963e-08
        ]
      ],
      "width": 0.06717123836278915,
      "height": 0.019999999552965164,
      "depth": 0.019999999552965164,
      "object_id": -1,
      "frame": "RealSense D455 aligned color camera frame",
      "rank": 7,
      "distance_to_object_center": 0.03594369109214888
    },
    {
      "score": 0.44098272919654846,
      "translation_camera": [
        0.03166962414979935,
        -0.08016615360975266,
        0.4620000422000885
      ],
      "rotation_matrix_camera": [
        [
          0.5313771963119507,
          -0.7907350063323975,
          -0.3039349615573883
        ],
        [
          -0.16952382028102875,
          0.2522660195827484,
          -0.9526927471160889
        ],
        [
          0.8300000429153442,
          0.557763397693634,
          -2.4380613083963e-08
        ]
      ],
      "width": 0.0778689906001091,
      "height": 0.019999999552965164,
      "depth": 0.029999999329447746,
      "object_id": -1,
      "frame": "RealSense D455 aligned color camera frame",
      "rank": 8,
      "distance_to_object_center": 0.046366991944578065
    },
    {
      "score": 0.4292186498641968,
      "translation_camera": [
        0.03376953676342964,
        -0.06758785992860794,
        0.4580000340938568
      ],
      "rotation_matrix_camera": [
        [
          0.5313771963119507,
          -0.7907350063323975,
          -0.3039349615573883
        ],
        [
          -0.16952382028102875,
          0.2522660195827484,
          -0.9526927471160889
        ],
        [
          0.8300000429153442,
          0.557763397693634,
          -2.4380613083963e-08
        ]
      ],
      "width": 0.06695494800806046,
      "height": 0.019999999552965164,
      "depth": 0.019999999552965164,
      "object_id": -1,
      "frame": "RealSense D455 aligned color camera frame",
      "rank": 9,
      "distance_to_object_center": 0.03456269926292849
    },
    {
      "score": 0.41413915157318115,
      "translation_camera": [
        0.03638038784265518,
        -0.08358124643564224,
        0.4610000252723694
      ],
      "rotation_matrix_camera": [
        [
          0.5313771963119507,
          -0.7907350063323975,
          -0.3039349615573883
        ],
        [
          -0.16952382028102875,
          0.2522660195827484,
          -0.9526927471160889
        ],
        [
          0.8300000429153442,
          0.557763397693634,
          -2.4380613083963e-08
        ]
      ],
      "width": 0.07652051746845245,
      "height": 0.019999999552965164,
      "depth": 0.029999999329447746,
      "object_id": -1,
      "frame": "RealSense D455 aligned color camera frame",
      "rank": 10,
      "distance_to_object_center": 0.04959398762121359
    },
    {
      "score": 0.41375136375427246,
      "translation_camera": [
        0.02927478589117527,
        -0.0729733482003212,
        0.4620000422000885
      ],
      "rotation_matrix_camera": [
        [
          0.5313771963119507,
          -0.7907350063323975,
          -0.3039349615573883
        ],
        [
          -0.16952382028102875,
          0.2522660195827484,
          -0.9526927471160889
        ],
        [
          0.8300000429153442,
          0.557763397693634,
          -2.4380613083963e-08
        ]
      ],
      "width": 0.07278544455766678,
      "height": 0.019999999552965164,
      "depth": 0.029999999329447746,
      "object_id": -1,
      "frame": "RealSense D455 aligned color camera frame",
      "rank": 11,
      "distance_to_object_center": 0.03965821761433869
    },
    {
      "score": 0.4101712107658386,
      "translation_camera": [
        0.03160107508301735,
        -0.07640401273965836,
        0.4610000252723694
      ],
      "rotation_matrix_camera": [
        [
          0.5313771963119507,
          -0.7907350063323975,
          -0.3039349615573883
        ],
        [
          -0.16952382028102875,
          0.2522660195827484,
          -0.9526927471160889
        ],
        [
          0.8300000429153442,
          0.557763397693634,
          -2.4380613083963e-08
        ]
      ],
      "width": 0.07638201862573624,
      "height": 0.019999999552965164,
      "depth": 0.029999999329447746,
      "object_id": -1,
      "frame": "RealSense D455 aligned color camera frame",
      "rank": 12,
      "distance_to_object_center": 0.042790727389670546
    },
    {
      "score": 0.39923352003097534,
      "translation_camera": [
        0.028198910877108574,
        -0.08171717822551727,
        0.46400001645088196
      ],
      "rotation_matrix_camera": [
        [
          0.5313771963119507,
          -0.7907350063323975,
          -0.3039349615573883
        ],
        [
          -0.16952382028102875,
          0.2522660195827484,
          -0.9526927471160889
        ],
        [
          0.8300000429153442,
          0.557763397693634,
          -2.4380613083963e-08
        ]
      ],
      "width": 0.08021135628223419,
      "height": 0.019999999552965164,
      "depth": 0.029999999329447746,
      "object_id": -1,
      "frame": "RealSense D455 aligned color camera frame",
      "rank": 13,
      "distance_to_object_center": 0.04822760925402946
    },
    {
      "score": 0.39470210671424866,
      "translation_camera": [
        0.03160107508301735,
        -0.07401160150766373,
        0.4610000252723694
      ],
      "rotation_matrix_camera": [
        [
          0.5313771963119507,
          -0.7907350063323975,
          -0.3039349615573883
        ],
        [
          -0.16952382028102875,
          0.2522660195827484,
          -0.9526927471160889
        ],
        [
          0.8300000429153442,
          0.557763397693634,
          -2.4380613083963e-08
        ]
      ],
      "width": 0.07526867836713791,
      "height": 0.019999999552965164,
      "depth": 0.029999999329447746,
      "object_id": -1,
      "frame": "RealSense D455 aligned color camera frame",
      "rank": 14,
      "distance_to_object_center": 0.04044210625290516
    },
    {
      "score": 0.39429354667663574,
      "translation_camera": [
        0.024538101628422737,
        -0.07072850316762924,
        0.46300002932548523
      ],
      "rotation_matrix_camera": [
        [
          0.6540746092796326,
          -0.6235225796699524,
          -0.42825937271118164
        ],
        [
          -0.309978187084198,
          0.2954989969730377,
          -0.9036558270454407
        ],
        [
          0.690000057220459,
          0.7238094210624695,
          -3.1638712982839934e-08
        ]
      ],
      "width": 0.07265360653400421,
      "height": 0.019999999552965164,
      "depth": 0.019999999552965164,
      "object_id": -1,
      "frame": "RealSense D455 aligned color camera frame",
      "rank": 15,
      "distance_to_object_center": 0.038586384015354386
    },
    {
      "score": 0.3926544785499573,
      "translation_camera": [
        0.04098113626241684,
        -0.08679167926311493,
        0.45900002121925354
      ],
      "rotation_matrix_camera": [
        [
          0.5313771963119507,
          -0.7907350063323975,
          -0.3039349615573883
        ],
        [
          -0.16952382028102875,
          0.2522660195827484,
          -0.9526927471160889
        ],
        [
          0.8300000429153442,
          0.557763397693634,
          -2.4380613083963e-08
        ]
      ],
      "width": 0.07461346685886383,
      "height": 0.019999999552965164,
      "depth": 0.029999999329447746,
      "object_id": -1,
      "frame": "RealSense D455 aligned color camera frame",
      "rank": 16,
      "distance_to_object_center": 0.05321178327418493
    },
    {
      "score": 0.38977116346359253,
      "translation_camera": [
        0.03749370947480202,
        -0.05952772870659828,
        0.46000003814697266
      ],
      "rotation_matrix_camera": [
        [
          0.5313771963119507,
          -0.7907350063323975,
          -0.3039349615573883
        ],
        [
          -0.16952382028102875,
          0.2522660195827484,
          -0.9526927471160889
        ],
        [
          0.8300000429153442,
          0.557763397693634,
          -2.4380613083963e-08
        ]
      ],
      "width": 0.06020523980259895,
      "height": 0.019999999552965164,
      "depth": 0.019999999552965164,
      "object_id": -1,
      "frame": "RealSense D455 aligned color camera frame",
      "rank": 17,
      "distance_to_object_center": 0.026139570750508368
    },
    {
      "score": 0.3876153826713562,
      "translation_camera": [
        0.02927478589117527,
        -0.07896734774112701,
        0.4620000422000885
      ],
      "rotation_matrix_camera": [
        [
          0.5313771963119507,
          -0.7907350063323975,
          -0.3039349615573883
        ],
        [
          -0.16952382028102875,
          0.2522660195827484,
          -0.9526927471160889
        ],
        [
          0.8300000429153442,
          0.557763397693634,
          -2.4380613083963e-08
        ]
      ],
      "width": 0.07883716374635696,
      "height": 0.019999999552965164,
      "depth": 0.029999999329447746,
      "object_id": -1,
      "frame": "RealSense D455 aligned color camera frame",
      "rank": 18,
      "distance_to_object_center": 0.045515727325907446
    },
    {
      "score": 0.38525912165641785,
      "translation_camera": [
        0.022281520068645477,
        -0.08206940442323685,
        0.4660000205039978
      ],
      "rotation_matrix_camera": [
        [
          0.5313771963119507,
          -0.3442196249961853,
          -0.7740485668182373
        ],
        [
          -0.16952382028102875,
          0.8520345687866211,
          -0.495276540517807
        ],
        [
          0.8300000429153442,
          0.3943983018398285,
          0.3943982720375061
        ]
      ],
      "width": 0.0819312185049057,
      "height": 0.019999999552965164,
      "depth": 0.029999999329447746,
      "object_id": -1,
      "frame": "RealSense D455 aligned color camera frame",
      "rank": 19,
      "distance_to_object_center": 0.04987888622331482
    },
    {
      "score": 0.38223710656166077,
      "translation_camera": [
        0.022329336032271385,
        -0.08830439299345016,
        0.4670000374317169
      ],
      "rotation_matrix_camera": [
        [
          0.5313771963119507,
          -0.7907350063323975,
          -0.3039349615573883
        ],
        [
          -0.16952382028102875,
          0.2522660195827484,
          -0.9526927471160889
        ],
        [
          0.8300000429153442,
          0.557763397693634,
          -2.4380613083963e-08
        ]
      ],
      "width": 0.08305951952934265,
      "height": 0.019999999552965164,
      "depth": 0.029999999329447746,
      "object_id": -1,
      "frame": "RealSense D455 aligned color camera frame",
      "rank": 20,
      "distance_to_object_center": 0.05585172764529684
    },
    {
      "score": 0.378966748714447,
      "translation_camera": [
        0.028077365830540657,
        -0.07057574391365051,
        0.4620000422000885
      ],
      "rotation_matrix_camera": [
        [
          0.5313771963119507,
          -0.7907350063323975,
          -0.3039349615573883
        ],
        [
          -0.16952382028102875,
          0.2522660195827484,
          -0.9526927471160889
        ],
        [
          0.8300000429153442,
          0.557763397693634,
          -2.4380613083963e-08
        ]
      ],
      "width": 0.06797304004430771,
      "height": 0.019999999552965164,
      "depth": 0.029999999329447746,
      "object_id": -1,
      "frame": "RealSense D455 aligned color camera frame",
      "rank": 21,
      "distance_to_object_center": 0.037586251094243905
    },
    {
      "score": 0.3737024962902069,
      "translation_camera": [
        0.041070420295000076,
        -0.0583341158926487,
        0.46000003814697266
      ],
      "rotation_matrix_camera": [
        [
          0.5313771963119507,
          -0.7907350063323975,
          -0.3039349615573883
        ],
        [
          -0.16952382028102875,
          0.2522660195827484,
          -0.9526927471160889
        ],
        [
          0.8300000429153442,
          0.557763397693634,
          -2.4380613083963e-08
        ]
      ],
      "width": 0.06179710477590561,
      "height": 0.019999999552965164,
      "depth": 0.019999999552965164,
      "object_id": -1,
      "frame": "RealSense D455 aligned color camera frame",
      "rank": 22,
      "distance_to_object_center": 0.025348347470152358
    },
    {
      "score": 0.37203535437583923,
      "translation_camera": [
        0.04345489293336868,
        -0.08698077499866486,
        0.46000003814697266
      ],
      "rotation_matrix_camera": [
        [
          0.5313771963119507,
          -0.7907350063323975,
          -0.3039349615573883
        ],
        [
          -0.16952382028102875,
          0.2522660195827484,
          -0.9526927471160889
        ],
        [
          0.8300000429153442,
          0.557763397693634,
          -2.4380613083963e-08
        ]
      ],
      "width": 0.07505899667739868,
      "height": 0.019999999552965164,
      "depth": 0.029999999329447746,
      "object_id": -1,
      "frame": "RealSense D455 aligned color camera frame",
      "rank": 23,
      "distance_to_object_center": 0.053509725415417014
    },
    {
      "score": 0.3718894124031067,
      "translation_camera": [
        0.038601845502853394,
        -0.08440965414047241,
        0.45900002121925354
      ],
      "rotation_matrix_camera": [
        [
          0.5313771963119507,
          -0.7907350063323975,
          -0.3039349615573883
        ],
        [
          -0.16952382028102875,
          0.2522660195827484,
          -0.9526927471160889
        ],
        [
          0.8300000429153442,
          0.557763397693634,
          -2.4380613083963e-08
        ]
      ],
      "width": 0.0754004642367363,
      "height": 0.019999999552965164,
      "depth": 0.029999999329447746,
      "object_id": -1,
      "frame": "RealSense D455 aligned color camera frame",
      "rank": 24,
      "distance_to_object_center": 0.050724684971278904
    },
    {
      "score": 0.36763134598731995,
      "translation_camera": [
        0.030406247824430466,
        -0.06803057342767715,
        0.4610000252723694
      ],
      "rotation_matrix_camera": [
        [
          0.5313771963119507,
          -0.7907350063323975,
          -0.3039349615573883
        ],
        [
          -0.16952382028102875,
          0.2522660195827484,
          -0.9526927471160889
        ],
        [
          0.8300000429153442,
          0.557763397693634,
          -2.4380613083963e-08
        ]
      ],
      "width": 0.06446518003940582,
      "height": 0.019999999552965164,
      "depth": 0.029999999329447746,
      "object_id": -1,
      "frame": "RealSense D455 aligned color camera frame",
      "rank": 25,
      "distance_to_object_center": 0.03479556275498869
    },
    {
      "score": 0.365649938583374,
      "translation_camera": [
        0.030406247824430466,
        -0.06444195657968521,
        0.4610000252723694
      ],
      "rotation_matrix_camera": [
        [
          0.5313771963119507,
          -0.7907350063323975,
          -0.3039349615573883
        ],
        [
          -0.16952382028102875,
          0.2522660195827484,
          -0.9526927471160889
        ],
        [
          0.8300000429153442,
          0.557763397693634,
          -2.4380613083963e-08
        ]
      ],
      "width": 0.0590689517557621,
      "height": 0.019999999552965164,
      "depth": 0.029999999329447746,
      "object_id": -1,
      "frame": "RealSense D455 aligned color camera frame",
      "rank": 26,
      "distance_to_object_center": 0.031335258947327506
    },
    {
      "score": 0.3625069260597229,
      "translation_camera": [
        0.038601845502853394,
        -0.08679167926311493,
        0.45900002121925354
      ],
      "rotation_matrix_camera": [
        [
          0.5313771963119507,
          -0.7907350063323975,
          -0.3039349615573883
        ],
        [
          -0.16952382028102875,
          0.2522660195827484,
          -0.9526927471160889
        ],
        [
          0.8300000429153442,
          0.557763397693634,
          -2.4380613083963e-08
        ]
      ],
      "width": 0.07501372694969177,
      "height": 0.019999999552965164,
      "depth": 0.029999999329447746,
      "object_id": -1,
      "frame": "RealSense D455 aligned color camera frame",
      "rank": 27,
      "distance_to_object_center": 0.05307673238499256
    },
    {
      "score": 0.3599676787853241,
      "translation_camera": [
        0.028077365830540657,
        -0.0645817443728447,
        0.4620000422000885
      ],
      "rotation_matrix_camera": [
        [
          0.5313771963119507,
          -0.7907350063323975,
          -0.3039349615573883
        ],
        [
          -0.16952382028102875,
          0.2522660195827484,
          -0.9526927471160889
        ],
        [
          0.8300000429153442,
          0.557763397693634,
          -2.4380613083963e-08
        ]
      ],
      "width": 0.059249963611364365,
      "height": 0.019999999552965164,
      "depth": 0.029999999329447746,
      "object_id": -1,
      "frame": "RealSense D455 aligned color camera frame",
      "rank": 28,
      "distance_to_object_center": 0.03184992308682195
    },
    {
      "score": 0.35874420404434204,
      "translation_camera": [
        0.03630147501826286,
        -0.08578716218471527,
        0.46000003814697266
      ],
      "rotation_matrix_camera": [
        [
          0.5313771963119507,
          -0.7907350063323975,
          -0.3039349615573883
        ],
        [
          -0.16952382028102875,
          0.2522660195827484,
          -0.9526927471160889
        ],
        [
          0.8300000429153442,
          0.557763397693634,
          -2.4380613083963e-08
        ]
      ],
      "width": 0.07569410651922226,
      "height": 0.019999999552965164,
      "depth": 0.029999999329447746,
      "object_id": -1,
      "frame": "RealSense D455 aligned color camera frame",
      "rank": 29,
      "distance_to_object_center": 0.051910347600506994
    },
    {
      "score": 0.3584551215171814,
      "translation_camera": [
        0.030472205951809883,
        -0.08735895156860352,
        0.4620000422000885
      ],
      "rotation_matrix_camera": [
        [
          0.5313771963119507,
          -0.7907350063323975,
          -0.3039349615573883
        ],
        [
          -0.16952382028102875,
          0.2522660195827484,
          -0.9526927471160889
        ],
        [
          0.8300000429153442,
          0.557763397693634,
          -2.4380613083963e-08
        ]
      ],
      "width": 0.07763859629631042,
      "height": 0.019999999552965164,
      "depth": 0.029999999329447746,
      "object_id": -1,
      "frame": "RealSense D455 aligned color camera frame",
      "rank": 30,
      "distance_to_object_center": 0.053612892627529635
    },
    {
      "score": 0.35712337493896484,
      "translation_camera": [
        0.028077365830540657,
        -0.07537095248699188,
        0.4620000422000885
      ],
      "rotation_matrix_camera": [
        [
          0.5313771963119507,
          -0.7907350063323975,
          -0.3039349615573883
        ],
        [
          -0.16952382028102875,
          0.2522660195827484,
          -0.9526927471160889
        ],
        [
          0.8300000429153442,
          0.557763397693634,
          -2.4380613083963e-08
        ]
      ],
      "width": 0.07639650255441666,
      "height": 0.019999999552965164,
      "depth": 0.029999999329447746,
      "object_id": -1,
      "frame": "RealSense D455 aligned color camera frame",
      "rank": 31,
      "distance_to_object_center": 0.0422268907834199
    },
    {
      "score": 0.35601678490638733,
      "translation_camera": [
        0.022281520068645477,
        -0.08569694310426712,
        0.4660000205039978
      ],
      "rotation_matrix_camera": [
        [
          0.5313771963119507,
          -0.7907350063323975,
          -0.3039349615573883
        ],
        [
          -0.16952382028102875,
          0.2522660195827484,
          -0.9526927471160889
        ],
        [
          0.8300000429153442,
          0.557763397693634,
          -2.4380613083963e-08
        ]
      ],
      "width": 0.08308982104063034,
      "height": 0.019999999552965164,
      "depth": 0.03999999910593033,
      "object_id": -1,
      "frame": "RealSense D455 aligned color camera frame",
      "rank": 32,
      "distance_to_object_center": 0.053359606573148304
    },
    {
      "score": 0.3520042896270752,
      "translation_camera": [
        0.03391700237989426,
        -0.07385105639696121,
        0.46000003814697266
      ],
      "rotation_matrix_camera": [
        [
          0.5313771963119507,
          -0.7907350063323975,
          -0.3039349615573883
        ],
        [
          -0.16952382028102875,
          0.2522660195827484,
          -0.9526927471160889
        ],
        [
          0.8300000429153442,
          0.557763397693634,
          -2.4380613083963e-08
        ]
      ],
      "width": 0.07495260238647461,
      "height": 0.019999999552965164,
      "depth": 0.029999999329447746,
      "object_id": -1,
      "frame": "RealSense D455 aligned color camera frame",
      "rank": 33,
      "distance_to_object_center": 0.040215101851482866
    },
    {
      "score": 0.35112518072128296,
      "translation_camera": [
        0.015228376723825932,
        -0.07577760517597198,
        0.47200003266334534
      ],
      "rotation_matrix_camera": [
        [
          0.6660667061805725,
          -0.2901601493358612,
          -0.687140703201294
        ],
        [
          -0.06173091381788254,
          0.8966288566589355,
          -0.43845877051353455
        ],
        [
          0.7433333396911621,
          0.33446061611175537,
          0.5793027877807617
        ]
      ],
      "width": 0.07707773149013519,
      "height": 0.019999999552965164,
      "depth": 0.029999999329447746,
      "object_id": -1,
      "frame": "RealSense D455 aligned color camera frame",
      "rank": 34,
      "distance_to_object_center": 0.046960015588566495
    },
    {
      "score": 0.35035935044288635,
      "translation_camera": [
        0.045939017087221146,
        -0.06563816219568253,
        0.4610000252723694
      ],
      "rotation_matrix_camera": [
        [
          0.6660667061805725,
          -0.7401613593101501,
          -0.09228425472974777
        ],
        [
          -0.06173091381788254,
          0.0685979425907135,
          -0.9957327246665955
        ],
        [
          0.7433333396911621,
          0.6689212322235107,
          -2.9239474841347146e-08
        ]
      ],
      "width": 0.07167786359786987,
      "height": 0.019999999552965164,
      "depth": 0.029999999329447746,
      "object_id": -1,
      "frame": "RealSense D455 aligned color camera frame",
      "rank": 35,
      "distance_to_object_center": 0.03314714677879822
    },
    {
      "score": 0.34851881861686707,
      "translation_camera": [
        0.033990733325481415,
        -0.08716986328363419,
        0.4610000252723694
      ],
      "rotation_matrix_camera": [
        [
          0.5313771963119507,
          -0.7907350063323975,
          -0.3039349615573883
        ],
        [
          -0.16952382028102875,
          0.2522660195827484,
          -0.9526927471160889
        ],
        [
          0.8300000429153442,
          0.557763397693634,
          -2.4380613083963e-08
        ]
      ],
      "width": 0.07607203722000122,
      "height": 0.019999999552965164,
      "depth": 0.029999999329447746,
      "object_id": -1,
      "frame": "RealSense D455 aligned color camera frame",
      "rank": 36,
      "distance_to_object_center": 0.05322931315682784
    },
    {
      "score": 0.348199725151062,
      "translation_camera": [
        0.03153252601623535,
        -0.07146383821964264,
        0.46000003814697266
      ],
      "rotation_matrix_camera": [
        [
          0.5313771963119507,
          -0.7907350063323975,
          -0.3039349615573883
        ],
        [
          -0.16952382028102875,
          0.2522660195827484,
          -0.9526927471160889
        ],
        [
          0.8300000429153442,
          0.557763397693634,
          -2.4380613083963e-08
        ]
      ],
      "width": 0.0715561956167221,
      "height": 0.019999999552965164,
      "depth": 0.029999999329447746,
      "object_id": -1,
      "frame": "RealSense D455 aligned color camera frame",
      "rank": 37,
      "distance_to_object_center": 0.03812726214062677
    },
    {
      "score": 0.345596045255661,
      "translation_camera": [
        0.04345489293336868,
        -0.06549578160047531,
        0.46000003814697266
      ],
      "rotation_matrix_camera": [
        [
          0.6660667061805725,
          -0.7401613593101501,
          -0.09228425472974777
        ],
        [
          -0.06173091381788254,
          0.0685979425907135,
          -0.9957327246665955
        ],
        [
          0.7433333396911621,
          0.6689212322235107,
          -2.9239474841347146e-08
        ]
      ],
      "width": 0.06918681412935257,
      "height": 0.019999999552965164,
      "depth": 0.029999999329447746,
      "object_id": -1,
      "frame": "RealSense D455 aligned color camera frame",
      "rank": 38,
      "distance_to_object_center": 0.03261113775061449
    },
    {
      "score": 0.34059789776802063,
      "translation_camera": [
        0.04583936929702759,
        -0.08698077499866486,
        0.46000003814697266
      ],
      "rotation_matrix_camera": [
        [
          0.5313771963119507,
          -0.7907350063323975,
          -0.3039349615573883
        ],
        [
          -0.16952382028102875,
          0.2522660195827484,
          -0.9526927471160889
        ],
        [
          0.8300000429153442,
          0.557763397693634,
          -2.4380613083963e-08
        ]
      ],
      "width": 0.07512116432189941,
      "height": 0.019999999552965164,
      "depth": 0.029999999329447746,
      "object_id": -1,
      "frame": "RealSense D455 aligned color camera frame",
      "rank": 39,
      "distance_to_object_center": 0.05385937872159106
    },
    {
      "score": 0.33737602829933167,
      "translation_camera": [
        0.05225098878145218,
        -0.06606530398130417,
        0.46400001645088196
      ],
      "rotation_matrix_camera": [
        [
          0.6660667061805725,
          -0.7401613593101501,
          -0.09228425472974777
        ],
        [
          -0.06173091381788254,
          0.0685979425907135,
          -0.9957327246665955
        ],
        [
          0.7433333396911621,
          0.6689212322235107,
          -2.9239474841347146e-08
        ]
      ],
      "width": 0.07314910739660263,
      "height": 0.019999999552965164,
      "depth": 0.019999999552965164,
      "object_id": -1,
      "frame": "RealSense D455 aligned color camera frame",
      "rank": 40,
      "distance_to_object_center": 0.0354142549621477
    },
    {
      "score": 0.3366905450820923,
      "translation_camera": [
        0.018738236278295517,
        -0.08970785140991211,
        0.46800002455711365
      ],
      "rotation_matrix_camera": [
        [
          0.4980229139328003,
          -0.6140506863594055,
          -0.6123030185699463
        ],
        [
          -0.3856969475746155,
          0.47555533051490784,
          -0.790623128414154
        ],
        [
          0.7766667008399963,
          0.6299118399620056,
          -2.7534321489497415e-08
        ]
      ],
      "width": 0.0771731361746788,
      "height": 0.019999999552965164,
      "depth": 0.029999999329447746,
      "object_id": -1,
      "frame": "RealSense D455 aligned color camera frame",
      "rank": 41,
      "distance_to_object_center": 0.05822773646372118
    },
    {
      "score": 0.3364097476005554,
      "translation_camera": [
        0.04973835498094559,
        -0.06712432205677032,
        0.46300002932548523
      ],
      "rotation_matrix_camera": [
        [
          0.6660667061805725,
          -0.7401613593101501,
          -0.09228425472974777
        ],
        [
          -0.06173091381788254,
          0.0685979425907135,
          -0.9957327246665955
        ],
        [
          0.7433333396911621,
          0.6689212322235107,
          -2.9239474841347146e-08
        ]
      ],
      "width": 0.07316877692937851,
      "height": 0.019999999552965164,
      "depth": 0.019999999552965164,
      "object_id": -1,
      "frame": "RealSense D455 aligned color camera frame",
      "rank": 42,
      "distance_to_object_center": 0.035468304801297194
    },
    {
      "score": 0.3311823010444641,
      "translation_camera": [
        0.021164176985621452,
        -0.09456532448530197,
        0.46800002455711365
      ],
      "rotation_matrix_camera": [
        [
          0.4980229139328003,
          -0.6140506863594055,
          -0.6123030185699463
        ],
        [
          -0.3856969475746155,
          0.47555533051490784,
          -0.790623128414154
        ],
        [
          0.7766667008399963,
          0.6299118399620056,
          -2.7534321489497415e-08
        ]
      ],
      "width": 0.06887513399124146,
      "height": 0.019999999552965164,
      "depth": 0.029999999329447746,
      "object_id": -1,
      "frame": "RealSense D455 aligned color camera frame",
      "rank": 43,
      "distance_to_object_center": 0.06221097652918844
    },
    {
      "score": 0.3309447765350342,
      "translation_camera": [
        0.018738236278295517,
        -0.07999289780855179,
        0.46800002455711365
      ],
      "rotation_matrix_camera": [
        [
          0.6540746092796326,
          -0.1380719542503357,
          -0.7437222003936768
        ],
        [
          -0.309978187084198,
          0.8479305505752563,
          -0.4300318658351898
        ],
        [
          0.690000057220459,
          0.5118106007575989,
          0.5118105411529541
        ]
      ],
      "width": 0.07953766733407974,
      "height": 0.019999999552965164,
      "depth": 0.029999999329447746,
      "object_id": -1,
      "frame": "RealSense D455 aligned color camera frame",
      "rank": 44,
      "distance_to_object_center": 0.04908474767149468
    },
    {
      "score": 0.32972222566604614,
      "translation_camera": [
        0.04345489293336868,
        -0.08936799317598343,
        0.46000003814697266
      ],
      "rotation_matrix_camera": [
        [
          0.5313771963119507,
          -0.7907350063323975,
          -0.3039349615573883
        ],
        [
          -0.16952382028102875,
          0.2522660195827484,
          -0.9526927471160889
        ],
        [
          0.8300000429153442,
          0.557763397693634,
          -2.4380613083963e-08
        ]
      ],
      "width": 0.0752200335264206,
      "height": 0.019999999552965164,
      "depth": 0.029999999329447746,
      "object_id": -1,
      "frame": "RealSense D455 aligned color camera frame",
      "rank": 45,
      "distance_to_object_center": 0.05585925958757296
    },
    {
      "score": 0.32623738050460815,
      "translation_camera": [
        0.0163820032030344,
        -0.08155430853366852,
        0.4700000286102295
      ],
      "rotation_matrix_camera": [
        [
          0.6540746092796326,
          -0.1380719542503357,
          -0.7437222003936768
        ],
        [
          -0.309978187084198,
          0.8479305505752563,
          -0.4300318658351898
        ],
        [
          0.690000057220459,
          0.5118106007575989,
          0.5118105411529541
        ]
      ],
      "width": 0.08164754509925842,
      "height": 0.019999999552965164,
      "depth": 0.029999999329447746,
      "object_id": -1,
      "frame": "RealSense D455 aligned color camera frame",
      "rank": 46,
      "distance_to_object_center": 0.05150557852943429
    },
    {
      "score": 0.32338201999664307,
      "translation_camera": [
        0.018738236278295517,
        -0.08242163807153702,
        0.46800002455711365
      ],
      "rotation_matrix_camera": [
        [
          0.6540746092796326,
          -0.1380719542503357,
          -0.7437222003936768
        ],
        [
          -0.309978187084198,
          0.8479305505752563,
          -0.4300318658351898
        ],
        [
          0.690000057220459,
          0.5118106007575989,
          0.5118105411529541
        ]
      ],
      "width": 0.0804649069905281,
      "height": 0.019999999552965164,
      "depth": 0.029999999329447746,
      "object_id": -1,
      "frame": "RealSense D455 aligned color camera frame",
      "rank": 47,
      "distance_to_object_center": 0.05135080848750255
    },
    {
      "score": 0.32324010133743286,
      "translation_camera": [
        0.03979149088263512,
        -0.08917371183633804,
        0.45900002121925354
      ],
      "rotation_matrix_camera": [
        [
          0.5313771963119507,
          -0.7907350063323975,
          -0.3039349615573883
        ],
        [
          -0.16952382028102875,
          0.2522660195827484,
          -0.9526927471160889
