{
  "success": true,
  "method": "graspnet_baseline_d455",
  "num_candidates": 184,
  "object_center_camera": [
    -0.0754250221223703,
    -0.036475799884562635,
    0.40300002694129944
  ],
  "candidates": [
    {
      "score": 0.4900635778903961,
      "translation_camera": [
        -0.07512742280960083,
        0.03377242013812065,
        0.4050000309944153
      ],
      "rotation_matrix_camera": [
        [
          -0.1557886302471161,
          0.9057342410087585,
          0.39417678117752075
        ],
        [
          -0.33291125297546387,
          -0.4238460063934326,
          0.8423328399658203
        ],
        [
          0.9300000071525574,
          0.0,
          0.3675594925880432
        ]
      ],
      "width": 0.08495822548866272,
      "height": 0.019999999552965164,
      "depth": 0.029999999329447746,
      "object_id": -1,
      "frame": "RealSense D455 aligned color camera frame",
      "rank": 0,
      "distance_to_object_center": 0.07027731495951423
    },
    {
      "score": 0.36139026284217834,
      "translation_camera": [
        -0.1008761078119278,
        -0.09923530369997025,
        0.40300002694129944
      ],
      "rotation_matrix_camera": [
        [
          0.4980229139328003,
          -0.6140506863594055,
          -0.6123030185699463
        ],
        [
          -0.3856969475746155,
          0.47555533051490784,
          -0.790623128414154
        ],
        [
          0.7766667008399963,
          0.6299118399620056,
          -2.7534321489497415e-08
        ]
      ],
      "width": 0.07037506997585297,
      "height": 0.019999999552965164,
      "depth": 0.029999999329447746,
      "object_id": -1,
      "frame": "RealSense D455 aligned color camera frame",
      "rank": 1,
      "distance_to_object_center": 0.0677237999667278
    },
    {
      "score": 0.35278040170669556,
      "translation_camera": [
        -0.0926339328289032,
        -0.06925326585769653,
        0.39900001883506775
      ],
      "rotation_matrix_camera": [
        [
          0.32332366704940796,
          -0.5531456470489502,
          -0.7677836418151855
        ],
        [
          -0.38744980096817017,
          0.6628532409667969,
          -0.6407091617584229
        ],
        [
          0.8633333444595337,
          0.5046340823173523,
          -2.2058255666479454e-08
        ]
      ],
      "width": 0.07686015218496323,
      "height": 0.019999999552965164,
      "depth": 0.029999999329447746,
      "object_id": -1,
      "frame": "RealSense D455 aligned color camera frame",
      "rank": 2,
      "distance_to_object_center": 0.03723585567937566
    },
    {
      "score": 0.34554773569107056,
      "translation_camera": [
        -0.09309826791286469,
        -0.06647799909114838,
        0.4010000228881836
      ],
      "rotation_matrix_camera": [
        [
          0.32332366704940796,
          -0.5531456470489502,
          -0.7677836418151855
        ],
        [
          -0.38744980096817017,
          0.6628532409667969,
          -0.6407091617584229
        ],
        [
          0.8633333444595337,
          0.5046340823173523,
          -2.2058255666479454e-08
        ]
      ],
      "width": 0.07761785387992859,
      "height": 0.019999999552965164,
      "depth": 0.029999999329447746,
      "object_id": -1,
      "frame": "RealSense D455 aligned color camera frame",
      "rank": 3,
      "distance_to_object_center": 0.03487801012407906
    },
    {
      "score": 0.3214505910873413,
      "translation_camera": [
        -0.0893062949180603,
        -0.06494764238595963,
        0.398000031709671
      ],
      "rotation_matrix_camera": [
        [
          0.32332366704940796,
          -0.5531456470489502,
          -0.7677836418151855
        ],
        [
          -0.38744980096817017,
          0.6628532409667969,
          -0.6407091617584229
        ],
        [
          0.8633333444595337,
          0.5046340823173523,
          -2.2058255666479454e-08
        ]
      ],
      "width": 0.0762520506978035,
      "height": 0.019999999552965164,
      "depth": 0.029999999329447746,
      "object_id": -1,
      "frame": "RealSense D455 aligned color camera frame",
      "rank": 4,
      "distance_to_object_center": 0.03206767066952363
    },
    {
      "score": 0.3134486675262451,
      "translation_camera": [
        -0.08599420636892319,
        -0.0647844523191452,
        0.3970000147819519
      ],
      "rotation_matrix_camera": [
        [
          0.32332366704940796,
          -0.5531456470489502,
          -0.7677836418151855
        ],
        [
          -0.38744980096817017,
          0.6628532409667969,
          -0.6407091617584229
        ],
        [
          0.8633333444595337,
          0.5046340823173523,
          -2.2058255666479454e-08
        ]
      ],
      "width": 0.07644807547330856,
      "height": 0.019999999552965164,
      "depth": 0.029999999329447746,
      "object_id": -1,
      "frame": "RealSense D455 aligned color camera frame",
      "rank": 5,
      "distance_to_object_center": 0.030807265445214338
    },
    {
      "score": 0.3018442988395691,
      "translation_camera": [
        -0.09878653287887573,
        -0.10237327963113785,
        0.40300002694129944
      ],
      "rotation_matrix_camera": [
        [
          0.4980229139328003,
          -0.6140506863594055,
          -0.6123030185699463
        ],
        [
          -0.3856969475746155,
          0.47555533051490784,
          -0.790623128414154
        ],
        [
          0.7766667008399963,
          0.6299118399620056,
          -2.7534321489497415e-08
        ]
      ],
      "width": 0.06305859237909317,
      "height": 0.019999999552965164,
      "depth": 0.029999999329447746,
      "object_id": -1,
      "frame": "RealSense D455 aligned color camera frame",
      "rank": 6,
      "distance_to_object_center": 0.06991593539227384
    },
    {
      "score": 0.29601868987083435,
      "translation_camera": [
        -0.08724264800548553,
        -0.06288161128759384,
        0.398000031709671
      ],
      "rotation_matrix_camera": [
        [
          0.32332366704940796,
          -0.5531456470489502,
          -0.7677836418151855
        ],
        [
          -0.38744980096817017,
          0.6628532409667969,
          -0.6407091617584229
        ],
        [
          0.8633333444595337,
          0.5046340823173523,
          -2.2058255666479454e-08
        ]
      ],
      "width": 0.07499022781848907,
      "height": 0.019999999552965164,
      "depth": 0.029999999329447746,
      "object_id": -1,
      "frame": "RealSense D455 aligned color camera frame",
      "rank": 7,
      "distance_to_object_center": 0.029358527035293083
    },
    {
      "score": 0.29310593008995056,
      "translation_camera": [
        -0.0765378400683403,
        -0.06976038962602615,
        0.3960000276565552
      ],
      "rotation_matrix_camera": [
        [
          0.6540746092796326,
          -0.6235225796699524,
          -0.42825937271118164
        ],
        [
          -0.309978187084198,
          0.2954989969730377,
          -0.9036558270454407
        ],
        [
          0.690000057220459,
          0.7238094210624695,
          -3.1638712982839934e-08
        ]
      ],
      "width": 0.061431366950273514,
      "height": 0.019999999552965164,
      "depth": 0.019999999552965164,
      "object_id": -1,
      "frame": "RealSense D455 aligned color camera frame",
      "rank": 8,
      "distance_to_object_center": 0.0340309016634122
    },
    {
      "score": 0.29276859760284424,
      "translation_camera": [
        -0.07570188492536545,
        -0.0647844523191452,
        0.3970000147819519
      ],
      "rotation_matrix_camera": [
        [
          0.6540746092796326,
          -0.6235225796699524,
          -0.42825937271118164
        ],
        [
          -0.309978187084198,
          0.2954989969730377,
          -0.9036558270454407
        ],
        [
          0.690000057220459,
          0.7238094210624695,
          -3.1638712982839934e-08
        ]
      ],
      "width": 0.056930750608444214,
      "height": 0.019999999552965164,
      "depth": 0.019999999552965164,
      "object_id": -1,
      "frame": "RealSense D455 aligned color camera frame",
      "rank": 9,
      "distance_to_object_center": 0.028938842436870175
    },
    {
      "score": 0.2893316447734833,
      "translation_camera": [
        -0.07055572420358658,
        -0.06169319897890091,
        0.3970000147819519
      ],
      "rotation_matrix_camera": [
        [
          0.9810783267021179,
          -0.00981128215789795,
          -0.19336247444152832
        ],
        [
          -0.1933528035879135,
          0.0019335818942636251,
          -0.9811273813247681
        ],
        [
          0.009999999776482582,
          0.9999499917030334,
          -4.3709203367825467e-08
        ]
      ],
      "width": 0.060612257570028305,
      "height": 0.019999999552965164,
      "depth": 0.019999999552965164,
      "object_id": -1,
      "frame": "RealSense D455 aligned color camera frame",
      "rank": 10,
      "distance_to_object_center": 0.02637474976596598
    },
    {
      "score": 0.289222776889801,
      "translation_camera": [
        -0.06866979598999023,
        -0.06288161128759384,
        0.398000031709671
      ],
      "rotation_matrix_camera": [
        [
          0.9810783267021179,
          -0.00981128215789795,
          -0.19336247444152832
        ],
        [
          -0.1933528035879135,
          0.0019335818942636251,
          -0.9811273813247681
        ],
        [
          0.009999999776482582,
          0.9999499917030334,
          -4.3709203367825467e-08
        ]
      ],
      "width": 0.05923360213637352,
      "height": 0.019999999552965164,
      "depth": 0.019999999552965164,
      "object_id": -1,
      "frame": "RealSense D455 aligned color camera frame",
      "rank": 11,
      "distance_to_object_center": 0.027711006987627688
    },
    {
      "score": 0.2872435748577118,
      "translation_camera": [
        -0.06478726863861084,
        -0.06730689853429794,
        0.406000018119812
      ],
      "rotation_matrix_camera": [
        [
          0.6540746092796326,
          -0.6235225796699524,
          -0.42825937271118164
        ],
        [
          -0.309978187084198,
          0.2954989969730377,
          -0.9036558270454407
        ],
        [
          0.690000057220459,
          0.7238094210624695,
          -3.1638712982839934e-08
        ]
      ],
      "width": 0.06603015214204788,
      "height": 0.019999999552965164,
      "depth": 0.019999999552965164,
      "object_id": -1,
      "frame": "RealSense D455 aligned color camera frame",
      "rank": 12,
      "distance_to_object_center": 0.03275237991661217
    },
    {
      "score": 0.2858022153377533,
      "translation_camera": [
        -0.07570188492536545,
        -0.060662779957056046,
        0.3970000147819519
      ],
      "rotation_matrix_camera": [
        [
          0.9810783267021179,
          -0.00981128215789795,
          -0.19336247444152832
        ],
        [
          -0.1933528035879135,
          0.0019335818942636251,
          -0.9811273813247681
        ],
        [
          0.009999999776482582,
          0.9999499917030334,
          -4.3709203367825467e-08
        ]
      ],
      "width": 0.06252456456422806,
      "height": 0.019999999552965164,
      "depth": 0.029999999329447746,
      "object_id": -1,
      "frame": "RealSense D455 aligned color camera frame",
      "rank": 13,
      "distance_to_object_center": 0.024921613189181673
    },
    {
      "score": 0.2846340537071228,
      "translation_camera": [
        -0.07345791906118393,
        -0.07181603461503983,
        0.3960000276565552
      ],
      "rotation_matrix_camera": [
        [
          0.6540746092796326,
          -0.6235225796699524,
          -0.42825937271118164
        ],
        [
          -0.309978187084198,
          0.2954989969730377,
          -0.9036558270454407
        ],
        [
          0.690000057220459,
          0.7238094210624695,
          -3.1638712982839934e-08
        ]
      ],
      "width": 0.06607114523649216,
      "height": 0.019999999552965164,
      "depth": 0.019999999552965164,
      "object_id": -1,
      "frame": "RealSense D455 aligned color camera frame",
      "rank": 14,
      "distance_to_object_center": 0.036080488844318276
    },
    {
      "score": 0.2845664620399475,
      "translation_camera": [
        -0.06606859713792801,
        -0.06751880049705505,
        0.4010000228881836
      ],
      "rotation_matrix_camera": [
        [
          0.6540746092796326,
          -0.6235225796699524,
          -0.42825937271118164
        ],
        [
          -0.309978187084198,
          0.2954989969730377,
          -0.9036558270454407
        ],
        [
          0.690000057220459,
          0.7238094210624695,
          -3.1638712982839934e-08
        ]
      ],
      "width": 0.06460515409708023,
      "height": 0.019999999552965164,
      "depth": 0.029999999329447746,
      "object_id": -1,
      "frame": "RealSense D455 aligned color camera frame",
      "rank": 15,
      "distance_to_object_center": 0.03248400516760796
    },
    {
      "score": 0.2840241491794586,
      "translation_camera": [
        -0.08393574506044388,
        -0.06272361427545547,
        0.3970000147819519
      ],
      "rotation_matrix_camera": [
        [
          0.9810783267021179,
          -0.00981128215789795,
          -0.19336247444152832
        ],
        [
          -0.1933528035879135,
          0.0019335818942636251,
          -0.9811273813247681
        ],
        [
          0.009999999776482582,
          0.9999499917030334,
          -4.3709203367825467e-08
        ]
      ],
      "width": 0.06128060072660446,
      "height": 0.019999999552965164,
      "depth": 0.029999999329447746,
      "object_id": -1,
      "frame": "RealSense D455 aligned color camera frame",
      "rank": 16,
      "distance_to_object_center": 0.028237923279514222
    },
    {
      "score": 0.27927112579345703,
      "translation_camera": [
        -0.07364341616630554,
        -0.06272361427545547,
        0.3970000147819519
      ],
      "rotation_matrix_camera": [
        [
          0.9810783267021179,
          -0.00981128215789795,
          -0.19336247444152832
        ],
        [
          -0.1933528035879135,
          0.0019335818942636251,
          -0.9811273813247681
        ],
        [
          0.009999999776482582,
          0.9999499917030334,
          -4.3709203367825467e-08
        ]
      ],
      "width": 0.06218631565570831,
      "height": 0.019999999552965164,
      "depth": 0.029999999329447746,
      "object_id": -1,
      "frame": "RealSense D455 aligned color camera frame",
      "rank": 17,
      "distance_to_object_center": 0.026983736323825967
    },
    {
      "score": 0.27609187364578247,
      "translation_camera": [
        -0.0660020038485527,
        -0.06430356204509735,
        0.40700003504753113
      ],
      "rotation_matrix_camera": [
        [
          0.6540746092796326,
          -0.6235225796699524,
          -0.42825937271118164
        ],
        [
          -0.309978187084198,
          0.2954989969730377,
          -0.9036558270454407
        ],
        [
          0.690000057220459,
          0.7238094210624695,
          -3.1638712982839934e-08
        ]
      ],
      "width": 0.06687081605195999,
      "height": 0.019999999552965164,
      "depth": 0.019999999552965164,
      "object_id": -1,
      "frame": "RealSense D455 aligned color camera frame",
      "rank": 18,
      "distance_to_object_center": 0.029650930594197333
    },
    {
      "score": 0.27283692359924316,
      "translation_camera": [
        -0.06797786056995392,
        -0.06423580646514893,
        0.40000003576278687
      ],
      "rotation_matrix_camera": [
        [
          0.6540746092796326,
          -0.6235225796699524,
          -0.42825937271118164
        ],
        [
          -0.309978187084198,
          0.2954989969730377,
          -0.9036558270454407
        ],
        [
          0.690000057220459,
          0.7238094210624695,
          -3.1638712982839934e-08
        ]
      ],
      "width": 0.06628763675689697,
      "height": 0.019999999552965164,
      "depth": 0.029999999329447746,
      "object_id": -1,
      "frame": "RealSense D455 aligned color camera frame",
      "rank": 19,
      "distance_to_object_center": 0.028897718380749997
    },
    {
      "score": 0.27182644605636597,
      "translation_camera": [
        -0.07981881499290466,
        -0.060662779957056046,
        0.3970000147819519
      ],
      "rotation_matrix_camera": [
        [
          0.9810783267021179,
          -0.00981128215789795,
          -0.19336247444152832
        ],
        [
          -0.1933528035879135,
          0.0019335818942636251,
          -0.9811273813247681
        ],
        [
          0.009999999776482582,
          0.9999499917030334,
          -4.3709203367825467e-08
        ]
      ],
      "width": 0.06253053992986679,
      "height": 0.019999999552965164,
      "depth": 0.029999999329447746,
      "object_id": -1,
      "frame": "RealSense D455 aligned color camera frame",
      "rank": 20,
      "distance_to_object_center": 0.02530445744782271
    },
    {
      "score": 0.27174872159957886,
      "translation_camera": [
        -0.06901486963033676,
        -0.05904478207230568,
        0.40000003576278687
      ],
      "rotation_matrix_camera": [
        [
          0.9810783267021179,
          -0.00981128215789795,
          -0.19336247444152832
        ],
        [
          -0.1933528035879135,
          0.0019335818942636251,
          -0.9811273813247681
        ],
        [
          0.009999999776482582,
          0.9999499917030334,
          -4.3709203367825467e-08
        ]
      ],
      "width": 0.061601895838975906,
      "height": 0.019999999552965164,
      "depth": 0.019999999552965164,
      "object_id": -1,
      "frame": "RealSense D455 aligned color camera frame",
      "rank": 21,
      "distance_to_object_center": 0.02365267340139249
    },
    {
      "score": 0.2703059911727905,
      "translation_camera": [
        -0.07382892072200775,
        -0.07631079852581024,
        0.398000031709671
      ],
      "rotation_matrix_camera": [
        [
          0.6540746092796326,
          -0.6235225796699524,
          -0.42825937271118164
        ],
        [
          -0.309978187084198,
          0.2954989969730377,
          -0.9036558270454407
        ],
        [
          0.690000057220459,
          0.7238094210624695,
          -3.1638712982839934e-08
        ]
      ],
      "width": 0.0672142282128334,
      "height": 0.019999999552965164,
      "depth": 0.019999999552965164,
      "object_id": -1,
      "frame": "RealSense D455 aligned color camera frame",
      "rank": 22,
      "distance_to_object_center": 0.0401792808390686
    },
    {
      "score": 0.2689940929412842,
      "translation_camera": [
        -0.07055572420358658,
        -0.05860194191336632,
        0.3970000147819519
      ],
      "rotation_matrix_camera": [
        [
          0.9810783267021179,
          -0.00981128215789795,
          -0.19336247444152832
        ],
        [
          -0.1933528035879135,
          0.0019335818942636251,
          -0.9811273813247681
        ],
        [
          0.009999999776482582,
          0.9999499917030334,
          -4.3709203367825467e-08
        ]
      ],
      "width": 0.05980605632066727,
      "height": 0.019999999552965164,
      "depth": 0.019999999552965164,
      "object_id": -1,
      "frame": "RealSense D455 aligned color camera frame",
      "rank": 23,
      "distance_to_object_center": 0.023436645860979818
    },
    {
      "score": 0.26366692781448364,
      "translation_camera": [
        -0.07776034623384476,
        -0.06272361427545547,
        0.3970000147819519
      ],
      "rotation_matrix_camera": [
        [
          0.9810783267021179,
          -0.00981128215789795,
          -0.19336247444152832
        ],
        [
          -0.1933528035879135,
          0.0019335818942636251,
          -0.9811273813247681
        ],
        [
          0.009999999776482582,
          0.9999499917030334,
          -4.3709203367825467e-08
        ]
      ],
      "width": 0.06161816790699959,
      "height": 0.019999999552965164,
      "depth": 0.029999999329447746,
      "object_id": -1,
      "frame": "RealSense D455 aligned color camera frame",
      "rank": 24,
      "distance_to_object_center": 0.02702594392277009
    },
    {
      "score": 0.26285406947135925,
      "translation_camera": [
        -0.07261418551206589,
        -0.07405821979045868,
        0.3970000147819519
      ],
      "rotation_matrix_camera": [
        [
          0.6540746092796326,
          -0.6235225796699524,
          -0.42825937271118164
        ],
        [
          -0.309978187084198,
          0.2954989969730377,
          -0.9036558270454407
        ],
        [
          0.690000057220459,
          0.7238094210624695,
          -3.1638712982839934e-08
        ]
      ],
      "width": 0.0664139837026596,
      "height": 0.019999999552965164,
      "depth": 0.019999999552965164,
      "object_id": -1,
      "frame": "RealSense D455 aligned color camera frame",
      "rank": 25,
      "distance_to_object_center": 0.038162012975539394
    },
    {
      "score": 0.2600250840187073,
      "translation_camera": [
        -0.09079208225011826,
        -0.06215939670801163,
        0.40000003576278687
      ],
      "rotation_matrix_camera": [
        [
          0.32332366704940796,
          -0.5531456470489502,
          -0.7677836418151855
        ],
        [
          -0.38744980096817017,
          0.6628532409667969,
          -0.6407091617584229
        ],
        [
          0.8633333444595337,
          0.5046340823173523,
          -2.2058255666479454e-08
        ]
      ],
      "width": 0.07726509869098663,
      "height": 0.019999999552965164,
      "depth": 0.029999999329447746,
      "object_id": -1,
      "frame": "RealSense D455 aligned color camera frame",
      "rank": 26,
      "distance_to_object_center": 0.03007978772914552
    },
    {
      "score": 0.2517572343349457,
      "translation_camera": [
        -0.07005009055137634,
        0.03385580703616142,
        0.406000018119812
      ],
      "rotation_matrix_camera": [
        [
          -0.1557886302471161,
          0.9057342410087585,
          0.39417678117752075
        ],
        [
          -0.33291125297546387,
          -0.4238460063934326,
          0.8423328399658203
        ],
        [
          0.9300000071525574,
          0.0,
          0.3675594925880432
        ]
      ],
      "width": 0.08462809026241302,
      "height": 0.019999999552965164,
      "depth": 0.029999999329447746,
      "object_id": -1,
      "frame": "RealSense D455 aligned color camera frame",
      "rank": 27,
      "distance_to_object_center": 0.07060045869904288
    },
    {
      "score": 0.2503620386123657,
      "translation_camera": [
        -0.09645701199769974,
        -0.10107585042715073,
        0.4020000100135803
      ],
      "rotation_matrix_camera": [
        [
          0.4980229139328003,
          -0.6140506863594055,
          -0.6123030185699463
        ],
        [
          -0.3856969475746155,
          0.47555533051490784,
          -0.790623128414154
        ],
        [
          0.7766667008399963,
          0.6299118399620056,
          -2.7534321489497415e-08
        ]
      ],
      "width": 0.05817697197198868,
      "height": 0.019999999552965164,
      "depth": 0.029999999329447746,
      "object_id": -1,
      "frame": "RealSense D455 aligned color camera frame",
      "rank": 28,
      "distance_to_object_center": 0.06794491270195747
    },
    {
      "score": 0.2489376962184906,
      "translation_camera": [
        -0.06727555394172668,
        -0.0614267960190773,
        0.4020000100135803
      ],
      "rotation_matrix_camera": [
        [
          0.6540746092796326,
          -0.6235225796699524,
          -0.42825937271118164
        ],
        [
          -0.309978187084198,
          0.2954989969730377,
          -0.9036558270454407
        ],
        [
          0.690000057220459,
          0.7238094210624695,
          -3.1638712982839934e-08
        ]
      ],
      "width": 0.0672871395945549,
      "height": 0.019999999552965164,
      "depth": 0.029999999329447746,
      "object_id": -1,
      "frame": "RealSense D455 aligned color camera frame",
      "rank": 29,
      "distance_to_object_center": 0.026267205286965977
    },
    {
      "score": 0.2444058656692505,
      "translation_camera": [
        -0.07302747666835785,
        0.030618872493505478,
        0.4050000309944153
      ],
      "rotation_matrix_camera": [
        [
          -0.1557886302471161,
          0.9057342410087585,
          0.39417678117752075
        ],
        [
          -0.33291125297546387,
          -0.4238460063934326,
          0.8423328399658203
        ],
        [
          0.9300000071525574,
          0.0,
          0.3675594925880432
        ]
      ],
      "width": 0.08494098484516144,
      "height": 0.019999999552965164,
      "depth": 0.029999999329447746,
      "object_id": -1,
      "frame": "RealSense D455 aligned color camera frame",
      "rank": 30,
      "distance_to_object_center": 0.06716727850625505
    },
    {
      "score": 0.24377718567848206,
      "translation_camera": [
        -0.08044075220823288,
        -0.06958422064781189,
        0.39500001072883606
      ],
      "rotation_matrix_camera": [
        [
          0.6540746092796326,
          -0.6235225796699524,
          -0.42825937271118164
        ],
        [
          -0.309978187084198,
          0.2954989969730377,
          -0.9036558270454407
        ],
        [
          0.690000057220459,
          0.7238094210624695,
          -3.1638712982839934e-08
        ]
      ],
      "width": 0.06405755877494812,
      "height": 0.019999999552965164,
      "depth": 0.019999999552965164,
      "object_id": -1,
      "frame": "RealSense D455 aligned color camera frame",
      "rank": 31,
      "distance_to_object_center": 0.0344285540377498
    },
    {
      "score": 0.24356050789356232,
      "translation_camera": [
        -0.07215522229671478,
        0.0328020304441452,
        0.406000018119812
      ],
      "rotation_matrix_camera": [
        [
          -0.1557886302471161,
          0.9057342410087585,
          0.39417678117752075
        ],
        [
          -0.33291125297546387,
          -0.4238460063934326,
          0.8423328399658203
        ],
        [
          0.9300000071525574,
          0.0,
          0.3675594925880432
        ]
      ],
      "width": 0.08404934406280518,
      "height": 0.019999999552965164,
      "depth": 0.029999999329447746,
      "object_id": -1,
      "frame": "RealSense D455 aligned color camera frame",
      "rank": 32,
      "distance_to_object_center": 0.06941980490482699
    },
    {
      "score": 0.24210311472415924,
      "translation_camera": [
        -0.09565217047929764,
        -0.10341926664113998,
        0.40300002694129944
      ],
      "rotation_matrix_camera": [
        [
          0.4980229139328003,
          -0.6140506863594055,
          -0.6123030185699463
        ],
        [
          -0.3856969475746155,
          0.47555533051490784,
          -0.790623128414154
        ],
        [
          0.7766667008399963,
          0.6299118399620056,
          -2.7534321489497415e-08
        ]
      ],
      "width": 0.057644788175821304,
      "height": 0.019999999552965164,
      "depth": 0.029999999329447746,
      "object_id": -1,
      "frame": "RealSense D455 aligned color camera frame",
      "rank": 33,
      "distance_to_object_center": 0.06993257661520935
    },
    {
      "score": 0.24057848751544952,
      "translation_camera": [
        -0.07532051205635071,
        -0.07983649522066116,
        0.39500001072883606
      ],
      "rotation_matrix_camera": [
        [
          0.6540746092796326,
          -0.6235225796699524,
          -0.42825937271118164
        ],
        [
          -0.309978187084198,
          0.2954989969730377,
          -0.9036558270454407
        ],
        [
          0.690000057220459,
          0.7238094210624695,
          -3.1638712982839934e-08
        ]
      ],
      "width": 0.06429234892129898,
      "height": 0.019999999552965164,
      "depth": 0.029999999329447746,
      "object_id": -1,
      "frame": "RealSense D455 aligned color camera frame",
      "rank": 34,
      "distance_to_object_center": 0.044092642036779026
    },
    {
      "score": 0.23880994319915771,
      "translation_camera": [
        -0.07776034623384476,
        -0.05860194191336632,
        0.3970000147819519
      ],
      "rotation_matrix_camera": [
        [
          0.9810783267021179,
          -0.00981128215789795,
          -0.19336247444152832
        ],
        [
          -0.1933528035879135,
          0.0019335818942636251,
          -0.9811273813247681
        ],
        [
          0.009999999776482582,
          0.9999499917030334,
          -4.3709203367825467e-08
        ]
      ],
      "width": 0.06063248962163925,
      "height": 0.019999999552965164,
      "depth": 0.029999999329447746,
      "object_id": -1,
      "frame": "RealSense D455 aligned color camera frame",
      "rank": 35,
      "distance_to_object_center": 0.023043872194072442
    },
    {
      "score": 0.2358640730381012,
      "translation_camera": [
        -0.06436263024806976,
        -0.06584170460700989,
        0.4100000262260437
      ],
      "rotation_matrix_camera": [
        [
          0.6540746092796326,
          -0.6235225796699524,
          -0.42825937271118164
        ],
        [
          -0.309978187084198,
          0.2954989969730377,
          -0.9036558270454407
        ],
        [
          0.690000057220459,
          0.7238094210624695,
          -3.1638712982839934e-08
        ]
      ],
      "width": 0.06467635929584503,
      "height": 0.019999999552965164,
      "depth": 0.019999999552965164,
      "object_id": -1,
      "frame": "RealSense D455 aligned color camera frame",
      "rank": 36,
      "distance_to_object_center": 0.03215171634819611
    },
    {
      "score": 0.23373863101005554,
      "translation_camera": [
        -0.07364341616630554,
        -0.08333198726177216,
        0.3970000147819519
      ],
      "rotation_matrix_camera": [
        [
          0.6540746092796326,
          -0.6235225796699524,
          -0.42825937271118164
        ],
        [
          -0.309978187084198,
          0.2954989969730377,
          -0.9036558270454407
        ],
        [
          0.690000057220459,
          0.7238094210624695,
          -3.1638712982839934e-08
        ]
      ],
      "width": 0.06386548280715942,
      "height": 0.019999999552965164,
      "depth": 0.019999999552965164,
      "object_id": -1,
      "frame": "RealSense D455 aligned color camera frame",
      "rank": 37,
      "distance_to_object_center": 0.04727236572484153
    },
    {
      "score": 0.23174674808979034,
      "translation_camera": [
        -0.06660614907741547,
        -0.06598065793514252,
        0.398000031709671
      ],
      "rotation_matrix_camera": [
        [
          0.9810783267021179,
          -0.00981128215789795,
          -0.19336247444152832
        ],
        [
          -0.1933528035879135,
          0.0019335818942636251,
          -0.9811273813247681
        ],
        [
          0.009999999776482582,
          0.9999499917030334,
          -4.3709203367825467e-08
        ]
      ],
      "width": 0.056193169206380844,
      "height": 0.019999999552965164,
      "depth": 0.019999999552965164,
      "object_id": -1,
      "frame": "RealSense D455 aligned color camera frame",
      "rank": 38,
      "distance_to_object_center": 0.031197902536616248
    },
    {
      "score": 0.22744551301002502,
      "translation_camera": [
        -0.08167104423046112,
        -0.06667691469192505,
        0.3960000276565552
      ],
      "rotation_matrix_camera": [
        [
          0.4980229139328003,
          -0.6140506863594055,
          -0.6123030185699463
        ],
        [
          -0.3856969475746155,
          0.47555533051490784,
          -0.790623128414154
        ],
        [
          0.7766667008399963,
          0.6299118399620056,
          -2.7534321489497415e-08
        ]
      ],
      "width": 0.06921125203371048,
      "height": 0.019999999552965164,
      "depth": 0.029999999329447746,
      "object_id": -1,
      "frame": "RealSense D455 aligned color camera frame",
      "rank": 39,
      "distance_to_object_center": 0.03162467577333663
    },
    {
      "score": 0.22571882605552673,
      "translation_camera": [
        -0.0702270120382309,
        -0.07792680710554123,
        0.4010000228881836
      ],
      "rotation_matrix_camera": [
        [
          0.6540746092796326,
          -0.6235225796699524,
          -0.42825937271118164
        ],
        [
          -0.309978187084198,
          0.2954989969730377,
          -0.9036558270454407
        ],
        [
          0.690000057220459,
          0.7238094210624695,
          -3.1638712982839934e-08
        ]
      ],
      "width": 0.06521033495664597,
      "height": 0.019999999552965164,
      "depth": 0.019999999552965164,
      "object_id": -1,
      "frame": "RealSense D455 aligned color camera frame",
      "rank": 40,
      "distance_to_object_center": 0.04182350206141177
    },
    {
      "score": 0.2238742858171463,
      "translation_camera": [
        -0.07756447792053223,
        -0.05639868602156639,
        0.3960000276565552
      ],
      "rotation_matrix_camera": [
        [
          0.9810783267021179,
          -0.00981128215789795,
          -0.19336247444152832
        ],
        [
          -0.1933528035879135,
          0.0019335818942636251,
          -0.9811273813247681
        ],
        [
          0.009999999776482582,
          0.9999499917030334,
          -4.3709203367825467e-08
        ]
      ],
      "width": 0.05925367400050163,
      "height": 0.019999999552965164,
      "depth": 0.029999999329447746,
      "object_id": -1,
      "frame": "RealSense D455 aligned color camera frame",
      "rank": 41,
      "distance_to_object_center": 0.02122495354828192
    },
    {
      "score": 0.21970486640930176,
      "translation_camera": [
        -0.06329969316720963,
        -0.06797002255916595,
        0.4100000262260437
      ],
      "rotation_matrix_camera": [
        [
          0.6540746092796326,
          -0.6235225796699524,
          -0.42825937271118164
        ],
        [
          -0.309978187084198,
          0.2954989969730377,
          -0.9036558270454407
        ],
        [
          0.690000057220459,
          0.7238094210624695,
          -3.1638712982839934e-08
        ]
      ],
      "width": 0.06165171042084694,
      "height": 0.019999999552965164,
      "depth": 0.019999999552965164,
      "object_id": -1,
      "frame": "RealSense D455 aligned color camera frame",
      "rank": 42,
      "distance_to_object_center": 0.03446606525460625
    },
    {
      "score": 0.21959343552589417,
      "translation_camera": [
        -0.09333042800426483,
        -0.10211924463510513,
        0.4020000100135803
      ],
      "rotation_matrix_camera": [
        [
          0.4980229139328003,
          -0.6140506863594055,
          -0.6123030185699463
        ],
        [
          -0.3856969475746155,
          0.47555533051490784,
          -0.790623128414154
        ],
        [
          0.7766667008399963,
          0.6299118399620056,
          -2.7534321489497415e-08
        ]
      ],
      "width": 0.056271810084581375,
      "height": 0.019999999552965164,
      "depth": 0.029999999329447746,
      "object_id": -1,
      "frame": "RealSense D455 aligned color camera frame",
      "rank": 43,
      "distance_to_object_center": 0.06804899288283871
    },
    {
      "score": 0.21708399057388306,
      "translation_camera": [
        -0.07961776107549667,
        -0.06462126970291138,
        0.3960000276565552
      ],
      "rotation_matrix_camera": [
        [
          0.9810783267021179,
          -0.00981128215789795,
          -0.19336247444152832
        ],
        [
          -0.1933528035879135,
          0.0019335818942636251,
          -0.9811273813247681
        ],
        [
          0.009999999776482582,
          0.9999499917030334,
          -4.3709203367825467e-08
        ]
      ],
      "width": 0.05995023623108864,
      "height": 0.019999999552965164,
      "depth": 0.029999999329447746,
      "object_id": -1,
      "frame": "RealSense D455 aligned color camera frame",
      "rank": 44,
      "distance_to_object_center": 0.0293043771681137
    },
    {
      "score": 0.21310031414031982,
      "translation_camera": [
        -0.07839265465736389,
        -0.08291217684745789,
        0.39500001072883606
      ],
      "rotation_matrix_camera": [
        [
          0.6540746092796326,
          -0.6235225796699524,
          -0.42825937271118164
        ],
        [
          -0.309978187084198,
          0.2954989969730377,
          -0.9036558270454407
        ],
        [
          0.690000057220459,
          0.7238094210624695,
          -3.1638712982839934e-08
        ]
      ],
      "width": 0.0599103718996048,
      "height": 0.019999999552965164,
      "depth": 0.029999999329447746,
      "object_id": -1,
      "frame": "RealSense D455 aligned color camera frame",
      "rank": 45,
      "distance_to_object_center": 0.047213813738169234
    },
    {
      "score": 0.20449340343475342,
      "translation_camera": [
        -0.09402693063020706,
        -0.10603488236665726,
        0.4050000309944153
      ],
      "rotation_matrix_camera": [
        [
          0.4980229139328003,
          -0.6140506863594055,
          -0.6123030185699463
        ],
        [
          -0.3856969475746155,
          0.47555533051490784,
          -0.790623128414154
        ],
        [
          0.7766667008399963,
          0.6299118399620056,
          -2.7534321489497415e-08
        ]
      ],
      "width": 0.060369446873664856,
      "height": 0.019999999552965164,
      "depth": 0.029999999329447746,
      "object_id": -1,
      "frame": "RealSense D455 aligned color camera frame",
      "rank": 46,
      "distance_to_object_center": 0.07203122220327274
    },
    {
      "score": 0.20311805605888367,
      "translation_camera": [
        -0.04611232876777649,
        -0.04000330716371536,
        0.4180000126361847
      ],
      "rotation_matrix_camera": [
        [
          0.32332366704940796,
          -0.5531456470489502,
          -0.7677836418151855
        ],
        [
          -0.38744980096817017,
          0.6628532409667969,
          -0.6407091617584229
        ],
        [
          0.8633333444595337,
          0.5046340823173523,
          -2.2058255666479454e-08
        ]
      ],
      "width": 0.06599946320056915,
      "height": 0.019999999552965164,
      "depth": 0.019999999552965164,
      "object_id": -1,
      "frame": "RealSense D455 aligned color camera frame",
      "rank": 47,
      "distance_to_object_center": 0.03311611194194883
    },
    {
      "score": 0.20145253837108612,
      "translation_camera": [
        -0.07532051205635071,
        -0.08393740653991699,
        0.39500001072883606
      ],
      "rotation_matrix_camera": [
        [
          0.6540746092796326,
          -0.6235225796699524,
