{
  "success": true,
  "method": "graspnet_baseline_d455",
  "num_candidates": 556,
  "object_center_camera": [
    -0.06112026285903574,
    0.009762427949202226,
    0.3450000286102295
  ],
  "candidates": [
    {
      "score": 0.6309293508529663,
      "translation_camera": [
        -0.022461166605353355,
        0.029348667711019516,
        0.4020000100135803
      ],
      "rotation_matrix_camera": [
        [
          -0.1557886302471161,
          0.9057342410087585,
          0.39417678117752075
        ],
        [
          -0.33291125297546387,
          -0.4238460063934326,
          0.8423328399658203
        ],
        [
          0.9300000071525574,
          0.0,
          0.3675594925880432
        ]
      ],
      "width": 0.0847102627158165,
      "height": 0.019999999552965164,
      "depth": 0.029999999329447746,
      "object_id": -1,
      "frame": "RealSense D455 aligned color camera frame",
      "rank": 0,
      "distance_to_object_center": 0.07160408082743058
    },
    {
      "score": 0.5752978324890137,
      "translation_camera": [
        -0.0246066153049469,
        0.030467668548226357,
        0.40300002694129944
      ],
      "rotation_matrix_camera": [
        [
          -0.1557886302471161,
          0.9057342410087585,
          0.39417678117752075
        ],
        [
          -0.33291125297546387,
          -0.4238460063934326,
          0.8423328399658203
        ],
        [
          0.9300000071525574,
          0.0,
          0.3675594925880432
        ]
      ],
      "width": 0.08435005694627762,
      "height": 0.019999999552965164,
      "depth": 0.029999999329447746,
      "object_id": -1,
      "frame": "RealSense D455 aligned color camera frame",
      "rank": 1,
      "distance_to_object_center": 0.0715957628101818
    },
    {
      "score": 0.36418840289115906,
      "translation_camera": [
        -0.0650799423456192,
        0.03064858168363571,
        0.3460000157356262
      ],
      "rotation_matrix_camera": [
        [
          0.4980229139328003,
          -0.6140506863594055,
          -0.6123030185699463
        ],
        [
          -0.3856969475746155,
          0.47555533051490784,
          -0.790623128414154
        ],
        [
          0.7766667008399963,
          0.6299118399620056,
          -2.7534321489497415e-08
        ]
      ],
      "width": 0.06809497624635696,
      "height": 0.019999999552965164,
      "depth": 0.019999999552965164,
      "object_id": -1,
      "frame": "RealSense D455 aligned color camera frame",
      "rank": 2,
      "distance_to_object_center": 0.02128169292386813
    },
    {
      "score": 0.3637246787548065,
      "translation_camera": [
        -0.06687396764755249,
        0.03154662996530533,
        0.3460000157356262
      ],
      "rotation_matrix_camera": [
        [
          0.4980229139328003,
          -0.6140506863594055,
          -0.6123030185699463
        ],
        [
          -0.3856969475746155,
          0.47555533051490784,
          -0.790623128414154
        ],
        [
          0.7766667008399963,
          0.6299118399620056,
          -2.7534321489497415e-08
        ]
      ],
      "width": 0.06726239621639252,
      "height": 0.019999999552965164,
      "depth": 0.019999999552965164,
      "object_id": -1,
      "frame": "RealSense D455 aligned color camera frame",
      "rank": 3,
      "distance_to_object_center": 0.022553415495723705
    },
    {
      "score": 0.346899151802063,
      "translation_camera": [
        -0.020275400951504707,
        0.025049837306141853,
        0.40000003576278687
      ],
      "rotation_matrix_camera": [
        [
          -0.11794727295637131,
          -0.8944670557975769,
          -0.4312970042228699
        ],
        [
          -0.5242874622344971,
          0.4249511659145355,
          -0.7379289865493774
        ],
        [
          0.8433333039283752,
          0.13908690214157104,
          -0.5190796852111816
        ]
      ],
      "width": 0.08482185006141663,
      "height": 0.019999999552965164,
      "depth": 0.029999999329447746,
      "object_id": -1,
      "frame": "RealSense D455 aligned color camera frame",
      "rank": 4,
      "distance_to_object_center": 0.07019265215015948
    },
    {
      "score": 0.33685022592544556,
      "translation_camera": [
        -0.06855446845293045,
        0.035545047372579575,
        0.3500000238418579
      ],
      "rotation_matrix_camera": [
        [
          0.4980229139328003,
          -0.6140506863594055,
          -0.6123030185699463
        ],
        [
          -0.3856969475746155,
          0.47555533051490784,
          -0.790623128414154
        ],
        [
          0.7766667008399963,
          0.6299118399620056,
          -2.7534321489497415e-08
        ]
      ],
      "width": 0.07023537904024124,
      "height": 0.019999999552965164,
      "depth": 0.019999999552965164,
      "object_id": -1,
      "frame": "RealSense D455 aligned color camera frame",
      "rank": 5,
      "distance_to_object_center": 0.02729488650753685
    },
    {
      "score": 0.3307034969329834,
      "translation_camera": [
        -0.0690649226307869,
        0.03353545814752579,
        0.34800001978874207
      ],
      "rotation_matrix_camera": [
        [
          0.4980229139328003,
          -0.6140506863594055,
          -0.6123030185699463
        ],
        [
          -0.3856969475746155,
          0.47555533051490784,
          -0.790623128414154
        ],
        [
          0.7766667008399963,
          0.6299118399620056,
          -2.7534321489497415e-08
        ]
      ],
      "width": 0.0681317076086998,
      "height": 0.019999999552965164,
      "depth": 0.019999999552965164,
      "object_id": -1,
      "frame": "RealSense D455 aligned color camera frame",
      "rank": 6,
      "distance_to_object_center": 0.025244296994973704
    },
    {
      "score": 0.3244819939136505,
      "translation_camera": [
        -0.06726052612066269,
        0.03353545814752579,
        0.34800001978874207
      ],
      "rotation_matrix_camera": [
        [
          0.4980229139328003,
          -0.6140506863594055,
          -0.6123030185699463
        ],
        [
          -0.3856969475746155,
          0.47555533051490784,
          -0.790623128414154
        ],
        [
          0.7766667008399963,
          0.6299118399620056,
          -2.7534321489497415e-08
        ]
      ],
      "width": 0.06845273822546005,
      "height": 0.019999999552965164,
      "depth": 0.019999999552965164,
      "object_id": -1,
      "frame": "RealSense D455 aligned color camera frame",
      "rank": 7,
      "distance_to_object_center": 0.02473579885113159
    },
    {
      "score": 0.3180709183216095,
      "translation_camera": [
        -0.020275400951504707,
        0.022973425686359406,
        0.40000003576278687
      ],
      "rotation_matrix_camera": [
        [
          -0.11794727295637131,
          -0.8944670557975769,
          -0.4312970042228699
        ],
        [
          -0.5242874622344971,
          0.4249511659145355,
          -0.7379289865493774
        ],
        [
          0.8433333039283752,
          0.13908690214157104,
          -0.5190796852111816
        ]
      ],
      "width": 0.08453945815563202,
      "height": 0.019999999552965164,
      "depth": 0.029999999329447746,
      "object_id": -1,
      "frame": "RealSense D455 aligned color camera frame",
      "rank": 8,
      "distance_to_object_center": 0.06976986449920777
    },
    {
      "score": 0.31665074825286865,
      "translation_camera": [
        -0.06583231687545776,
        0.03463662043213844,
        0.3500000238418579
      ],
      "rotation_matrix_camera": [
        [
          0.4980229139328003,
          -0.6140506863594055,
          -0.6123030185699463
        ],
        [
          -0.3856969475746155,
          0.47555533051490784,
          -0.790623128414154
        ],
        [
          0.7766667008399963,
          0.6299118399620056,
          -2.7534321489497415e-08
        ]
      ],
      "width": 0.06994201242923737,
      "height": 0.019999999552965164,
      "depth": 0.019999999552965164,
      "object_id": -1,
      "frame": "RealSense D455 aligned color camera frame",
      "rank": 9,
      "distance_to_object_center": 0.025805597397621824
    },
    {
      "score": 0.2982906699180603,
      "translation_camera": [
        -0.0669303834438324,
        0.03564660623669624,
        0.35100001096725464
      ],
      "rotation_matrix_camera": [
        [
          0.4980229139328003,
          -0.6140506863594055,
          -0.6123030185699463
        ],
        [
          -0.3856969475746155,
          0.47555533051490784,
          -0.790623128414154
        ],
        [
          0.7766667008399963,
          0.6299118399620056,
          -2.7534321489497415e-08
        ]
      ],
      "width": 0.07035171240568161,
      "height": 0.019999999552965164,
      "depth": 0.019999999552965164,
      "object_id": -1,
      "frame": "RealSense D455 aligned color camera frame",
      "rank": 10,
      "distance_to_object_center": 0.02719830831344603
    },
    {
      "score": 0.2891424596309662,
      "translation_camera": [
        -0.06455393135547638,
        0.03353545814752579,
        0.34800001978874207
      ],
      "rotation_matrix_camera": [
        [
          0.4980229139328003,
          -0.6140506863594055,
          -0.6123030185699463
        ],
        [
          -0.3856969475746155,
          0.47555533051490784,
          -0.790623128414154
        ],
        [
          0.7766667008399963,
          0.6299118399620056,
          -2.7534321489497415e-08
        ]
      ],
      "width": 0.06898059695959091,
      "height": 0.019999999552965164,
      "depth": 0.019999999552965164,
      "object_id": -1,
      "frame": "RealSense D455 aligned color camera frame",
      "rank": 11,
      "distance_to_object_center": 0.024206341962903152
    },
    {
      "score": 0.2861317992210388,
      "translation_camera": [
        -0.06090562045574188,
        0.03584972023963928,
        0.3530000150203705
      ],
      "rotation_matrix_camera": [
        [
          0.4980229139328003,
          -0.6140506863594055,
          -0.6123030185699463
        ],
        [
          -0.3856969475746155,
          0.47555533051490784,
          -0.790623128414154
        ],
        [
          0.7766667008399963,
          0.6299118399620056,
          -2.7534321489497415e-08
        ]
      ],
      "width": 0.07172371447086334,
      "height": 0.019999999552965164,
      "depth": 0.019999999552965164,
      "object_id": -1,
      "frame": "RealSense D455 aligned color camera frame",
      "rank": 12,
      "distance_to_object_center": 0.027287225453871796
    },
    {
      "score": 0.2825493812561035,
      "translation_camera": [
        -0.07762722671031952,
        0.028518931940197945,
        0.34200000762939453
      ],
      "rotation_matrix_camera": [
        [
          0.4980229139328003,
          -0.6140506863594055,
          -0.6123030185699463
        ],
        [
          -0.3856969475746155,
          0.47555533051490784,
          -0.790623128414154
        ],
        [
          0.7766667008399963,
          0.6299118399620056,
          -2.7534321489497415e-08
        ]
      ],
      "width": 0.0654517114162445,
      "height": 0.019999999552965164,
      "depth": 0.019999999552965164,
      "object_id": -1,
      "frame": "RealSense D455 aligned color camera frame",
      "rank": 13,
      "distance_to_object_center": 0.025165182761849307
    },
    {
      "score": 0.2798195481300354,
      "translation_camera": [
        -0.08099143207073212,
        0.029664551839232445,
        0.3450000286102295
      ],
      "rotation_matrix_camera": [
        [
          0.4980229139328003,
          -0.6140506863594055,
          -0.6123030185699463
        ],
        [
          -0.3856969475746155,
          0.47555533051490784,
          -0.790623128414154
        ],
        [
          0.7766667008399963,
          0.6299118399620056,
          -2.7534321489497415e-08
        ]
      ],
      "width": 0.06829998642206192,
      "height": 0.019999999552965164,
      "depth": 0.019999999552965164,
      "object_id": -1,
      "frame": "RealSense D455 aligned color camera frame",
      "rank": 14,
      "distance_to_object_center": 0.02812397377992629
    },
    {
      "score": 0.27930232882499695,
      "translation_camera": [
        -0.07963268458843231,
        0.028602322563529015,
        0.34300002455711365
      ],
      "rotation_matrix_camera": [
        [
          0.4980229139328003,
          -0.6140506863594055,
          -0.6123030185699463
        ],
        [
          -0.3856969475746155,
          0.47555533051490784,
          -0.790623128414154
        ],
        [
          0.7766667008399963,
          0.6299118399620056,
          -2.7534321489497415e-08
        ]
      ],
      "width": 0.06640665978193283,
      "height": 0.019999999552965164,
      "depth": 0.019999999552965164,
      "object_id": -1,
      "frame": "RealSense D455 aligned color camera frame",
      "rank": 15,
      "distance_to_object_center": 0.026488703320065587
    },
    {
      "score": 0.2736474275588989,
      "translation_camera": [
        -0.08141115307807922,
        0.027712060138583183,
        0.34300002455711365
      ],
      "rotation_matrix_camera": [
        [
          0.4980229139328003,
          -0.6140506863594055,
          -0.6123030185699463
        ],
        [
          -0.3856969475746155,
          0.47555533051490784,
          -0.790623128414154
        ],
        [
          0.7766667008399963,
          0.6299118399620056,
          -2.7534321489497415e-08
        ]
      ],
      "width": 0.06618969887495041,
      "height": 0.019999999552965164,
      "depth": 0.019999999552965164,
      "object_id": -1,
      "frame": "RealSense D455 aligned color camera frame",
      "rank": 16,
      "distance_to_object_center": 0.02716449038409915
    },
    {
      "score": 0.27248209714889526,
      "translation_camera": [
        -0.06529592722654343,
        0.03574816510081291,
        0.35200002789497375
      ],
      "rotation_matrix_camera": [
        [
          0.4980229139328003,
          -0.6140506863594055,
          -0.6123030185699463
        ],
        [
          -0.3856969475746155,
          0.47555533051490784,
          -0.790623128414154
        ],
        [
          0.7766667008399963,
          0.6299118399620056,
          -2.7534321489497415e-08
        ]
      ],
      "width": 0.07081416249275208,
      "height": 0.019999999552965164,
      "depth": 0.019999999552965164,
      "object_id": -1,
      "frame": "RealSense D455 aligned color camera frame",
      "rank": 17,
      "distance_to_object_center": 0.027234072376511986
    },
    {
      "score": 0.2707228660583496,
      "translation_camera": [
        -0.06894620507955551,
        0.0366617850959301,
        0.35200002789497375
      ],
      "rotation_matrix_camera": [
        [
          0.4980229139328003,
          -0.6140506863594055,
          -0.6123030185699463
        ],
        [
          -0.3856969475746155,
          0.47555533051490784,
          -0.790623128414154
        ],
        [
          0.7766667008399963,
          0.6299118399620056,
          -2.7534321489497415e-08
        ]
      ],
      "width": 0.07120102643966675,
      "height": 0.019999999552965164,
      "depth": 0.019999999552965164,
      "object_id": -1,
      "frame": "RealSense D455 aligned color camera frame",
      "rank": 18,
      "distance_to_object_center": 0.02887595498910043
    },
    {
      "score": 0.2698400914669037,
      "translation_camera": [
        -0.07651619613170624,
        0.02755047380924225,
        0.3410000205039978
      ],
      "rotation_matrix_camera": [
        [
          0.4980229139328003,
          -0.6140506863594055,
          -0.6123030185699463
        ],
        [
          -0.3856969475746155,
          0.47555533051490784,
          -0.790623128414154
        ],
        [
          0.7766667008399963,
          0.6299118399620056,
          -2.7534321489497415e-08
        ]
      ],
      "width": 0.06517507880926132,
      "height": 0.019999999552965164,
      "depth": 0.019999999552965164,
      "object_id": -1,
      "frame": "RealSense D455 aligned color camera frame",
      "rank": 19,
      "distance_to_object_center": 0.0238631389742701
    },
    {
      "score": 0.2651495337486267,
      "translation_camera": [
        -0.07107296586036682,
        0.035443488508462906,
        0.3490000069141388
      ],
      "rotation_matrix_camera": [
        [
          0.4980229139328003,
          -0.6140506863594055,
          -0.6123030185699463
        ],
        [
          -0.3856969475746155,
          0.47555533051490784,
          -0.790623128414154
        ],
        [
          0.7766667008399963,
          0.6299118399620056,
          -2.7534321489497415e-08
        ]
      ],
      "width": 0.06791099905967712,
      "height": 0.019999999552965164,
      "depth": 0.019999999552965164,
      "object_id": -1,
      "frame": "RealSense D455 aligned color camera frame",
      "rank": 20,
      "distance_to_object_center": 0.02783115151970655
    },
    {
      "score": 0.2594999074935913,
      "translation_camera": [
        -0.06822691112756729,
        0.03859836980700493,
        0.3530000150203705
      ],
      "rotation_matrix_camera": [
        [
          0.4980229139328003,
          -0.6140506863594055,
          -0.6123030185699463
        ],
        [
          -0.3856969475746155,
          0.47555533051490784,
          -0.790623128414154
        ],
        [
          0.7766667008399963,
          0.6299118399620056,
          -2.7534321489497415e-08
        ]
      ],
      "width": 0.07284725457429886,
      "height": 0.019999999552965164,
      "depth": 0.019999999552965164,
      "object_id": -1,
      "frame": "RealSense D455 aligned color camera frame",
      "rank": 21,
      "distance_to_object_center": 0.030757369442162
    },
    {
      "score": 0.2590523958206177,
      "translation_camera": [
        -0.07057028263807297,
        0.0365576297044754,
        0.35100001096725464
      ],
      "rotation_matrix_camera": [
        [
          0.4980229139328003,
          -0.6140506863594055,
          -0.6123030185699463
        ],
        [
          -0.3856969475746155,
          0.47555533051490784,
          -0.790623128414154
        ],
        [
          0.7766667008399963,
          0.6299118399620056,
          -2.7534321489497415e-08
        ]
      ],
      "width": 0.06897805631160736,
      "height": 0.019999999552965164,
      "depth": 0.019999999552965164,
      "object_id": -1,
      "frame": "RealSense D455 aligned color camera frame",
      "rank": 22,
      "distance_to_object_center": 0.029039378423351327
    },
    {
      "score": 0.25660985708236694,
      "translation_camera": [
        -0.07168391346931458,
        0.038489025086164474,
        0.35200002789497375
      ],
      "rotation_matrix_camera": [
        [
          0.4980229139328003,
          -0.6140506863594055,
          -0.6123030185699463
        ],
        [
          -0.3856969475746155,
          0.47555533051490784,
          -0.790623128414154
        ],
        [
          0.7766667008399963,
          0.6299118399620056,
          -2.7534321489497415e-08
        ]
      ],
      "width": 0.07193996012210846,
      "height": 0.019999999552965164,
      "depth": 0.019999999552965164,
      "object_id": -1,
      "frame": "RealSense D455 aligned color camera frame",
      "rank": 23,
      "distance_to_object_center": 0.03139758091432829
    },
    {
      "score": 0.2553347945213318,
      "translation_camera": [
        -0.07239023596048355,
        0.0365576297044754,
        0.35100001096725464
      ],
      "rotation_matrix_camera": [
        [
          0.4980229139328003,
          -0.6140506863594055,
          -0.6123030185699463
        ],
        [
          -0.3856969475746155,
          0.47555533051490784,
          -0.790623128414154
        ],
        [
          0.7766667008399963,
          0.6299118399620056,
          -2.7534321489497415e-08
        ]
      ],
      "width": 0.06831585615873337,
      "height": 0.019999999552965164,
      "depth": 0.019999999552965164,
      "object_id": -1,
      "frame": "RealSense D455 aligned color camera frame",
      "rank": 24,
      "distance_to_object_center": 0.02968155856921541
    },
    {
      "score": 0.25494834780693054,
      "translation_camera": [
        -0.05604258179664612,
        0.03718254715204239,
        0.3570000231266022
      ],
      "rotation_matrix_camera": [
        [
          0.4980229139328003,
          -0.6140506863594055,
          -0.6123030185699463
        ],
        [
          -0.3856969475746155,
          0.47555533051490784,
          -0.790623128414154
        ],
        [
          0.7766667008399963,
          0.6299118399620056,
          -2.7534321489497415e-08
        ]
      ],
      "width": 0.0716601014137268,
      "height": 0.019999999552965164,
      "depth": 0.019999999552965164,
      "object_id": -1,
      "frame": "RealSense D455 aligned color camera frame",
      "rank": 25,
      "distance_to_object_center": 0.030358617400373957
    },
    {
      "score": 0.25490984320640564,
      "translation_camera": [
        -0.06255822628736496,
        0.03574816510081291,
        0.35200002789497375
      ],
      "rotation_matrix_camera": [
        [
          0.4980229139328003,
          -0.6140506863594055,
          -0.6123030185699463
        ],
        [
          -0.3856969475746155,
          0.47555533051490784,
          -0.790623128414154
        ],
        [
          0.7766667008399963,
          0.6299118399620056,
          -2.7534321489497415e-08
        ]
      ],
      "width": 0.07084430754184723,
      "height": 0.019999999552965164,
      "depth": 0.019999999552965164,
      "object_id": -1,
      "frame": "RealSense D455 aligned color camera frame",
      "rank": 26,
      "distance_to_object_center": 0.02695044088916232
    },
    {
      "score": 0.2544325590133667,
      "translation_camera": [
        -0.0802871584892273,
        0.026743600144982338,
        0.34200000762939453
      ],
      "rotation_matrix_camera": [
        [
          0.4980229139328003,
          -0.6140506863594055,
          -0.6123030185699463
        ],
        [
          -0.3856969475746155,
          0.47555533051490784,
          -0.790623128414154
        ],
        [
          0.7766667008399963,
          0.6299118399620056,
          -2.7534321489497415e-08
        ]
      ],
      "width": 0.06596621870994568,
      "height": 0.019999999552965164,
      "depth": 0.019999999552965164,
      "object_id": -1,
      "frame": "RealSense D455 aligned color camera frame",
      "rank": 27,
      "distance_to_object_center": 0.02578236263663285
    },
    {
      "score": 0.2531275153160095,
      "translation_camera": [
        -0.07496729493141174,
        0.028518931940197945,
        0.34200000762939453
      ],
      "rotation_matrix_camera": [
        [
          0.6540746092796326,
          -0.6235225796699524,
          -0.42825937271118164
        ],
        [
          -0.309978187084198,
          0.2954989969730377,
          -0.9036558270454407
        ],
        [
          0.690000057220459,
          0.7238094210624695,
          -3.1638712982839934e-08
        ]
      ],
      "width": 0.05788006633520126,
      "height": 0.019999999552965164,
      "depth": 0.019999999552965164,
      "object_id": -1,
      "frame": "RealSense D455 aligned color camera frame",
      "rank": 28,
      "distance_to_object_center": 0.02350631542932873
    },
    {
      "score": 0.25047945976257324,
      "translation_camera": [
        -0.0603303499519825,
        0.03605283424258232,
        0.35500001907348633
      ],
      "rotation_matrix_camera": [
        [
          0.4980229139328003,
          -0.6140506863594055,
          -0.6123030185699463
        ],
        [
          -0.3856969475746155,
          0.47555533051490784,
          -0.790623128414154
        ],
        [
          0.7766667008399963,
          0.6299118399620056,
          -2.7534321489497415e-08
        ]
      ],
      "width": 0.07073899358510971,
      "height": 0.019999999552965164,
      "depth": 0.019999999552965164,
      "object_id": -1,
      "frame": "RealSense D455 aligned color camera frame",
      "rank": 29,
      "distance_to_object_center": 0.028139105080598362
    },
    {
      "score": 0.250264972448349,
      "translation_camera": [
        -0.07032784074544907,
        0.02755047380924225,
        0.3410000205039978
      ],
      "rotation_matrix_camera": [
        [
          0.6540746092796326,
          -0.6235225796699524,
          -0.42825937271118164
        ],
        [
          -0.309978187084198,
          0.2954989969730377,
          -0.9036558270454407
        ],
        [
          0.690000057220459,
          0.7238094210624695,
          -3.1638712982839934e-08
        ]
      ],
      "width": 0.05698341503739357,
      "height": 0.019999999552965164,
      "depth": 0.019999999552965164,
      "object_id": -1,
      "frame": "RealSense D455 aligned color camera frame",
      "rank": 30,
      "distance_to_object_center": 0.02042533061918886
    },
    {
      "score": 0.248841792345047,
      "translation_camera": [
        -0.04757361114025116,
        0.03969180956482887,
        0.3630000352859497
      ],
      "rotation_matrix_camera": [
        [
          0.6540746092796326,
          -0.6235225796699524,
          -0.42825937271118164
        ],
        [
          -0.309978187084198,
          0.2954989969730377,
          -0.9036558270454407
        ],
        [
          0.690000057220459,
          0.7238094210624695,
          -3.1638712982839934e-08
        ]
      ],
      "width": 0.07055225223302841,
      "height": 0.019999999552965164,
      "depth": 0.019999999552965164,
      "object_id": -1,
      "frame": "RealSense D455 aligned color camera frame",
      "rank": 31,
      "distance_to_object_center": 0.03746037769443645
    },
    {
      "score": 0.2462129443883896,
      "translation_camera": [
        -0.07297999411821365,
        0.028435543179512024,
        0.3410000205039978
      ],
      "rotation_matrix_camera": [
        [
          0.6540746092796326,
          -0.6235225796699524,
          -0.42825937271118164
        ],
        [
          -0.309978187084198,
          0.2954989969730377,
          -0.9036558270454407
        ],
        [
          0.690000057220459,
          0.7238094210624695,
          -3.1638712982839934e-08
        ]
      ],
      "width": 0.05687452480196953,
      "height": 0.019999999552965164,
      "depth": 0.019999999552965164,
      "object_id": -1,
      "frame": "RealSense D455 aligned color camera frame",
      "rank": 32,
      "distance_to_object_center": 0.022479735825722432
    },
    {
      "score": 0.24123302102088928,
      "translation_camera": [
        -0.06896185129880905,
        0.029492583125829697,
        0.34300002455711365
      ],
      "rotation_matrix_camera": [
        [
          0.6540746092796326,
          -0.6235225796699524,
          -0.42825937271118164
        ],
        [
          -0.309978187084198,
          0.2954989969730377,
          -0.9036558270454407
        ],
        [
          0.690000057220459,
          0.7238094210624695,
          -3.1638712982839934e-08
        ]
      ],
      "width": 0.06041198968887329,
      "height": 0.019999999552965164,
      "depth": 0.019999999552965164,
      "object_id": -1,
      "frame": "RealSense D455 aligned color camera frame",
      "rank": 33,
      "distance_to_object_center": 0.02132532646327052
    },
    {
      "score": 0.23920385539531708,
      "translation_camera": [
        -0.07452889531850815,
        0.02658720687031746,
        0.3400000333786011
      ],
      "rotation_matrix_camera": [
        [
          0.6540746092796326,
          -0.6235225796699524,
          -0.42825937271118164
        ],
        [
          -0.309978187084198,
          0.2954989969730377,
          -0.9036558270454407
        ],
        [
          0.690000057220459,
          0.7238094210624695,
          -3.1638712982839934e-08
        ]
      ],
      "width": 0.056041549891233444,
      "height": 0.019999999552965164,
      "depth": 0.019999999552965164,
      "object_id": -1,
      "frame": "RealSense D455 aligned color camera frame",
      "rank": 34,
      "distance_to_object_center": 0.022087656337735958
    },
    {
      "score": 0.23831218481063843,
      "translation_camera": [
        -0.08206044137477875,
        0.025855936110019684,
        0.34200000762939453
      ],
      "rotation_matrix_camera": [
        [
          0.4980229139328003,
          -0.6140506863594055,
          -0.6123030185699463
        ],
        [
          -0.3856969475746155,
          0.47555533051490784,
          -0.790623128414154
        ],
        [
          0.7766667008399963,
          0.6299118399620056,
          -2.7534321489497415e-08
        ]
      ],
      "width": 0.06635075807571411,
      "height": 0.019999999552965164,
      "depth": 0.019999999552965164,
      "object_id": -1,
      "frame": "RealSense D455 aligned color camera frame",
      "rank": 35,
      "distance_to_object_center": 0.026579921126273737
    },
    {
      "score": 0.23564067482948303,
      "translation_camera": [
        -0.019238390028476715,
        0.019858811050653458,
        0.40000003576278687
      ],
      "rotation_matrix_camera": [
        [
          0.05689249932765961,
          -0.11523131281137466,
          -0.9917080998420715
        ],
        [
          -0.43903547525405884,
          0.8892316222190857,
          -0.1285107433795929
        ],
        [
          0.8966667056083679,
          0.44270631670951843,
          -1.9351308111481558e-08
        ]
      ],
      "width": 0.07426998764276505,
      "height": 0.019999999552965164,
      "depth": 0.029999999329447746,
      "object_id": -1,
      "frame": "RealSense D455 aligned color camera frame",
      "rank": 36,
      "distance_to_object_center": 0.06986436151792809
    },
    {
      "score": 0.2352084070444107,
      "translation_camera": [
        -0.07188452035188675,
        0.027469681575894356,
        0.3400000333786011
      ],
      "rotation_matrix_camera": [
        [
          0.6540746092796326,
          -0.6235225796699524,
          -0.42825937271118164
        ],
        [
          -0.309978187084198,
          0.2954989969730377,
          -0.9036558270454407
        ],
        [
          0.690000057220459,
          0.7238094210624695,
          -3.1638712982839934e-08
        ]
      ],
      "width": 0.05525105074048042,
      "height": 0.019999999552965164,
      "depth": 0.019999999552965164,
      "object_id": -1,
      "frame": "RealSense D455 aligned color camera frame",
      "rank": 37,
      "distance_to_object_center": 0.02131703597334084
    },
    {
      "score": 0.23354263603687286,
      "translation_camera": [
        -0.04744550213217735,
        0.03144580125808716,
        0.35500001907348633
      ],
      "rotation_matrix_camera": [
        [
          -0.9794528484344482,
          -0.049033984541893005,
          -0.19562169909477234
        ],
        [
          -0.19537703692913055,
          -0.00978104304522276,
          0.980679452419281
        ],
        [
          -0.05000000447034836,
          0.9987492561340332,
          -4.365671557593487e-08
        ]
      ],
      "width": 0.0646076574921608,
      "height": 0.019999999552965164,
      "depth": 0.019999999552965164,
      "object_id": -1,
      "frame": "RealSense D455 aligned color camera frame",
      "rank": 38,
      "distance_to_object_center": 0.02751667800179592
    },
    {
      "score": 0.23325106501579285,
      "translation_camera": [
        -0.06590758264064789,
        0.026665404438972473,
        0.3410000205039978
      ],
      "rotation_matrix_camera": [
        [
          0.6540746092796326,
          -0.6235225796699524,
          -0.42825937271118164
        ],
        [
          -0.309978187084198,
          0.2954989969730377,
          -0.9036558270454407
        ],
        [
          0.690000057220459,
          0.7238094210624695,
          -3.1638712982839934e-08
        ]
      ],
      "width": 0.058793019503355026,
      "height": 0.019999999552965164,
      "depth": 0.019999999552965164,
      "object_id": -1,
      "frame": "RealSense D455 aligned color camera frame",
      "rank": 39,
      "distance_to_object_center": 0.01801746679628021
    },
    {
      "score": 0.23299725353717804,
      "translation_camera": [
        -0.06985877454280853,
        0.03940264508128166,
        0.35200002789497375
      ],
      "rotation_matrix_camera": [
        [
          0.4980229139328003,
          -0.6140506863594055,
          -0.6123030185699463
        ],
        [
          -0.3856969475746155,
          0.47555533051490784,
          -0.790623128414154
        ],
        [
          0.7766667008399963,
          0.6299118399620056,
          -2.7534321489497415e-08
        ]
      ],
      "width": 0.07189081609249115,
      "height": 0.019999999552965164,
      "depth": 0.019999999552965164,
      "object_id": -1,
      "frame": "RealSense D455 aligned color camera frame",
      "rank": 40,
      "distance_to_object_center": 0.03168444489131329
    },
    {
      "score": 0.23271548748016357,
      "translation_camera": [
        -0.06835868209600449,
        0.02658720687031746,
        0.3400000333786011
      ],
      "rotation_matrix_camera": [
        [
          0.6540746092796326,
          -0.6235225796699524,
          -0.42825937271118164
        ],
        [
          -0.309978187084198,
          0.2954989969730377,
          -0.9036558270454407
        ],
        [
          0.690000057220459,
          0.7238094210624695,
          -3.1638712982839934e-08
        ]
      ],
      "width": 0.05525019019842148,
      "height": 0.019999999552965164,
      "depth": 0.019999999552965164,
      "object_id": -1,
      "frame": "RealSense D455 aligned color camera frame",
      "rank": 41,
      "distance_to_object_center": 0.018985990917274494
    },
    {
      "score": 0.23167477548122406,
      "translation_camera": [
        -0.06903649121522903,
        0.02474925108253956,
        0.33900001645088196
      ],
      "rotation_matrix_camera": [
        [
          0.6540746092796326,
          -0.6235225796699524,
          -0.42825937271118164
        ],
        [
          -0.309978187084198,
          0.2954989969730377,
          -0.9036558270454407
        ],
        [
          0.690000057220459,
          0.7238094210624695,
          -3.1638712982839934e-08
        ]
      ],
      "width": 0.05382842198014259,
      "height": 0.019999999552965164,
      "depth": 0.019999999552965164,
      "object_id": -1,
      "frame": "RealSense D455 aligned color camera frame",
      "rank": 42,
      "distance_to_object_center": 0.017979757643796314
    },
    {
      "score": 0.22927647829055786,
      "translation_camera": [
        -0.0511675588786602,
        0.028196819126605988,
        0.3490000069141388
      ],
      "rotation_matrix_camera": [
        [
          -0.9794528484344482,
          -0.049033984541893005,
          -0.19562169909477234
        ],
        [
          -0.19537703692913055,
          -0.00978104304522276,
          0.980679452419281
        ],
        [
          -0.05000000447034836,
          0.9987492561340332,
          -4.365671557593487e-08
        ]
      ],
      "width": 0.06402868032455444,
      "height": 0.019999999552965164,
      "depth": 0.019999999552965164,
      "object_id": -1,
      "frame": "RealSense D455 aligned color camera frame",
      "rank": 43,
      "distance_to_object_center": 0.0213279844578495
    },
    {
      "score": 0.22851437330245972,
      "translation_camera": [
        -0.06698749959468842,
        0.028518931940197945,
        0.34200000762939453
      ],
      "rotation_matrix_camera": [
        [
          0.6540746092796326,
          -0.6235225796699524,
          -0.42825937271118164
        ],
        [
          -0.309978187084198,
          0.2954989969730377,
          -0.9036558270454407
        ],
        [
          0.690000057220459,
          0.7238094210624695,
          -3.1638712982839934e-08
        ]
      ],
      "width": 0.06005467101931572,
      "height": 0.019999999552965164,
      "depth": 0.019999999552965164,
      "object_id": -1,
      "frame": "RealSense D455 aligned color camera frame",
      "rank": 44,
      "distance_to_object_center": 0.019880418374920595
    },
    {
      "score": 0.2255949079990387,
      "translation_camera": [
        -0.06639989465475082,
        0.02474925108253956,
        0.33900001645088196
      ],
      "rotation_matrix_camera": [
        [
          0.6540746092796326,
          -0.6235225796699524,
          -0.42825937271118164
        ],
        [
          -0.309978187084198,
          0.2954989969730377,
          -0.9036558270454407
        ],
        [
          0.690000057220459,
          0.7238094210624695,
          -3.1638712982839934e-08
        ]
      ],
      "width": 0.05478643253445625,
      "height": 0.019999999552965164,
      "depth": 0.019999999552965164,
      "object_id": -1,
      "frame": "RealSense D455 aligned color camera frame",
      "rank": 45,
      "distance_to_object_center": 0.016984685026239933
    },
    {
      "score": 0.22539958357810974,
      "translation_camera": [
        -0.06552103161811829,
        0.022989492863416672,
        0.33900001645088196
      ],
      "rotation_matrix_camera": [
        [
          0.6540746092796326,
          -0.6235225796699524,
          -0.42825937271118164
        ],
        [
          -0.309978187084198,
          0.2954989969730377,
          -0.9036558270454407
        ],
        [
          0.690000057220459,
          0.7238094210624695,
          -3.1638712982839934e-08
        ]
      ],
      "width": 0.056316081434488297,
      "height": 0.019999999552965164,
      "depth": 0.019999999552965164,
      "object_id": -1,
      "frame": "RealSense D455 aligned color camera frame",
      "rank": 46,
      "distance_to_object_center": 0.01517636840051262
    },
    {
      "score": 0.22280892729759216,
      "translation_camera": [
        -0.0670803040266037,
        0.02292167767882347,
        0.33800002932548523
      ],
      "rotation_matrix_camera": [
        [
          0.6540746092796326,
          -0.6235225796699524,
          -0.42825937271118164
        ],
        [
          -0.309978187084198,
          0.2954989969730377,
          -0.9036558270454407
        ],
        [
          0.690000057220459,
          0.7238094210624695,
          -3.1638712982839934e-08
        ]
      ],
      "width": 0.0564202256500721,
      "height": 0.019999999552965164,
      "depth": 0.019999999552965164,
      "object_id": -1,
      "frame": "RealSense D455 aligned color camera frame",
      "rank": 47,
      "distance_to_object_center": 0.016052661279428462
    },
    {
      "score": 0.2226034551858902,
      "translation_camera": [
        -0.06532775610685349,
        0.02116711251437664,
        0.33800002932548523
      ],
      "rotation_matrix_camera": [
        [
          0.6540746092796326,
          -0.6235225796699524,
          -0.42825937271118164
        ],
        [
          -0.309978187084198,
