{
  "success": true,
  "method": "graspnet_baseline_d455",
  "num_candidates": 230,
  "object_center_camera": [
    -0.041209447781430035,
    -0.03332874347018367,
    0.40000003576278687
  ],
  "candidates": [
    {
      "score": 0.382529616355896,
      "translation_camera": [
        -0.037894245237112045,
        -0.05695285275578499,
        0.40000003576278687
      ],
      "rotation_matrix_camera": [
        [
          0.4980229139328003,
          -0.6140506863594055,
          -0.6123030185699463
        ],
        [
          -0.3856969475746155,
          0.47555533051490784,
          -0.790623128414154
        ],
        [
          0.7766667008399963,
          0.6299118399620056,
          -2.7534321489497415e-08
        ]
      ],
      "width": 0.0719817504286766,
      "height": 0.019999999552965164,
      "depth": 0.029999999329447746,
      "object_id": -1,
      "frame": "RealSense D455 aligned color camera frame",
      "rank": 0,
      "distance_to_object_center": 0.02385558859990436
    },
    {
      "score": 0.35682666301727295,
      "translation_camera": [
        -0.04079940542578697,
        -0.060799021273851395,
        0.398000031709671
      ],
      "rotation_matrix_camera": [
        [
          0.4980229139328003,
          -0.6140506863594055,
          -0.6123030185699463
        ],
        [
          -0.3856969475746155,
          0.47555533051490784,
          -0.790623128414154
        ],
        [
          0.7766667008399963,
          0.6299118399620056,
          -2.7534321489497415e-08
        ]
      ],
      "width": 0.07144041359424591,
      "height": 0.019999999552965164,
      "depth": 0.029999999329447746,
      "object_id": -1,
      "frame": "RealSense D455 aligned color camera frame",
      "rank": 1,
      "distance_to_object_center": 0.027546039888822146
    },
    {
      "score": 0.3559281826019287,
      "translation_camera": [
        -0.040167536586523056,
        -0.05723761394619942,
        0.4020000100135803
      ],
      "rotation_matrix_camera": [
        [
          0.4980229139328003,
          -0.6140506863594055,
          -0.6123030185699463
        ],
        [
          -0.3856969475746155,
          0.47555533051490784,
          -0.790623128414154
        ],
        [
          0.7766667008399963,
          0.6299118399620056,
          -2.7534321489497415e-08
        ]
      ],
      "width": 0.07213252782821655,
      "height": 0.019999999552965164,
      "depth": 0.029999999329447746,
      "object_id": -1,
      "frame": "RealSense D455 aligned color camera frame",
      "rank": 2,
      "distance_to_object_center": 0.024014986224872307
    },
    {
      "score": 0.3261581361293793,
      "translation_camera": [
        -0.04537977650761604,
        -0.08246990293264389,
        0.3930000364780426
      ],
      "rotation_matrix_camera": [
        [
          0.4980229139328003,
          0.6123030185699463,
          -0.6140506863594055
        ],
        [
          -0.3856969475746155,
          0.790623128414154,
          0.4755553603172302
        ],
        [
          0.7766667008399963,
          0.0,
          0.6299118399620056
        ]
      ],
      "width": 0.08493036031723022,
      "height": 0.019999999552965164,
      "depth": 0.029999999329447746,
      "object_id": -1,
      "frame": "RealSense D455 aligned color camera frame",
      "rank": 3,
      "distance_to_object_center": 0.049812098781177816
    },
    {
      "score": 0.32557839155197144,
      "translation_camera": [
        -0.03808371350169182,
        -0.05515139177441597,
        0.4020000100135803
      ],
      "rotation_matrix_camera": [
        [
          0.4980229139328003,
          -0.6140506863594055,
          -0.6123030185699463
        ],
        [
          -0.3856969475746155,
          0.47555533051490784,
          -0.790623128414154
        ],
        [
          0.7766667008399963,
          0.6299118399620056,
          -2.7534321489497415e-08
        ]
      ],
      "width": 0.07257597893476486,
      "height": 0.019999999552965164,
      "depth": 0.029999999329447746,
      "object_id": -1,
      "frame": "RealSense D455 aligned color camera frame",
      "rank": 4,
      "distance_to_object_center": 0.022135900496740135
    },
    {
      "score": 0.3228157162666321,
      "translation_camera": [
        -0.039417609572410583,
        -0.05556296929717064,
        0.4050000309944153
      ],
      "rotation_matrix_camera": [
        [
          0.4980229139328003,
          -0.6140506863594055,
          -0.6123030185699463
        ],
        [
          -0.3856969475746155,
          0.47555533051490784,
          -0.790623128414154
        ],
        [
          0.7766667008399963,
          0.6299118399620056,
          -2.7534321489497415e-08
        ]
      ],
      "width": 0.07243870943784714,
      "height": 0.019999999552965164,
      "depth": 0.019999999552965164,
      "object_id": -1,
      "frame": "RealSense D455 aligned color camera frame",
      "rank": 5,
      "distance_to_object_center": 0.02285982140370006
    },
    {
      "score": 0.29644790291786194,
      "translation_camera": [
        -0.03391607105731964,
        0.03142689913511276,
        0.4020000100135803
      ],
      "rotation_matrix_camera": [
        [
          -0.1557886302471161,
          0.9057342410087585,
          0.39417678117752075
        ],
        [
          -0.33291125297546387,
          -0.4238460063934326,
          0.8423328399658203
        ],
        [
          0.9300000071525574,
          0.0,
          0.3675594925880432
        ]
      ],
      "width": 0.08444823324680328,
      "height": 0.019999999552965164,
      "depth": 0.029999999329447746,
      "object_id": -1,
      "frame": "RealSense D455 aligned color camera frame",
      "rank": 6,
      "distance_to_object_center": 0.06519575515528993
    },
    {
      "score": 0.293436199426651,
      "translation_camera": [
        -0.021626202389597893,
        -0.0725560188293457,
        0.406000018119812
      ],
      "rotation_matrix_camera": [
        [
          -0.6358653903007507,
          0.7673709392547607,
          -0.08256512880325317
        ],
        [
          -0.05268014967441559,
          0.06357516348361969,
          0.9965856671333313
        ],
        [
          0.7699999809265137,
          0.6380438804626465,
          -2.788978292755928e-08
        ]
      ],
      "width": 0.07022005319595337,
      "height": 0.019999999552965164,
      "depth": 0.029999999329447746,
      "object_id": -1,
      "frame": "RealSense D455 aligned color camera frame",
      "rank": 7,
      "distance_to_object_center": 0.044252484907232596
    },
    {
      "score": 0.28199660778045654,
      "translation_camera": [
        -0.04345288872718811,
        -0.06836680322885513,
        0.39400002360343933
      ],
      "rotation_matrix_camera": [
        [
          0.6540746092796326,
          -0.6235225796699524,
          -0.42825937271118164
        ],
        [
          -0.309978187084198,
          0.2954989969730377,
          -0.9036558270454407
        ],
        [
          0.690000057220459,
          0.7238094210624695,
          -3.1638712982839934e-08
        ]
      ],
      "width": 0.06433955579996109,
      "height": 0.019999999552965164,
      "depth": 0.019999999552965164,
      "object_id": -1,
      "frame": "RealSense D455 aligned color camera frame",
      "rank": 8,
      "distance_to_object_center": 0.03561879847554736
    },
    {
      "score": 0.2802511751651764,
      "translation_camera": [
        -0.023555409163236618,
        -0.07515701651573181,
        0.40300002694129944
      ],
      "rotation_matrix_camera": [
        [
          -0.6358653903007507,
          0.7673709392547607,
          -0.08256512880325317
        ],
        [
          -0.05268014967441559,
          0.06357516348361969,
          0.9965856671333313
        ],
        [
          0.7699999809265137,
          0.6380438804626465,
          -2.788978292755928e-08
        ]
      ],
      "width": 0.06276798248291016,
      "height": 0.019999999552965164,
      "depth": 0.029999999329447746,
      "object_id": -1,
      "frame": "RealSense D455 aligned color camera frame",
      "rank": 9,
      "distance_to_object_center": 0.04550021376407749
    },
    {
      "score": 0.2787943184375763,
      "translation_camera": [
        -0.025453515350818634,
        -0.07771129906177521,
        0.40000003576278687
      ],
      "rotation_matrix_camera": [
        [
          -0.6358653903007507,
          0.7673709392547607,
          -0.08256512880325317
        ],
        [
          -0.05268014967441559,
          0.06357516348361969,
          0.9965856671333313
        ],
        [
          0.7699999809265137,
          0.6380438804626465,
          -2.788978292755928e-08
        ]
      ],
      "width": 0.06485916674137115,
      "height": 0.019999999552965164,
      "depth": 0.029999999329447746,
      "object_id": -1,
      "frame": "RealSense D455 aligned color camera frame",
      "rank": 10,
      "distance_to_object_center": 0.047096291229763575
    },
    {
      "score": 0.2773412764072418,
      "translation_camera": [
        -0.025389879941940308,
        -0.08062300086021423,
        0.39900001883506775
      ],
      "rotation_matrix_camera": [
        [
          -0.6358653903007507,
          0.7673709392547607,
          -0.08256512880325317
        ],
        [
          -0.05268014967441559,
          0.06357516348361969,
          0.9965856671333313
        ],
        [
          0.7699999809265137,
          0.6380438804626465,
          -2.788978292755928e-08
        ]
      ],
      "width": 0.06844480335712433,
      "height": 0.019999999552965164,
      "depth": 0.029999999329447746,
      "object_id": -1,
      "frame": "RealSense D455 aligned color camera frame",
      "rank": 11,
      "distance_to_object_center": 0.049879911212414994
    },
    {
      "score": 0.268847793340683,
      "translation_camera": [
        -0.03976786136627197,
        -0.001933253719471395,
        0.398000031709671
      ],
      "rotation_matrix_camera": [
        [
          -0.1557886302471161,
          0.9057342410087585,
          0.39417678117752075
        ],
        [
          -0.33291125297546387,
          -0.4238460063934326,
          0.8423328399658203
        ],
        [
          0.9300000071525574,
          0.0,
          0.3675594925880432
        ]
      ],
      "width": 0.08426284044981003,
      "height": 0.019999999552965164,
      "depth": 0.029999999329447746,
      "object_id": -1,
      "frame": "RealSense D455 aligned color camera frame",
      "rank": 12,
      "distance_to_object_center": 0.031492141310046344
    },
    {
      "score": 0.26609981060028076,
      "translation_camera": [
        -0.023555409163236618,
        -0.07829413563013077,
        0.40300002694129944
      ],
      "rotation_matrix_camera": [
        [
          -0.6358653903007507,
          0.7673709392547607,
          -0.08256512880325317
        ],
        [
          -0.05268014967441559,
          0.06357516348361969,
          0.9965856671333313
        ],
        [
          0.7699999809265137,
          0.6380438804626465,
          -2.788978292755928e-08
        ]
      ],
      "width": 0.06443905830383301,
      "height": 0.019999999552965164,
      "depth": 0.029999999329447746,
      "object_id": -1,
      "frame": "RealSense D455 aligned color camera frame",
      "rank": 13,
      "distance_to_object_center": 0.048399912383202195
    },
    {
      "score": 0.2609589099884033,
      "translation_camera": [
        -0.022622624412178993,
        -0.06922462582588196,
        0.4050000309944153
      ],
      "rotation_matrix_camera": [
        [
          -0.6358653903007507,
          0.7673709392547607,
          -0.08256512880325317
        ],
        [
          -0.05268014967441559,
          0.06357516348361969,
          0.9965856671333313
        ],
        [
          0.7699999809265137,
          0.6380438804626465,
          -2.788978292755928e-08
        ]
      ],
      "width": 0.0690954402089119,
      "height": 0.019999999552965164,
      "depth": 0.029999999329447746,
      "object_id": -1,
      "frame": "RealSense D455 aligned color camera frame",
      "rank": 14,
      "distance_to_object_center": 0.040730631291083313
    },
    {
      "score": 0.2491069734096527,
      "translation_camera": [
        -0.019713977351784706,
        -0.07433472573757172,
        0.4100000262260437
      ],
      "rotation_matrix_camera": [
        [
          -0.6358653903007507,
          0.7673709392547607,
          -0.08256512880325317
        ],
        [
          -0.05268014967441559,
          0.06357516348361969,
          0.9965856671333313
        ],
        [
          0.7699999809265137,
          0.6380438804626465,
          -2.788978292755928e-08
        ]
      ],
      "width": 0.07227322459220886,
      "height": 0.019999999552965164,
      "depth": 0.019999999552965164,
      "object_id": -1,
      "frame": "RealSense D455 aligned color camera frame",
      "rank": 15,
      "distance_to_object_center": 0.04736608111265198
    },
    {
      "score": 0.2433340847492218,
      "translation_camera": [
        -0.047658249735832214,
        -0.06751537322998047,
        0.39500001072883606
      ],
      "rotation_matrix_camera": [
        [
          0.4980229139328003,
          -0.6140506863594055,
          -0.6123030185699463
        ],
        [
          -0.3856969475746155,
          0.47555533051490784,
          -0.790623128414154
        ],
        [
          0.7766667008399963,
          0.6299118399620056,
          -2.7534321489497415e-08
        ]
      ],
      "width": 0.06730637699365616,
      "height": 0.019999999552965164,
      "depth": 0.019999999552965164,
      "object_id": -1,
      "frame": "RealSense D455 aligned color camera frame",
      "rank": 16,
      "distance_to_object_center": 0.035147019095801854
    },
    {
      "score": 0.24225904047489166,
      "translation_camera": [
        -0.04469982534646988,
        -0.06049349531531334,
        0.3960000276565552
      ],
      "rotation_matrix_camera": [
        [
          0.4980229139328003,
          -0.6140506863594055,
          -0.6123030185699463
        ],
        [
          -0.3856969475746155,
          0.47555533051490784,
          -0.790623128414154
        ],
        [
          0.7766667008399963,
          0.6299118399620056,
          -2.7534321489497415e-08
        ]
      ],
      "width": 0.07008998095989227,
      "height": 0.019999999552965164,
      "depth": 0.029999999329447746,
      "object_id": -1,
      "frame": "RealSense D455 aligned color camera frame",
      "rank": 17,
      "distance_to_object_center": 0.027678629720488845
    },
    {
      "score": 0.23871448636054993,
      "translation_camera": [
        -0.022566765546798706,
        -0.0816333144903183,
        0.40400001406669617
      ],
      "rotation_matrix_camera": [
        [
          -0.6358653903007507,
          0.31218189001083374,
          -0.7058453559875488
        ],
        [
          -0.05268014967441559,
          0.8948561549186707,
          0.44323500990867615
        ],
        [
          0.7699999809265137,
          0.3190218508243561,
          -0.5525622963905334
        ]
      ],
      "width": 0.08232329785823822,
      "height": 0.019999999552965164,
      "depth": 0.029999999329447746,
      "object_id": -1,
      "frame": "RealSense D455 aligned color camera frame",
      "rank": 18,
      "distance_to_object_center": 0.051931503047499154
    },
    {
      "score": 0.23728667199611664,
      "translation_camera": [
        -0.04983162507414818,
        -0.06665875762701035,
        0.3960000276565552
      ],
      "rotation_matrix_camera": [
        [
          0.4980229139328003,
          -0.6140506863594055,
          -0.6123030185699463
        ],
        [
          -0.3856969475746155,
          0.47555533051490784,
          -0.790623128414154
        ],
        [
          0.7766667008399963,
          0.6299118399620056,
          -2.7534321489497415e-08
        ]
      ],
      "width": 0.06606145948171616,
      "height": 0.019999999552965164,
      "depth": 0.019999999552965164,
      "object_id": -1,
      "frame": "RealSense D455 aligned color camera frame",
      "rank": 19,
      "distance_to_object_center": 0.03465879181118768
    },
    {
      "score": 0.22898776829242706,
      "translation_camera": [
        -0.045610710978507996,
        -0.0644405260682106,
        0.39500001072883606
      ],
      "rotation_matrix_camera": [
        [
          0.4980229139328003,
          -0.6140506863594055,
          -0.6123030185699463
        ],
        [
          -0.3856969475746155,
          0.47555533051490784,
          -0.790623128414154
        ],
        [
          0.7766667008399963,
          0.6299118399620056,
          -2.7534321489497415e-08
        ]
      ],
      "width": 0.07243058830499649,
      "height": 0.019999999552965164,
      "depth": 0.029999999329447746,
      "object_id": -1,
      "frame": "RealSense D455 aligned color camera frame",
      "rank": 20,
      "distance_to_object_center": 0.031816888353466924
    },
    {
      "score": 0.22554709017276764,
      "translation_camera": [
        -0.03936818242073059,
        -0.07143386453390121,
        0.39400002360343933
      ],
      "rotation_matrix_camera": [
        [
          0.6540746092796326,
          -0.6235225796699524,
          -0.42825937271118164
        ],
        [
          -0.309978187084198,
          0.2954989969730377,
          -0.9036558270454407
        ],
        [
          0.690000057220459,
          0.7238094210624695,
          -3.1638712982839934e-08
        ]
      ],
      "width": 0.06974072009325027,
      "height": 0.019999999552965164,
      "depth": 0.019999999552965164,
      "object_id": -1,
      "frame": "RealSense D455 aligned color camera frame",
      "rank": 21,
      "distance_to_object_center": 0.03861852735826938
    },
    {
      "score": 0.2235369086265564,
      "translation_camera": [
        -0.03936818242073059,
        -0.06836680322885513,
        0.39400002360343933
      ],
      "rotation_matrix_camera": [
        [
          0.6540746092796326,
          -0.6235225796699524,
          -0.42825937271118164
        ],
        [
          -0.309978187084198,
          0.2954989969730377,
          -0.9036558270454407
        ],
        [
          0.690000057220459,
          0.7238094210624695,
          -3.1638712982839934e-08
        ]
      ],
      "width": 0.06484872847795486,
      "height": 0.019999999552965164,
      "depth": 0.019999999552965164,
      "object_id": -1,
      "frame": "RealSense D455 aligned color camera frame",
      "rank": 22,
      "distance_to_object_center": 0.0355957305823755
    },
    {
      "score": 0.22148483991622925,
      "translation_camera": [
        -0.05537981539964676,
        -0.071305051445961,
        0.39900001883506775
      ],
      "rotation_matrix_camera": [
        [
          0.32332366704940796,
          -0.5531456470489502,
          -0.7677836418151855
        ],
        [
          -0.38744980096817017,
          0.6628532409667969,
          -0.6407091617584229
        ],
        [
          0.8633333444595337,
          0.5046340823173523,
          -2.2058255666479454e-08
        ]
      ],
      "width": 0.07194925099611282,
      "height": 0.019999999552965164,
      "depth": 0.019999999552965164,
      "object_id": -1,
      "frame": "RealSense D455 aligned color camera frame",
      "rank": 23,
      "distance_to_object_center": 0.040546261477011895
    },
    {
      "score": 0.21958155930042267,
      "translation_camera": [
        -0.05098641291260719,
        -0.06888736039400101,
        0.3970000147819519
      ],
      "rotation_matrix_camera": [
        [
          0.4980229139328003,
          -0.6140506863594055,
          -0.6123030185699463
        ],
        [
          -0.3856969475746155,
          0.47555533051490784,
          -0.790623128414154
        ],
        [
          0.7766667008399963,
          0.6299118399620056,
          -2.7534321489497415e-08
        ]
      ],
      "width": 0.0671250969171524,
      "height": 0.019999999552965164,
      "depth": 0.019999999552965164,
      "object_id": -1,
      "frame": "RealSense D455 aligned color camera frame",
      "rank": 24,
      "distance_to_object_center": 0.0370000596026073
    },
    {
      "score": 0.21536046266555786,
      "translation_camera": [
        -0.0375153012573719,
        -0.07487910240888596,
        0.3960000276565552
      ],
      "rotation_matrix_camera": [
        [
          0.6540746092796326,
          -0.6235225796699524,
          -0.42825937271118164
        ],
        [
          -0.309978187084198,
          0.2954989969730377,
          -0.9036558270454407
        ],
        [
          0.690000057220459,
          0.7238094210624695,
          -3.1638712982839934e-08
        ]
      ],
      "width": 0.07031010836362839,
      "height": 0.019999999552965164,
      "depth": 0.019999999552965164,
      "object_id": -1,
      "frame": "RealSense D455 aligned color camera frame",
      "rank": 25,
      "distance_to_object_center": 0.04190559761327986
    },
    {
      "score": 0.21429972350597382,
      "translation_camera": [
        -0.04141053557395935,
        -0.06632209569215775,
        0.39400002360343933
      ],
      "rotation_matrix_camera": [
        [
          0.4980229139328003,
          -0.6140506863594055,
          -0.6123030185699463
        ],
        [
          -0.3856969475746155,
          0.47555533051490784,
          -0.790623128414154
        ],
        [
          0.7766667008399963,
          0.6299118399620056,
          -2.7534321489497415e-08
        ]
      ],
      "width": 0.07015729695558548,
      "height": 0.019999999552965164,
      "depth": 0.029999999329447746,
      "object_id": -1,
      "frame": "RealSense D455 aligned color camera frame",
      "rank": 26,
      "distance_to_object_center": 0.03353508421125351
    },
    {
      "score": 0.21375367045402527,
      "translation_camera": [
        -0.03546258062124252,
        -0.0717964693903923,
        0.3960000276565552
      ],
      "rotation_matrix_camera": [
        [
          0.6540746092796326,
          -0.6235225796699524,
          -0.42825937271118164
        ],
        [
          -0.309978187084198,
          0.2954989969730377,
          -0.9036558270454407
        ],
        [
          0.690000057220459,
          0.7238094210624695,
          -3.1638712982839934e-08
        ]
      ],
      "width": 0.0685286745429039,
      "height": 0.019999999552965164,
      "depth": 0.019999999552965164,
      "object_id": -1,
      "frame": "RealSense D455 aligned color camera frame",
      "rank": 27,
      "distance_to_object_center": 0.03909977601571461
    },
    {
      "score": 0.21296948194503784,
      "translation_camera": [
        -0.032383501529693604,
        -0.0676862969994545,
        0.3960000276565552
      ],
      "rotation_matrix_camera": [
        [
          0.6540746092796326,
          -0.6235225796699524,
          -0.42825937271118164
        ],
        [
          -0.309978187084198,
          0.2954989969730377,
          -0.9036558270454407
        ],
        [
          0.690000057220459,
          0.7238094210624695,
          -3.1638712982839934e-08
        ]
      ],
      "width": 0.0626811608672142,
      "height": 0.019999999552965164,
      "depth": 0.019999999552965164,
      "object_id": -1,
      "frame": "RealSense D455 aligned color camera frame",
      "rank": 28,
      "distance_to_object_center": 0.03569788336309549
    },
    {
      "score": 0.21257543563842773,
      "translation_camera": [
        -0.04880526661872864,
        -0.0635761246085167,
        0.3960000276565552
      ],
      "rotation_matrix_camera": [
        [
          0.4980229139328003,
          -0.6140506863594055,
          -0.6123030185699463
        ],
        [
          -0.3856969475746155,
          0.47555533051490784,
          -0.790623128414154
        ],
        [
          0.7766667008399963,
          0.6299118399620056,
          -2.7534321489497415e-08
        ]
      ],
      "width": 0.07332213222980499,
      "height": 0.019999999552965164,
      "depth": 0.029999999329447746,
      "object_id": -1,
      "frame": "RealSense D455 aligned color camera frame",
      "rank": 29,
      "distance_to_object_center": 0.0314420195659656
    },
    {
      "score": 0.20782314240932465,
      "translation_camera": [
        -0.062047671526670456,
        0.04081490635871887,
        0.4020000100135803
      ],
      "rotation_matrix_camera": [
        [
          0.7653300762176514,
          0.14272962510585785,
          -0.6276130676269531
        ],
        [
          -0.6169755458831787,
          -0.11506243795156479,
          -0.7785254120826721
        ],
        [
          -0.18333333730697632,
          0.9830508232116699,
          -4.297051603430191e-08
        ]
      ],
      "width": 0.06468604505062103,
      "height": 0.019999999552965164,
      "depth": 0.019999999552965164,
      "object_id": -1,
      "frame": "RealSense D455 aligned color camera frame",
      "rank": 30,
      "distance_to_object_center": 0.0770422758997387
    },
    {
      "score": 0.20696745812892914,
      "translation_camera": [
        -0.05304431915283203,
        -0.07197777181863785,
        0.3970000147819519
      ],
      "rotation_matrix_camera": [
        [
          0.32332366704940796,
          -0.5531456470489502,
          -0.7677836418151855
        ],
        [
          -0.38744980096817017,
          0.6628532409667969,
          -0.6407091617584229
        ],
        [
          0.8633333444595337,
          0.5046340823173523,
          -2.2058255666479454e-08
        ]
      ],
      "width": 0.07152159512042999,
      "height": 0.019999999552965164,
      "depth": 0.019999999552965164,
      "object_id": -1,
      "frame": "RealSense D455 aligned color camera frame",
      "rank": 31,
      "distance_to_object_center": 0.040531613569443486
    },
    {
      "score": 0.20501182973384857,
      "translation_camera": [
        -0.0589219368994236,
        0.013693994842469692,
        0.4020000100135803
      ],
      "rotation_matrix_camera": [
        [
          0.6509329080581665,
          0.2224152833223343,
          -0.7258221507072449
        ],
        [
          -0.6868346929550171,
          -0.23468251526355743,
          -0.6878824234008789
        ],
        [
          -0.3233333230018616,
          0.9462851285934448,
          -4.1363435343555466e-08
        ]
      ],
      "width": 0.06512407213449478,
      "height": 0.019999999552965164,
      "depth": 0.019999999552965164,
      "object_id": -1,
      "frame": "RealSense D455 aligned color camera frame",
      "rank": 32,
      "distance_to_object_center": 0.05028787215799805
    },
    {
      "score": 0.2035813331604004,
      "translation_camera": [
        -0.03639679774641991,
        -0.06854031980037689,
        0.39500001072883606
      ],
      "rotation_matrix_camera": [
        [
          0.6540746092796326,
          -0.6235225796699524,
          -0.42825937271118164
        ],
        [
          -0.309978187084198,
          0.2954989969730377,
          -0.9036558270454407
        ],
        [
          0.690000057220459,
          0.7238094210624695,
          -3.1638712982839934e-08
        ]
      ],
      "width": 0.06632097065448761,
      "height": 0.019999999552965164,
      "depth": 0.019999999552965164,
      "object_id": -1,
      "frame": "RealSense D455 aligned color camera frame",
      "rank": 33,
      "distance_to_object_center": 0.035888953152141974
    },
    {
      "score": 0.19817373156547546,
      "translation_camera": [
        -0.04515133798122406,
        -0.05383908748626709,
        0.40000003576278687
      ],
      "rotation_matrix_camera": [
        [
          0.32332366704940796,
          -0.5531456470489502,
          -0.7677836418151855
        ],
        [
          -0.38744980096817017,
          0.6628532409667969,
          -0.6407091617584229
        ],
        [
          0.8633333444595337,
          0.5046340823173523,
          -2.2058255666479454e-08
        ]
      ],
      "width": 0.0712801143527031,
      "height": 0.019999999552965164,
      "depth": 0.019999999552965164,
      "object_id": -1,
      "frame": "RealSense D455 aligned color camera frame",
      "rank": 34,
      "distance_to_object_center": 0.02088570587759296
    },
    {
      "score": 0.19308076798915863,
      "translation_camera": [
        -0.04983162507414818,
        -0.056383322924375534,
        0.3960000276565552
      ],
      "rotation_matrix_camera": [
        [
          0.32332366704940796,
          -0.5531456470489502,
          -0.7677836418151855
        ],
        [
          -0.38744980096817017,
          0.6628532409667969,
          -0.6407091617584229
        ],
        [
          0.8633333444595337,
          0.5046340823173523,
          -2.2058255666479454e-08
        ]
      ],
      "width": 0.07484079152345657,
      "height": 0.019999999552965164,
      "depth": 0.029999999329447746,
      "object_id": -1,
      "frame": "RealSense D455 aligned color camera frame",
      "rank": 35,
      "distance_to_object_center": 0.024937033502937536
    },
    {
      "score": 0.192236989736557,
      "translation_camera": [
        -0.04675254598259926,
        -0.057410866022109985,
        0.3960000276565552
      ],
      "rotation_matrix_camera": [
        [
          0.32332366704940796,
          -0.5531456470489502,
          -0.7677836418151855
        ],
        [
          -0.38744980096817017,
          0.6628532409667969,
          -0.6407091617584229
        ],
        [
          0.8633333444595337,
          0.5046340823173523,
          -2.2058255666479454e-08
        ]
      ],
      "width": 0.07373698055744171,
      "height": 0.019999999552965164,
      "depth": 0.029999999329447746,
      "object_id": -1,
      "frame": "RealSense D455 aligned color camera frame",
      "rank": 36,
      "distance_to_object_center": 0.025033470177418925
    },
    {
      "score": 0.191487655043602,
      "translation_camera": [
        -0.013305572792887688,
        0.038341786712408066,
        0.409000039100647
      ],
      "rotation_matrix_camera": [
        [
          0.8544597029685974,
          0.03706137463450432,
          -0.5181940793991089
        ],
        [
          -0.517707347869873,
          -0.022455113008618355,
          -0.8552629947662354
        ],
        [
          -0.04333333298563957,
          0.9990606307983398,
          -4.367032602203835e-08
        ]
      ],
      "width": 0.06622158735990524,
      "height": 0.019999999552965164,
      "depth": 0.019999999552965164,
      "object_id": -1,
      "frame": "RealSense D455 aligned color camera frame",
      "rank": 37,
      "distance_to_object_center": 0.07743572299728003
    },
    {
      "score": 0.1901659518480301,
      "translation_camera": [
        -0.018651332706212997,
        0.03843553364276886,
        0.4100000262260437
      ],
      "rotation_matrix_camera": [
        [
          0.8544597029685974,
          0.03706137463450432,
          -0.5181940793991089
        ],
        [
          -0.517707347869873,
          -0.022455113008618355,
          -0.8552629947662354
        ],
        [
          -0.04333333298563957,
          0.9990606307983398,
          -4.367032602203835e-08
        ]
      ],
      "width": 0.06612736731767654,
      "height": 0.019999999552965164,
      "depth": 0.019999999552965164,
      "object_id": -1,
      "frame": "RealSense D455 aligned color camera frame",
      "rank": 38,
      "distance_to_object_center": 0.07588794261644338
    },
    {
      "score": 0.18920229375362396,
      "translation_camera": [
        -0.03349423035979271,
        -0.07300791144371033,
        0.3970000147819519
      ],
      "rotation_matrix_camera": [
        [
          0.6540746092796326,
          -0.6235225796699524,
          -0.42825937271118164
        ],
        [
          -0.309978187084198,
          0.2954989969730377,
          -0.9036558270454407
        ],
        [
          0.690000057220459,
          0.7238094210624695,
          -3.1638712982839934e-08
        ]
      ],
      "width": 0.06638051569461823,
      "height": 0.019999999552965164,
      "depth": 0.019999999552965164,
      "object_id": -1,
      "frame": "RealSense D455 aligned color camera frame",
      "rank": 39,
      "distance_to_object_center": 0.0405334562654103
    },
    {
      "score": 0.18851840496063232,
      "translation_camera": [
        -0.04492558166384697,
        -0.05563535541296005,
        0.398000031709671
      ],
      "rotation_matrix_camera": [
        [
          0.32332366704940796,
          -0.5531456470489502,
          -0.7677836418151855
        ],
        [
          -0.38744980096817017,
          0.6628532409667969,
          -0.6407091617584229
        ],
        [
          0.8633333444595337,
          0.5046340823173523,
          -2.2058255666479454e-08
        ]
      ],
      "width": 0.07426659017801285,
      "height": 0.019999999552965164,
      "depth": 0.029999999329447746,
      "object_id": -1,
      "frame": "RealSense D455 aligned color camera frame",
      "rank": 40,
      "distance_to_object_center": 0.022702303927358138
    },
    {
      "score": 0.18640415370464325,
      "translation_camera": [
        -0.015463395044207573,
        0.03843553364276886,
        0.4100000262260437
      ],
      "rotation_matrix_camera": [
        [
          0.8544597029685974,
          0.03706137463450432,
          -0.5181940793991089
        ],
        [
          -0.517707347869873,
          -0.022455113008618355,
          -0.8552629947662354
        ],
        [
          -0.04333333298563957,
          0.9990606307983398,
          -4.367032602203835e-08
        ]
      ],
      "width": 0.06536649912595749,
      "height": 0.019999999552965164,
      "depth": 0.019999999552965164,
      "object_id": -1,
      "frame": "RealSense D455 aligned color camera frame",
      "rank": 41,
      "distance_to_object_center": 0.07689584195753181
    },
    {
      "score": 0.18306869268417358,
      "translation_camera": [
        -0.046870604157447815,
        -0.05446542799472809,
        0.3970000147819519
      ],
      "rotation_matrix_camera": [
        [
          0.32332366704940796,
          -0.5531456470489502,
          -0.7677836418151855
        ],
        [
          -0.38744980096817017,
          0.6628532409667969,
          -0.6407091617584229
        ],
        [
          0.8633333444595337,
          0.5046340823173523,
          -2.2058255666479454e-08
        ]
      ],
      "width": 0.07481352984905243,
      "height": 0.019999999552965164,
      "depth": 0.029999999329447746,
      "object_id": -1,
      "frame": "RealSense D455 aligned color camera frame",
      "rank": 42,
      "distance_to_object_center": 0.022086381552651222
    },
    {
      "score": 0.18203453719615936,
      "translation_camera": [
        -0.0375153012573719,
        -0.07796172797679901,
        0.3960000276565552
      ],
      "rotation_matrix_camera": [
        [
          0.6540746092796326,
          -0.6235225796699524,
          -0.42825937271118164
        ],
        [
          -0.309978187084198,
          0.2954989969730377,
          -0.9036558270454407
        ],
        [
          0.690000057220459,
          0.7238094210624695,
          -3.1638712982839934e-08
        ]
      ],
      "width": 0.07211139053106308,
      "height": 0.019999999552965164,
      "depth": 0.019999999552965164,
      "object_id": -1,
      "frame": "RealSense D455 aligned color camera frame",
      "rank": 43,
      "distance_to_object_center": 0.044963875381898465
    },
    {
      "score": 0.17840856313705444,
      "translation_camera": [
        -0.056272562593221664,
        -0.05150442570447922,
        0.398000031709671
      ],
      "rotation_matrix_camera": [
        [
          0.32332366704940796,
          -0.5531456470489502,
          -0.7677836418151855
        ],
        [
          -0.38744980096817017,
          0.6628532409667969,
          -0.6407091617584229
        ],
        [
          0.8633333444595337,
          0.5046340823173523,
          -2.2058255666479454e-08
        ]
      ],
      "width": 0.06971246004104614,
      "height": 0.019999999552965164,
      "depth": 0.019999999552965164,
      "object_id": -1,
      "frame": "RealSense D455 aligned color camera frame",
      "rank": 44,
      "distance_to_object_center": 0.02369077602628886
    },
    {
      "score": 0.17728793621063232,
      "translation_camera": [
        -0.04056721553206444,
        -0.05359318107366562,
        0.406000018119812
      ],
      "rotation_matrix_camera": [
        [
          0.4980229139328003,
          -0.6140506863594055,
          -0.6123030185699463
        ],
        [
          -0.3856969475746155,
          0.47555533051490784,
          -0.790623128414154
        ],
        [
          0.7766667008399963,
          0.6299118399620056,
          -2.7534321489497415e-08
        ]
      ],
      "width": 0.07637929916381836,
      "height": 0.019999999552965164,
      "depth": 0.029999999329447746,
      "object_id": -1,
      "frame": "RealSense D455 aligned color camera frame",
      "rank": 45,
      "distance_to_object_center": 0.021143785894019818
    },
    {
      "score": 0.17725743353366852,
      "translation_camera": [
        -0.048435527831315994,
        -0.08348966389894485,
        0.3930000364780426
      ],
      "rotation_matrix_camera": [
        [
          0.4980229139328003,
          -0.7503672242164612,
          0.43465185165405273
        ],
        [
          -0.3856969475746155,
          -0.6406006217002869,
          -0.6639794111251831
        ],
        [
          0.7766667008399963,
          0.16303308308124542,
          -0.6084481477737427
        ]
      ],
      "width": 0.0783170759677887,
      "height": 0.019999999552965164,
      "depth": 0.029999999329447746,
      "object_id": -1,
      "frame": "RealSense D455 aligned color camera frame",
      "rank": 46,
      "distance_to_object_center": 0.05115988820486506
    },
    {
      "score": 0.17495205998420715,
      "translation_camera": [
        -0.055241018533706665,
        -0.07525727897882462,
        0.398000031709671
      ],
      "rotation_matrix_camera": [
        [
          0.32332366704940796,
          -0.5531456470489502,
          -0.7677836418151855
        ],
        [
          -0.38744980096817017,
          0.6628532409667969,
          -0.6407091617584229
        ],
        [
          0.8633333444595337,
          0.5046340823173523,
          -2.2058255666479454e-08
        ]
      ],
      "width": 0.07446365058422089,
      "height": 0.019999999552965164,
      "depth": 0.019999999552965164,
      "object_id": -1,
      "frame": "RealSense D455 aligned color camera frame",
      "rank": 47,
      "distance_to_object_center": 0.044259316351339964
    },
    {
      "score": 0.17109018564224243,
      "translation_camera": [
        -0.05162230506539345,
        -0.08165739476680756,
        0.39400002360343933
      ],
      "rotation_matrix_camera": [
        [
          0.4980229139328003,
          -0.6140506863594055,
          -0.6123030185699463
        ],
