{
  "success": true,
  "method": "graspnet_baseline_d455",
  "num_candidates": 292,
  "object_center_camera": [
    -0.003663825565618069,
    -0.030849770431509414,
    0.4020000100135803
  ],
  "candidates": [
    {
      "score": 0.41939255595207214,
      "translation_camera": [
        -0.003691442310810089,
        -0.06958144158124924,
        0.4010000228881836
      ],
      "rotation_matrix_camera": [
        [
          0.6540746092796326,
          -0.6235225796699524,
          -0.42825937271118164
        ],
        [
          -0.309978187084198,
          0.2954989969730377,
          -0.9036558270454407
        ],
        [
          0.690000057220459,
          0.7238094210624695,
          -3.1638712982839934e-08
        ]
      ],
      "width": 0.06883171945810318,
      "height": 0.019999999552965164,
      "depth": 0.019999999552965164,
      "object_id": -1,
      "frame": "RealSense D455 aligned color camera frame",
      "rank": 0,
      "distance_to_object_center": 0.03874458784123484
    },
    {
      "score": 0.40686067938804626,
      "translation_camera": [
        -0.0068094003945589066,
        -0.06854092329740524,
        0.4010000228881836
      ],
      "rotation_matrix_camera": [
        [
          0.6540746092796326,
          -0.6235225796699524,
          -0.42825937271118164
        ],
        [
          -0.309978187084198,
          0.2954989969730377,
          -0.9036558270454407
        ],
        [
          0.690000057220459,
          0.7238094210624695,
          -3.1638712982839934e-08
        ]
      ],
      "width": 0.06461966782808304,
      "height": 0.019999999552965164,
      "depth": 0.019999999552965164,
      "object_id": -1,
      "frame": "RealSense D455 aligned color camera frame",
      "rank": 1,
      "distance_to_object_center": 0.03783540167113008
    },
    {
      "score": 0.3917458653450012,
      "translation_camera": [
        -0.02539345994591713,
        -0.10132909566164017,
        0.41600003838539124
      ],
      "rotation_matrix_camera": [
        [
          0.8564125299453735,
          -0.3130650222301483,
          0.4105457365512848
        ],
        [
          0.38559016585350037,
          -0.14095407724380493,
          -0.9118399620056152
        ],
        [
          0.34333333373069763,
          0.9392135739326477,
          -4.105432793721775e-08
        ]
      ],
      "width": 0.07775475829839706,
      "height": 0.019999999552965164,
      "depth": 0.029999999329447746,
      "object_id": -1,
      "frame": "RealSense D455 aligned color camera frame",
      "rank": 2,
      "distance_to_object_center": 0.07507005454645369
    },
    {
      "score": 0.3891848921775818,
      "translation_camera": [
        -0.0057700807228684425,
        -0.07270298898220062,
        0.4010000228881836
      ],
      "rotation_matrix_camera": [
        [
          0.6540746092796326,
          -0.6235225796699524,
          -0.42825937271118164
        ],
        [
          -0.309978187084198,
          0.2954989969730377,
          -0.9036558270454407
        ],
        [
          0.690000057220459,
          0.7238094210624695,
          -3.1638712982839934e-08
        ]
      ],
      "width": 0.07054305821657181,
      "height": 0.019999999552965164,
      "depth": 0.019999999552965164,
      "object_id": -1,
      "frame": "RealSense D455 aligned color camera frame",
      "rank": 3,
      "distance_to_object_center": 0.041918112887990626
    },
    {
      "score": 0.3854283392429352,
      "translation_camera": [
        -0.0047189644537866116,
        -0.06733207404613495,
        0.40000003576278687
      ],
      "rotation_matrix_camera": [
        [
          0.6540746092796326,
          -0.6235225796699524,
          -0.42825937271118164
        ],
        [
          -0.309978187084198,
          0.2954989969730377,
          -0.9036558270454407
        ],
        [
          0.690000057220459,
          0.7238094210624695,
          -3.1638712982839934e-08
        ]
      ],
      "width": 0.06176893785595894,
      "height": 0.019999999552965164,
      "depth": 0.019999999552965164,
      "object_id": -1,
      "frame": "RealSense D455 aligned color camera frame",
      "rank": 4,
      "distance_to_object_center": 0.03655231445622674
    },
    {
      "score": 0.33963543176651,
      "translation_camera": [
        -0.019377397373318672,
        -0.07620272040367126,
        0.40300002694129944
      ],
      "rotation_matrix_camera": [
        [
          0.05689249932765961,
          -0.11523131281137466,
          -0.9917080998420715
        ],
        [
          -0.43903547525405884,
          0.8892316222190857,
          -0.1285107433795929
        ],
        [
          0.8966667056083679,
          0.44270631670951843,
          -1.9351308111481558e-08
        ]
      ],
      "width": 0.07490625232458115,
      "height": 0.019999999552965164,
      "depth": 0.019999999552965164,
      "object_id": -1,
      "frame": "RealSense D455 aligned color camera frame",
      "rank": 5,
      "distance_to_object_center": 0.048008399723266176
    },
    {
      "score": 0.33812403678894043,
      "translation_camera": [
        -0.001608781749382615,
        -0.06836999952793121,
        0.40000003576278687
      ],
      "rotation_matrix_camera": [
        [
          0.6540746092796326,
          -0.6235225796699524,
          -0.42825937271118164
        ],
        [
          -0.309978187084198,
          0.2954989969730377,
          -0.9036558270454407
        ],
        [
          0.690000057220459,
          0.7238094210624695,
          -3.1638712982839934e-08
        ]
      ],
      "width": 0.06612470746040344,
      "height": 0.019999999552965164,
      "depth": 0.019999999552965164,
      "object_id": -1,
      "frame": "RealSense D455 aligned color camera frame",
      "rank": 6,
      "distance_to_object_center": 0.03762965178603785
    },
    {
      "score": 0.3276362717151642,
      "translation_camera": [
        -0.017245491966605186,
        -0.07497051358222961,
        0.4020000100135803
      ],
      "rotation_matrix_camera": [
        [
          0.05689249932765961,
          -0.11523131281137466,
          -0.9917080998420715
        ],
        [
          -0.43903547525405884,
          0.8892316222190857,
          -0.1285107433795929
        ],
        [
          0.8966667056083679,
          0.44270631670951843,
          -1.9351308111481558e-08
        ]
      ],
      "width": 0.07447129487991333,
      "height": 0.019999999552965164,
      "depth": 0.019999999552965164,
      "object_id": -1,
      "frame": "RealSense D455 aligned color camera frame",
      "rank": 7,
      "distance_to_object_center": 0.046163856407361877
    },
    {
      "score": 0.3150012791156769,
      "translation_camera": [
        -0.0067924195900559425,
        -0.07459753751754761,
        0.40000003576278687
      ],
      "rotation_matrix_camera": [
        [
          0.6540746092796326,
          -0.6235225796699524,
          -0.42825937271118164
        ],
        [
          -0.309978187084198,
          0.2954989969730377,
          -0.9036558270454407
        ],
        [
          0.690000057220459,
          0.7238094210624695,
          -3.1638712982839934e-08
        ]
      ],
      "width": 0.07130593806505203,
      "height": 0.019999999552965164,
      "depth": 0.019999999552965164,
      "object_id": -1,
      "frame": "RealSense D455 aligned color camera frame",
      "rank": 8,
      "distance_to_object_center": 0.04390506944064469
    },
    {
      "score": 0.30408355593681335,
      "translation_camera": [
        -0.024198362603783607,
        -0.10299044102430344,
        0.4140000343322754
      ],
      "rotation_matrix_camera": [
        [
          0.8564125299453735,
          -0.3130650222301483,
          0.4105457365512848
        ],
        [
          0.38559016585350037,
          -0.14095407724380493,
          -0.9118399620056152
        ],
        [
          0.34333333373069763,
          0.9392135739326477,
          -4.105432793721775e-08
        ]
      ],
      "width": 0.07732347398996353,
      "height": 0.019999999552965164,
      "depth": 0.029999999329447746,
      "object_id": -1,
      "frame": "RealSense D455 aligned color camera frame",
      "rank": 9,
      "distance_to_object_center": 0.07596014842401956
    },
    {
      "score": 0.3017447590827942,
      "translation_camera": [
        -0.00470716692507267,
        -0.07544636726379395,
        0.39900001883506775
      ],
      "rotation_matrix_camera": [
        [
          0.6540746092796326,
          -0.6235225796699524,
          -0.42825937271118164
        ],
        [
          -0.309978187084198,
          0.2954989969730377,
          -0.9036558270454407
        ],
        [
          0.690000057220459,
          0.7238094210624695,
          -3.1638712982839934e-08
        ]
      ],
      "width": 0.07137654721736908,
      "height": 0.019999999552965164,
      "depth": 0.019999999552965164,
      "object_id": -1,
      "frame": "RealSense D455 aligned color camera frame",
      "rank": 10,
      "distance_to_object_center": 0.04470956225780826
    },
    {
      "score": 0.2994699776172638,
      "translation_camera": [
        -0.015086240135133266,
        -0.07044584304094315,
        0.40000003576278687
      ],
      "rotation_matrix_camera": [
        [
          0.32332366704940796,
          -0.5531456470489502,
          -0.7677836418151855
        ],
        [
          -0.38744980096817017,
          0.6628532409667969,
          -0.6407091617584229
        ],
        [
          0.8633333444595337,
          0.5046340823173523,
          -2.2058255666479454e-08
        ]
      ],
      "width": 0.07315824180841446,
      "height": 0.019999999552965164,
      "depth": 0.029999999329447746,
      "object_id": -1,
      "frame": "RealSense D455 aligned color camera frame",
      "rank": 11,
      "distance_to_object_center": 0.04125918585834261
    },
    {
      "score": 0.29579195380210876,
      "translation_camera": [
        -0.021519670262932777,
        -0.07744010537862778,
        0.40400001406669617
      ],
      "rotation_matrix_camera": [
        [
          0.05689249932765961,
          -0.11523131281137466,
          -0.9917080998420715
        ],
        [
          -0.43903547525405884,
          0.8892316222190857,
          -0.1285107433795929
        ],
        [
          0.8966667056083679,
          0.44270631670951843,
          -1.9351308111481558e-08
        ]
      ],
      "width": 0.07566171884536743,
      "height": 0.019999999552965164,
      "depth": 0.019999999552965164,
      "object_id": -1,
      "frame": "RealSense D455 aligned color camera frame",
      "rank": 12,
      "distance_to_object_center": 0.049934862736887346
    },
    {
      "score": 0.29501646757125854,
      "translation_camera": [
        0.002550818957388401,
        -0.07079806923866272,
        0.4020000100135803
      ],
      "rotation_matrix_camera": [
        [
          0.6540746092796326,
          -0.6235225796699524,
          -0.42825937271118164
        ],
        [
          -0.309978187084198,
          0.2954989969730377,
          -0.9036558270454407
        ],
        [
          0.690000057220459,
          0.7238094210624695,
          -3.1638712982839934e-08
        ]
      ],
      "width": 0.06815912574529648,
      "height": 0.019999999552965164,
      "depth": 0.019999999552965164,
      "object_id": -1,
      "frame": "RealSense D455 aligned color camera frame",
      "rank": 13,
      "distance_to_object_center": 0.04042880636542391
    },
    {
      "score": 0.29300302267074585,
      "translation_camera": [
        0.015128646977245808,
        -0.060667283833026886,
        0.40400001406669617
      ],
      "rotation_matrix_camera": [
        [
          0.4980229139328003,
          -0.6140506863594055,
          -0.6123030185699463
        ],
        [
          -0.3856969475746155,
          0.47555533051490784,
          -0.790623128414154
        ],
        [
          0.7766667008399963,
          0.6299118399620056,
          -2.7534321489497415e-08
        ]
      ],
      "width": 0.0687158927321434,
      "height": 0.019999999552965164,
      "depth": 0.019999999552965164,
      "object_id": -1,
      "frame": "RealSense D455 aligned color camera frame",
      "rank": 14,
      "distance_to_object_center": 0.035302140812370666
    },
    {
      "score": 0.28952932357788086,
      "translation_camera": [
        -0.0005720541812479496,
        -0.07148376852273941,
        0.40000003576278687
      ],
      "rotation_matrix_camera": [
        [
          0.6540746092796326,
          -0.6235225796699524,
          -0.42825937271118164
        ],
        [
          -0.309978187084198,
          0.2954989969730377,
          -0.9036558270454407
        ],
        [
          0.690000057220459,
          0.7238094210624695,
          -3.1638712982839934e-08
        ]
      ],
      "width": 0.06939724087715149,
      "height": 0.019999999552965164,
      "depth": 0.019999999552965164,
      "object_id": -1,
      "frame": "RealSense D455 aligned color camera frame",
      "rank": 15,
      "distance_to_object_center": 0.040800499361835385
    },
    {
      "score": 0.289521187543869,
      "translation_camera": [
        0.0015089078806340694,
        -0.07288429141044617,
        0.4020000100135803
      ],
      "rotation_matrix_camera": [
        [
          0.6540746092796326,
          -0.6235225796699524,
          -0.42825937271118164
        ],
        [
          -0.309978187084198,
          0.2954989969730377,
          -0.9036558270454407
        ],
        [
          0.690000057220459,
          0.7238094210624695,
          -3.1638712982839934e-08
        ]
      ],
      "width": 0.0685817301273346,
      "height": 0.019999999552965164,
      "depth": 0.019999999552965164,
      "object_id": -1,
      "frame": "RealSense D455 aligned color camera frame",
      "rank": 16,
      "distance_to_object_center": 0.04235160121216965
    },
    {
      "score": 0.2865874767303467,
      "translation_camera": [
        -0.01616327464580536,
        -0.07270298898220062,
        0.4010000228881836
      ],
      "rotation_matrix_camera": [
        [
          0.32332366704940796,
          -0.5531456470489502,
          -0.7677836418151855
        ],
        [
          -0.38744980096817017,
          0.6628532409667969,
          -0.6407091617584229
        ],
        [
          0.8633333444595337,
          0.5046340823173523,
          -2.2058255666479454e-08
        ]
      ],
      "width": 0.07341871410608292,
      "height": 0.019999999552965164,
      "depth": 0.029999999329447746,
      "object_id": -1,
      "frame": "RealSense D455 aligned color camera frame",
      "rank": 17,
      "distance_to_object_center": 0.0436912817918069
    },
    {
      "score": 0.2790291905403137,
      "translation_camera": [
        -0.024256810545921326,
        -0.09893182665109634,
        0.4150000214576721
      ],
      "rotation_matrix_camera": [
        [
          0.7432032227516174,
          -0.41032660007476807,
          0.5284704566001892
        ],
        [
          0.46264228224754333,
          -0.25542742013931274,
          -0.8489516973495483
        ],
        [
          0.4833333194255829,
          0.8754364252090454,
          -3.826654193517243e-08
        ]
      ],
      "width": 0.07616209983825684,
      "height": 0.019999999552965164,
      "depth": 0.019999999552965164,
      "object_id": -1,
      "frame": "RealSense D455 aligned color camera frame",
      "rank": 18,
      "distance_to_object_center": 0.07230655369351044
    },
    {
      "score": 0.2760978937149048,
      "translation_camera": [
        -0.023181207478046417,
        -0.10108551383018494,
        0.4150000214576721
      ],
      "rotation_matrix_camera": [
        [
          0.7432032227516174,
          -0.41032660007476807,
          0.5284704566001892
        ],
        [
          0.46264228224754333,
          -0.25542742013931274,
          -0.8489516973495483
        ],
        [
          0.4833333194255829,
          0.8754364252090454,
          -3.826654193517243e-08
        ]
      ],
      "width": 0.07544229179620743,
      "height": 0.019999999552965164,
      "depth": 0.019999999552965164,
      "object_id": -1,
      "frame": "RealSense D455 aligned color camera frame",
      "rank": 19,
      "distance_to_object_center": 0.0740472021417872
    },
    {
      "score": 0.27104562520980835,
      "translation_camera": [
        -0.001608781749382615,
        -0.07355961203575134,
        0.40000003576278687
      ],
      "rotation_matrix_camera": [
        [
          0.6540746092796326,
          -0.6235225796699524,
          -0.42825937271118164
        ],
        [
          -0.309978187084198,
          0.2954989969730377,
          -0.9036558270454407
        ],
        [
          0.690000057220459,
          0.7238094210624695,
          -3.1638712982839934e-08
        ]
      ],
      "width": 0.06990145146846771,
      "height": 0.019999999552965164,
      "depth": 0.019999999552965164,
      "object_id": -1,
      "frame": "RealSense D455 aligned color camera frame",
      "rank": 20,
      "distance_to_object_center": 0.04280600041991683
    },
    {
      "score": 0.2637597322463989,
      "translation_camera": [
        0.0004669967165682465,
        -0.07497051358222961,
        0.4020000100135803
      ],
      "rotation_matrix_camera": [
        [
          0.6540746092796326,
          -0.6235225796699524,
          -0.42825937271118164
        ],
        [
          -0.309978187084198,
          0.2954989969730377,
          -0.9036558270454407
        ],
        [
          0.690000057220459,
          0.7238094210624695,
          -3.1638712982839934e-08
        ]
      ],
      "width": 0.06918411701917648,
      "height": 0.019999999552965164,
      "depth": 0.019999999552965164,
      "object_id": -1,
      "frame": "RealSense D455 aligned color camera frame",
      "rank": 21,
      "distance_to_object_center": 0.04431369617735391
    },
    {
      "score": 0.2621794044971466,
      "translation_camera": [
        0.0035837930627167225,
        -0.06854092329740524,
        0.4010000228881836
      ],
      "rotation_matrix_camera": [
        [
          0.6540746092796326,
          -0.6235225796699524,
          -0.42825937271118164
        ],
        [
          -0.309978187084198,
          0.2954989969730377,
          -0.9036558270454407
        ],
        [
          0.690000057220459,
          0.7238094210624695,
          -3.1638712982839934e-08
        ]
      ],
      "width": 0.0655340924859047,
      "height": 0.019999999552965164,
      "depth": 0.019999999552965164,
      "object_id": -1,
      "frame": "RealSense D455 aligned color camera frame",
      "rank": 22,
      "distance_to_object_center": 0.038394673515906766
    },
    {
      "score": 0.2604864239692688,
      "translation_camera": [
        -0.02413991093635559,
        -0.09631173312664032,
        0.4130000174045563
      ],
      "rotation_matrix_camera": [
        [
          0.7432032227516174,
          -0.41032660007476807,
          0.5284704566001892
        ],
        [
          0.46264228224754333,
          -0.25542742013931274,
          -0.8489516973495483
        ],
        [
          0.4833333194255829,
          0.8754364252090454,
          -3.826654193517243e-08
        ]
      ],
      "width": 0.07527921348810196,
      "height": 0.019999999552965164,
      "depth": 0.019999999552965164,
      "object_id": -1,
      "frame": "RealSense D455 aligned color camera frame",
      "rank": 23,
      "distance_to_object_center": 0.0694660981674512
    },
    {
      "score": 0.2574804425239563,
      "translation_camera": [
        -0.016203580424189568,
        -0.07809985429048538,
        0.4020000100135803
      ],
      "rotation_matrix_camera": [
        [
          0.05689249932765961,
          -0.11523131281137466,
          -0.9917080998420715
        ],
        [
          -0.43903547525405884,
          0.8892316222190857,
          -0.1285107433795929
        ],
        [
          0.8966667056083679,
          0.44270631670951843,
          -1.9351308111481558e-08
        ]
      ],
      "width": 0.07644227147102356,
      "height": 0.019999999552965164,
      "depth": 0.019999999552965164,
      "object_id": -1,
      "frame": "RealSense D455 aligned color camera frame",
      "rank": 24,
      "distance_to_object_center": 0.048885743081120585
    },
    {
      "score": 0.2521494925022125,
      "translation_camera": [
        -0.0005691938567906618,
        -0.05666808784008026,
        0.398000031709671
      ],
      "rotation_matrix_camera": [
        [
          0.4980229139328003,
          -0.6140506863594055,
          -0.6123030185699463
        ],
        [
          -0.3856969475746155,
          0.47555533051490784,
          -0.790623128414154
        ],
        [
          0.7766667008399963,
          0.6299118399620056,
          -2.7534321489497415e-08
        ]
      ],
      "width": 0.06981200724840164,
      "height": 0.019999999552965164,
      "depth": 0.029999999329447746,
      "object_id": -1,
      "frame": "RealSense D455 aligned color camera frame",
      "rank": 25,
      "distance_to_object_center": 0.026308973481584903
    },
    {
      "score": 0.2516501545906067,
      "translation_camera": [
        0.004623112268745899,
        -0.07166247069835663,
        0.4010000228881836
      ],
      "rotation_matrix_camera": [
        [
          0.6540746092796326,
          -0.6235225796699524,
          -0.42825937271118164
        ],
        [
          -0.309978187084198,
          0.2954989969730377,
          -0.9036558270454407
        ],
        [
          0.690000057220459,
          0.7238094210624695,
          -3.1638712982839934e-08
        ]
      ],
      "width": 0.06775552034378052,
      "height": 0.019999999552965164,
      "depth": 0.019999999552965164,
      "object_id": -1,
      "frame": "RealSense D455 aligned color camera frame",
      "rank": 26,
      "distance_to_object_center": 0.041657530123533286
    },
    {
      "score": 0.2503194212913513,
      "translation_camera": [
        0.018405599519610405,
        -0.03999606519937515,
        0.40700003504753113
      ],
      "rotation_matrix_camera": [
        [
          0.32332366704940796,
          -0.5531456470489502,
          -0.7677836418151855
        ],
        [
          -0.38744980096817017,
          0.6628532409667969,
          -0.6407091617584229
        ],
        [
          0.8633333444595337,
          0.5046340823173523,
          -2.2058255666479454e-08
        ]
      ],
      "width": 0.07307641953229904,
      "height": 0.019999999552965164,
      "depth": 0.019999999552965164,
      "object_id": -1,
      "frame": "RealSense D455 aligned color camera frame",
      "rank": 27,
      "distance_to_object_center": 0.02440726289269927
    },
    {
      "score": 0.24966979026794434,
      "translation_camera": [
        -0.0036638255696743727,
        -0.06389721482992172,
        0.398000031709671
      ],
      "rotation_matrix_camera": [
        [
          0.6540746092796326,
          -0.6235225796699524,
          -0.42825937271118164
        ],
        [
          -0.309978187084198,
          0.2954989969730377,
          -0.9036558270454407
        ],
        [
          0.690000057220459,
          0.7238094210624695,
          -3.1638712982839934e-08
        ]
      ],
      "width": 0.05763178691267967,
      "height": 0.019999999552965164,
      "depth": 0.029999999329447746,
      "object_id": -1,
      "frame": "RealSense D455 aligned color camera frame",
      "rank": 28,
      "distance_to_object_center": 0.03328863781679717
    },
    {
      "score": 0.24405674636363983,
      "translation_camera": [
        -0.0036638255696743727,
        -0.060799021273851395,
        0.398000031709671
      ],
      "rotation_matrix_camera": [
        [
          0.4980229139328003,
          -0.6140506863594055,
          -0.6123030185699463
        ],
        [
          -0.3856969475746155,
          0.47555533051490784,
          -0.790623128414154
        ],
        [
          0.7766667008399963,
          0.6299118399620056,
          -2.7534321489497415e-08
        ]
      ],
      "width": 0.07019203901290894,
      "height": 0.019999999552965164,
      "depth": 0.029999999329447746,
      "object_id": -1,
      "frame": "RealSense D455 aligned color camera frame",
      "rank": 29,
      "distance_to_object_center": 0.030215185792069308
    },
    {
      "score": 0.24377621710300446,
      "translation_camera": [
        -0.005741302389651537,
        -0.06509309262037277,
        0.39900001883506775
      ],
      "rotation_matrix_camera": [
        [
          0.6540746092796326,
          -0.6235225796699524,
          -0.42825937271118164
        ],
        [
          -0.309978187084198,
          0.2954989969730377,
          -0.9036558270454407
        ],
        [
          0.690000057220459,
          0.7238094210624695,
          -3.1638712982839934e-08
        ]
      ],
      "width": 0.05918656662106514,
      "height": 0.019999999552965164,
      "depth": 0.029999999329447746,
      "object_id": -1,
      "frame": "RealSense D455 aligned color camera frame",
      "rank": 30,
      "distance_to_object_center": 0.0344372033062479
    },
    {
      "score": 0.2412574142217636,
      "translation_camera": [
        -0.021999068558216095,
        -0.10059835761785507,
        0.4130000174045563
      ],
      "rotation_matrix_camera": [
        [
          0.7432032227516174,
          -0.41032660007476807,
          0.5284704566001892
        ],
        [
          0.46264228224754333,
          -0.25542742013931274,
          -0.8489516973495483
        ],
        [
          0.4833333194255829,
          0.8754364252090454,
          -3.826654193517243e-08
        ]
      ],
      "width": 0.07261551916599274,
      "height": 0.019999999552965164,
      "depth": 0.019999999552965164,
      "object_id": -1,
      "frame": "RealSense D455 aligned color camera frame",
      "rank": 31,
      "distance_to_object_center": 0.07295235919893477
    },
    {
      "score": 0.23612605035305023,
      "translation_camera": [
        0.004634641110897064,
        -0.07392740249633789,
        0.4020000100135803
      ],
      "rotation_matrix_camera": [
        [
          0.6540746092796326,
          -0.6235225796699524,
          -0.42825937271118164
        ],
        [
          -0.309978187084198,
          0.2954989969730377,
          -0.9036558270454407
        ],
        [
          0.690000057220459,
          0.7238094210624695,
          -3.1638712982839934e-08
        ]
      ],
      "width": 0.06780590116977692,
      "height": 0.019999999552965164,
      "depth": 0.019999999552965164,
      "object_id": -1,
      "frame": "RealSense D455 aligned color camera frame",
      "rank": 32,
      "distance_to_object_center": 0.04386965846110465
    },
    {
      "score": 0.23566323518753052,
      "translation_camera": [
        -0.008843709714710712,
        -0.06509309262037277,
        0.39900001883506775
      ],
      "rotation_matrix_camera": [
        [
          0.4980229139328003,
          -0.6140506863594055,
          -0.6123030185699463
        ],
        [
          -0.3856969475746155,
          0.47555533051490784,
          -0.790623128414154
        ],
        [
          0.7766667008399963,
          0.6299118399620056,
          -2.7534321489497415e-08
        ]
      ],
      "width": 0.07426177710294724,
      "height": 0.019999999552965164,
      "depth": 0.029999999329447746,
      "object_id": -1,
      "frame": "RealSense D455 aligned color camera frame",
      "rank": 33,
      "distance_to_object_center": 0.034762569833075865
    },
    {
      "score": 0.2336060255765915,
      "translation_camera": [
        0.02056574635207653,
        -0.03903565555810928,
        0.40800002217292786
      ],
      "rotation_matrix_camera": [
        [
          0.32332366704940796,
          -0.5531456470489502,
          -0.7677836418151855
        ],
        [
          -0.38744980096817017,
          0.6628532409667969,
          -0.6407091617584229
        ],
        [
          0.8633333444595337,
          0.5046340823173523,
          -2.2058255666479454e-08
        ]
      ],
      "width": 0.07082794606685638,
      "height": 0.019999999552965164,
      "depth": 0.019999999552965164,
      "object_id": -1,
      "frame": "RealSense D455 aligned color camera frame",
      "rank": 34,
      "distance_to_object_center": 0.02626939315121196
    },
    {
      "score": 0.2300858199596405,
      "translation_camera": [
        0.020716963335871696,
        -0.028658028692007065,
        0.41100001335144043
      ],
      "rotation_matrix_camera": [
        [
          0.32332366704940796,
          -0.5531456470489502,
          -0.7677836418151855
        ],
        [
          -0.38744980096817017,
          0.6628532409667969,
          -0.6407091617584229
        ],
        [
          0.8633333444595337,
          0.5046340823173523,
          -2.2058255666479454e-08
        ]
      ],
      "width": 0.07016351819038391,
      "height": 0.019999999552965164,
      "depth": 0.019999999552965164,
      "object_id": -1,
      "frame": "RealSense D455 aligned color camera frame",
      "rank": 35,
      "distance_to_object_center": 0.026081155254190264
    },
    {
      "score": 0.2290351539850235,
      "translation_camera": [
        0.007721766363829374,
        -0.057990774512290955,
        0.40000003576278687
      ],
      "rotation_matrix_camera": [
        [
          0.6540746092796326,
          -0.6235225796699524,
          -0.42825937271118164
        ],
        [
          -0.309978187084198,
          0.2954989969730377,
          -0.9036558270454407
        ],
        [
          0.690000057220459,
          0.7238094210624695,
          -3.1638712982839934e-08
        ]
      ],
      "width": 0.06587512046098709,
      "height": 0.019999999552965164,
      "depth": 0.029999999329447746,
      "object_id": -1,
      "frame": "RealSense D455 aligned color camera frame",
      "rank": 36,
      "distance_to_object_center": 0.029500266153049126
    },
    {
      "score": 0.22732678055763245,
      "translation_camera": [
        -0.02189253456890583,
        -0.09904473274946213,
        0.41100001335144043
      ],
      "rotation_matrix_camera": [
        [
          0.7432032227516174,
          -0.41032660007476807,
          0.5284704566001892
        ],
        [
          0.46264228224754333,
          -0.25542742013931274,
          -0.8489516973495483
        ],
        [
          0.4833333194255829,
          0.8754364252090454,
          -3.826654193517243e-08
        ]
      ],
      "width": 0.07195229083299637,
      "height": 0.019999999552965164,
      "depth": 0.019999999552965164,
      "object_id": -1,
      "frame": "RealSense D455 aligned color camera frame",
      "rank": 37,
      "distance_to_object_center": 0.07116065470156263
    },
    {
      "score": 0.2219143807888031,
      "translation_camera": [
        -0.012980252504348755,
        -0.06509309262037277,
        0.39900001883506775
      ],
      "rotation_matrix_camera": [
        [
          0.4980229139328003,
          -0.6140506863594055,
          -0.6123030185699463
        ],
        [
          -0.3856969475746155,
          0.47555533051490784,
          -0.790623128414154
        ],
        [
          0.7766667008399963,
          0.6299118399620056,
          -2.7534321489497415e-08
        ]
      ],
      "width": 0.07599278539419174,
      "height": 0.019999999552965164,
      "depth": 0.029999999329447746,
      "object_id": -1,
      "frame": "RealSense D455 aligned color camera frame",
      "rank": 38,
      "distance_to_object_center": 0.0356146159954893
    },
    {
      "score": 0.21999864280223846,
      "translation_camera": [
        -0.003654619911685586,
        -0.05755584314465523,
        0.3970000147819519
      ],
      "rotation_matrix_camera": [
        [
          0.4980229139328003,
          -0.6140506863594055,
          -0.6123030185699463
        ],
        [
          -0.3856969475746155,
          0.47555533051490784,
          -0.790623128414154
        ],
        [
          0.7766667008399963,
          0.6299118399620056,
          -2.7534321489497415e-08
        ]
      ],
      "width": 0.07028470188379288,
      "height": 0.019999999552965164,
      "depth": 0.03999999910593033,
      "object_id": -1,
      "frame": "RealSense D455 aligned color camera frame",
      "rank": 39,
      "distance_to_object_center": 0.027170100419766627
    },
    {
      "score": 0.2190188765525818,
      "translation_camera": [
        0.002550818957388401,
        -0.07705674320459366,
        0.4020000100135803
      ],
      "rotation_matrix_camera": [
        [
          0.6540746092796326,
          -0.6235225796699524,
          -0.42825937271118164
        ],
        [
          -0.309978187084198,
          0.2954989969730377,
          -0.9036558270454407
        ],
        [
          0.690000057220459,
          0.7238094210624695,
          -3.1638712982839934e-08
        ]
      ],
      "width": 0.07009394466876984,
      "height": 0.019999999552965164,
      "depth": 0.019999999552965164,
      "object_id": -1,
      "frame": "RealSense D455 aligned color camera frame",
      "rank": 40,
      "distance_to_object_center": 0.04662302156016793
    },
    {
      "score": 0.2182384729385376,
      "translation_camera": [
        -0.017245491966605186,
        -0.08018607646226883,
        0.4020000100135803
      ],
      "rotation_matrix_camera": [
        [
          0.05689249932765961,
          -0.11523131281137466,
          -0.9917080998420715
        ],
        [
          -0.43903547525405884,
          0.8892316222190857,
          -0.1285107433795929
        ],
        [
          0.8966667056083679,
          0.44270631670951843,
          -1.9351308111481558e-08
        ]
      ],
      "width": 0.07892068475484848,
      "height": 0.019999999552965164,
      "depth": 0.019999999552965164,
      "object_id": -1,
      "frame": "RealSense D455 aligned color camera frame",
      "rank": 41,
      "distance_to_object_center": 0.05117160105945925
    },
    {
      "score": 0.2153887152671814,
      "translation_camera": [
        -0.00675845704972744,
        -0.0618317537009716,
        0.398000031709671
      ],
      "rotation_matrix_camera": [
        [
          0.4980229139328003,
          -0.6140506863594055,
          -0.6123030185699463
        ],
        [
          -0.3856969475746155,
          0.47555533051490784,
          -0.790623128414154
        ],
        [
          0.7766667008399963,
          0.6299118399620056,
          -2.7534321489497415e-08
        ]
      ],
      "width": 0.0721006840467453,
      "height": 0.019999999552965164,
      "depth": 0.03999999910593033,
      "object_id": -1,
      "frame": "RealSense D455 aligned color camera frame",
      "rank": 42,
      "distance_to_object_center": 0.031392034941421385
    },
    {
      "score": 0.21507778763771057,
      "translation_camera": [
        0.02061615325510502,
        -0.02002837136387825,
        0.409000039100647
      ],
      "rotation_matrix_camera": [
        [
          0.32332366704940796,
          -0.5531456470489502,
          -0.7677836418151855
        ],
        [
          -0.38744980096817017,
          0.6628532409667969,
          -0.6407091617584229
        ],
        [
          0.8633333444595337,
          0.5046340823173523,
          -2.2058255666479454e-08
        ]
      ],
      "width": 0.07238369435071945,
      "height": 0.019999999552965164,
      "depth": 0.019999999552965164,
      "object_id": -1,
      "frame": "RealSense D455 aligned color camera frame",
      "rank": 43,
      "distance_to_object_center": 0.027488551372079787
    },
    {
      "score": 0.20905351638793945,
      "translation_camera": [
        -0.001608781749382615,
        -0.07667338103055954,
        0.40000003576278687
      ],
      "rotation_matrix_camera": [
        [
          0.6540746092796326,
          -0.6235225796699524,
          -0.42825937271118164
        ],
        [
          -0.309978187084198,
          0.2954989969730377,
          -0.9036558270454407
        ],
        [
          0.690000057220459,
          0.7238094210624695,
          -3.1638712982839934e-08
        ]
      ],
      "width": 0.07072515040636063,
      "height": 0.019999999552965164,
      "depth": 0.029999999329447746,
      "object_id": -1,
      "frame": "RealSense D455 aligned color camera frame",
      "rank": 44,
      "distance_to_object_center": 0.04591324852832637
    },
    {
      "score": 0.20863337814807892,
      "translation_camera": [
        -0.025835316628217697,
        -0.07676998525857925,
        0.406000018119812
      ],
      "rotation_matrix_camera": [
        [
          0.05689249932765961,
          -0.11523131281137466,
          -0.9917080998420715
        ],
        [
          -0.43903547525405884,
          0.8892316222190857,
          -0.1285107433795929
        ],
        [
          0.8966667056083679,
          0.44270631670951843,
          -1.9351308111481558e-08
        ]
      ],
      "width": 0.07029912620782852,
      "height": 0.019999999552965164,
      "depth": 0.019999999552965164,
      "object_id": -1,
      "frame": "RealSense D455 aligned color camera frame",
      "rank": 45,
      "distance_to_object_center": 0.05114920537557841
    },
    {
      "score": 0.20733454823493958,
      "translation_camera": [
        0.0004646733868867159,
        -0.07874922454357147,
        0.40000003576278687
      ],
      "rotation_matrix_camera": [
        [
          0.6540746092796326,
          -0.6235225796699524,
          -0.42825937271118164
        ],
        [
          -0.309978187084198,
          0.2954989969730377,
          -0.9036558270454407
        ],
        [
          0.690000057220459,
          0.7238094210624695,
          -3.1638712982839934e-08
        ]
      ],
      "width": 0.07166455686092377,
      "height": 0.019999999552965164,
      "depth": 0.019999999552965164,
      "object_id": -1,
      "frame": "RealSense D455 aligned color camera frame",
      "rank": 46,
      "distance_to_object_center": 0.04811862534235791
    },
    {
      "score": 0.2040766179561615,
      "translation_camera": [
        0.0004623499989975244,
        -0.08145367354154587,
        0.398000031709671
      ],
      "rotation_matrix_camera": [
        [
          0.6540746092796326,
          -0.6235225796699524,
          -0.42825937271118164
        ],
        [
          -0.309978187084198,
          0.2954989969730377,
          -0.9036558270454407
        ],
        [
          0.690000057220459,
          0.7238094210624695,
          -3.1638712982839934e-08
        ]
      ],
      "width": 0.07246043533086777,
      "height": 0.019999999552965164,
      "depth": 0.019999999552965164,
      "object_id": -1,
      "frame": "RealSense D455 aligned color camera frame",
      "rank": 47,
      "distance_to_object_center": 0.05092916807873199
    },
    {
      "score": 0.19966405630111694,
      "translation_camera": [
        0.005648311227560043,
        -0.07667338103055954,
        0.40000003576278687
      ],
      "rotation_matrix_camera": [
        [
          0.6540746092796326,
