{
  "success": true,
  "method": "graspnet_baseline_d455",
  "num_candidates": 279,
  "object_center_camera": [
    -0.03122720265572883,
    -0.028766174191104766,
    0.3630000352859497
  ],
  "candidates": [
    {
      "score": 0.3921376168727875,
      "translation_camera": [
        -0.03485271334648132,
        -0.05098668858408928,
        0.3580000102519989
      ],
      "rotation_matrix_camera": [
        [
          0.4980229139328003,
          -0.6140506863594055,
          -0.6123030185699463
        ],
        [
          -0.3856969475746155,
          0.47555533051490784,
          -0.790623128414154
        ],
        [
          0.7766667008399963,
          0.6299118399620056,
          -2.7534321489497415e-08
        ]
      ],
      "width": 0.06401009112596512,
      "height": 0.019999999552965164,
      "depth": 0.019999999552965164,
      "object_id": -1,
      "frame": "RealSense D455 aligned color camera frame",
      "rank": 0,
      "distance_to_object_center": 0.02306286708104019
    },
    {
      "score": 0.37274837493896484,
      "translation_camera": [
        -0.028831083327531815,
        0.032243017107248306,
        0.36400002241134644
      ],
      "rotation_matrix_camera": [
        [
          0.4980229139328003,
          -0.6140506863594055,
          -0.6123030185699463
        ],
        [
          -0.3856969475746155,
          0.47555533051490784,
          -0.790623128414154
        ],
        [
          0.7766667008399963,
          0.6299118399620056,
          -2.7534321489497415e-08
        ]
      ],
      "width": 0.06885632872581482,
      "height": 0.019999999552965164,
      "depth": 0.019999999552965164,
      "object_id": -1,
      "frame": "RealSense D455 aligned color camera frame",
      "rank": 1,
      "distance_to_object_center": 0.061064415046448765
    },
    {
      "score": 0.36557459831237793,
      "translation_camera": [
        -0.03485271334648132,
        -0.048199109733104706,
        0.3580000102519989
      ],
      "rotation_matrix_camera": [
        [
          0.4980229139328003,
          -0.6140506863594055,
          -0.6123030185699463
        ],
        [
          -0.3856969475746155,
          0.47555533051490784,
          -0.790623128414154
        ],
        [
          0.7766667008399963,
          0.6299118399620056,
          -2.7534321489497415e-08
        ]
      ],
      "width": 0.06600532680749893,
      "height": 0.019999999552965164,
      "depth": 0.019999999552965164,
      "object_id": -1,
      "frame": "RealSense D455 aligned color camera frame",
      "rank": 2,
      "distance_to_object_center": 0.020390771488308625
    },
    {
      "score": 0.36534383893013,
      "translation_camera": [
        -0.03774221986532211,
        -0.05019732564687729,
        0.359000027179718
      ],
      "rotation_matrix_camera": [
        [
          0.4980229139328003,
          -0.6140506863594055,
          -0.6123030185699463
        ],
        [
          -0.3856969475746155,
          0.47555533051490784,
          -0.790623128414154
        ],
        [
          0.7766667008399963,
          0.6299118399620056,
          -2.7534321489497415e-08
        ]
      ],
      "width": 0.06538316607475281,
      "height": 0.019999999552965164,
      "depth": 0.019999999552965164,
      "object_id": -1,
      "frame": "RealSense D455 aligned color camera frame",
      "rank": 3,
      "distance_to_object_center": 0.022753895640339847
    },
    {
      "score": 0.36518335342407227,
      "translation_camera": [
        -0.032068341970443726,
        -0.05377427116036415,
        0.3580000102519989
      ],
      "rotation_matrix_camera": [
        [
          0.4980229139328003,
          -0.6140506863594055,
          -0.6123030185699463
        ],
        [
          -0.3856969475746155,
          0.47555533051490784,
          -0.790623128414154
        ],
        [
          0.7766667008399963,
          0.6299118399620056,
          -2.7534321489497415e-08
        ]
      ],
      "width": 0.06344784796237946,
      "height": 0.019999999552965164,
      "depth": 0.019999999552965164,
      "object_id": -1,
      "frame": "RealSense D455 aligned color camera frame",
      "rank": 4,
      "distance_to_object_center": 0.02551690968183205
    },
    {
      "score": 0.36171597242355347,
      "translation_camera": [
        -0.032068341970443726,
        -0.05005749687552452,
        0.3580000102519989
      ],
      "rotation_matrix_camera": [
        [
          0.4980229139328003,
          -0.6140506863594055,
          -0.6123030185699463
        ],
        [
          -0.3856969475746155,
          0.47555533051490784,
          -0.790623128414154
        ],
        [
          0.7766667008399963,
          0.6299118399620056,
          -2.7534321489497415e-08
        ]
      ],
      "width": 0.0659615695476532,
      "height": 0.019999999552965164,
      "depth": 0.019999999552965164,
      "object_id": -1,
      "frame": "RealSense D455 aligned color camera frame",
      "rank": 5,
      "distance_to_object_center": 0.021886712574961574
    },
    {
      "score": 0.3590176999568939,
      "translation_camera": [
        -0.03485271334648132,
        -0.05377427116036415,
        0.3580000102519989
      ],
      "rotation_matrix_camera": [
        [
          0.4980229139328003,
          -0.6140506863594055,
          -0.6123030185699463
        ],
        [
          -0.3856969475746155,
          0.47555533051490784,
          -0.790623128414154
        ],
        [
          0.7766667008399963,
          0.6299118399620056,
          -2.7534321489497415e-08
        ]
      ],
      "width": 0.06287293136119843,
      "height": 0.019999999552965164,
      "depth": 0.019999999552965164,
      "object_id": -1,
      "frame": "RealSense D455 aligned color camera frame",
      "rank": 6,
      "distance_to_object_center": 0.025759454422265543
    },
    {
      "score": 0.35619452595710754,
      "translation_camera": [
        -0.030802832916378975,
        0.0351736806333065,
        0.36500000953674316
      ],
      "rotation_matrix_camera": [
        [
          0.4980229139328003,
          -0.6140506863594055,
          -0.6123030185699463
        ],
        [
          -0.3856969475746155,
          0.47555533051490784,
          -0.790623128414154
        ],
        [
          0.7766667008399963,
          0.6299118399620056,
          -2.7534321489497415e-08
        ]
      ],
      "width": 0.06837797909975052,
      "height": 0.019999999552965164,
      "depth": 0.019999999552965164,
      "object_id": -1,
      "frame": "RealSense D455 aligned color camera frame",
      "rank": 7,
      "distance_to_object_center": 0.06397253333772472
    },
    {
      "score": 0.35409656167030334,
      "translation_camera": [
        -0.026000047102570534,
        0.03129824995994568,
        0.36400002241134644
      ],
      "rotation_matrix_camera": [
        [
          0.4980229139328003,
          -0.6140506863594055,
          -0.6123030185699463
        ],
        [
          -0.3856969475746155,
          0.47555533051490784,
          -0.790623128414154
        ],
        [
          0.7766667008399963,
          0.6299118399620056,
          -2.7534321489497415e-08
        ]
      ],
      "width": 0.06934618949890137,
      "height": 0.019999999552965164,
      "depth": 0.019999999552965164,
      "object_id": -1,
      "frame": "RealSense D455 aligned color camera frame",
      "rank": 8,
      "distance_to_object_center": 0.06029973613561807
    },
    {
      "score": 0.3496581017971039,
      "translation_camera": [
        -0.0270177461206913,
        0.034226320683956146,
        0.36500000953674316
      ],
      "rotation_matrix_camera": [
        [
          0.4980229139328003,
          -0.6140506863594055,
          -0.6123030185699463
        ],
        [
          -0.3856969475746155,
          0.47555533051490784,
          -0.790623128414154
        ],
        [
          0.7766667008399963,
          0.6299118399620056,
          -2.7534321489497415e-08
        ]
      ],
      "width": 0.07001194357872009,
      "height": 0.019999999552965164,
      "depth": 0.019999999552965164,
      "object_id": -1,
      "frame": "RealSense D455 aligned color camera frame",
      "rank": 9,
      "distance_to_object_center": 0.06316465650906987
    },
    {
      "score": 0.34819960594177246,
      "translation_camera": [
        -0.033641647547483444,
        0.0351736806333065,
        0.36500000953674316
      ],
      "rotation_matrix_camera": [
        [
          0.4980229139328003,
          -0.6140506863594055,
          -0.6123030185699463
        ],
        [
          -0.3856969475746155,
          0.47555533051490784,
          -0.790623128414154
        ],
        [
          0.7766667008399963,
          0.6299118399620056,
          -2.7534321489497415e-08
        ]
      ],
      "width": 0.06687381118535995,
      "height": 0.019999999552965164,
      "depth": 0.019999999552965164,
      "object_id": -1,
      "frame": "RealSense D455 aligned color camera frame",
      "rank": 10,
      "distance_to_object_center": 0.06401667342267907
    },
    {
      "score": 0.34286415576934814,
      "translation_camera": [
        -0.02424517646431923,
        0.03242017701268196,
        0.3660000264644623
      ],
      "rotation_matrix_camera": [
        [
          0.4980229139328003,
          -0.6140506863594055,
          -0.6123030185699463
        ],
        [
          -0.3856969475746155,
          0.47555533051490784,
          -0.790623128414154
        ],
        [
          0.7766667008399963,
          0.6299118399620056,
          -2.7534321489497415e-08
        ]
      ],
      "width": 0.07121961563825607,
      "height": 0.019999999552965164,
      "depth": 0.019999999552965164,
      "object_id": -1,
      "frame": "RealSense D455 aligned color camera frame",
      "rank": 11,
      "distance_to_object_center": 0.061656453112726294
    },
    {
      "score": 0.3422354459762573,
      "translation_camera": [
        -0.029447566717863083,
        0.005725928582251072,
        0.36000001430511475
      ],
      "rotation_matrix_camera": [
        [
          0.4980229139328003,
          -0.6140506863594055,
          -0.6123030185699463
        ],
        [
          -0.3856969475746155,
          0.47555533051490784,
          -0.790623128414154
        ],
        [
          0.7766667008399963,
          0.6299118399620056,
          -2.7534321489497415e-08
        ]
      ],
      "width": 0.06675107777118683,
      "height": 0.019999999552965164,
      "depth": 0.019999999552965164,
      "object_id": -1,
      "frame": "RealSense D455 aligned color camera frame",
      "rank": 12,
      "distance_to_object_center": 0.03466803114808417
    },
    {
      "score": 0.3384802043437958,
      "translation_camera": [
        -0.024987531825900078,
        0.010484500788152218,
        0.3630000352859497
      ],
      "rotation_matrix_camera": [
        [
          0.4980229139328003,
          -0.6140506863594055,
          -0.6123030185699463
        ],
        [
          -0.3856969475746155,
          0.47555533051490784,
          -0.790623128414154
        ],
        [
          0.7766667008399963,
          0.6299118399620056,
          -2.7534321489497415e-08
        ]
      ],
      "width": 0.06962256133556366,
      "height": 0.019999999552965164,
      "depth": 0.019999999552965164,
      "object_id": -1,
      "frame": "RealSense D455 aligned color camera frame",
      "rank": 13,
      "distance_to_object_center": 0.039743540083790795
    },
    {
      "score": 0.3375779986381531,
      "translation_camera": [
        -0.0365804098546505,
        0.0362200066447258,
        0.3660000264644623
      ],
      "rotation_matrix_camera": [
        [
          0.4980229139328003,
          -0.6140506863594055,
          -0.6123030185699463
        ],
        [
          -0.3856969475746155,
          0.47555533051490784,
          -0.790623128414154
        ],
        [
          0.7766667008399963,
          0.6299118399620056,
          -2.7534321489497415e-08
        ]
      ],
      "width": 0.0669293999671936,
      "height": 0.019999999552965164,
      "depth": 0.019999999552965164,
      "object_id": -1,
      "frame": "RealSense D455 aligned color camera frame",
      "rank": 14,
      "distance_to_object_center": 0.06527526693942362
    },
    {
      "score": 0.3339587450027466,
      "translation_camera": [
        -0.03088722564280033,
        0.03811992332339287,
        0.3660000264644623
      ],
      "rotation_matrix_camera": [
        [
          0.4980229139328003,
          -0.6140506863594055,
          -0.6123030185699463
        ],
        [
          -0.3856969475746155,
          0.47555533051490784,
          -0.790623128414154
        ],
        [
          0.7766667008399963,
          0.6299118399620056,
          -2.7534321489497415e-08
        ]
      ],
      "width": 0.06918107718229294,
      "height": 0.019999999552965164,
      "depth": 0.019999999552965164,
      "object_id": -1,
      "frame": "RealSense D455 aligned color camera frame",
      "rank": 15,
      "distance_to_object_center": 0.06695420503716969
    },
    {
      "score": 0.3316059112548828,
      "translation_camera": [
        -0.03373381868004799,
        0.03811992332339287,
        0.3660000264644623
      ],
      "rotation_matrix_camera": [
        [
          0.4980229139328003,
          -0.6140506863594055,
          -0.6123030185699463
        ],
        [
          -0.3856969475746155,
          0.47555533051490784,
          -0.790623128414154
        ],
        [
          0.7766667008399963,
          0.6299118399620056,
          -2.7534321489497415e-08
        ]
      ],
      "width": 0.06767769157886505,
      "height": 0.019999999552965164,
      "depth": 0.019999999552965164,
      "object_id": -1,
      "frame": "RealSense D455 aligned color camera frame",
      "rank": 16,
      "distance_to_object_center": 0.06700024710165935
    },
    {
      "score": 0.32949185371398926,
      "translation_camera": [
        -0.028040632605552673,
        0.03716996684670448,
        0.3660000264644623
      ],
      "rotation_matrix_camera": [
        [
          0.4980229139328003,
          -0.6140506863594055,
          -0.6123030185699463
        ],
        [
          -0.3856969475746155,
          0.47555533051490784,
          -0.790623128414154
        ],
        [
          0.7766667008399963,
          0.6299118399620056,
          -2.7534321489497415e-08
        ]
      ],
      "width": 0.06936576962471008,
      "height": 0.019999999552965164,
      "depth": 0.019999999552965164,
      "object_id": -1,
      "frame": "RealSense D455 aligned color camera frame",
      "rank": 17,
      "distance_to_object_center": 0.0660812293371855
    },
    {
      "score": 0.3293086588382721,
      "translation_camera": [
        -0.026795683428645134,
        -0.01679207570850849,
        0.3620000183582306
      ],
      "rotation_matrix_camera": [
        [
          0.4980229139328003,
          -0.6140506863594055,
          -0.6123030185699463
        ],
        [
          -0.3856969475746155,
          0.47555533051490784,
          -0.790623128414154
        ],
        [
          0.7766667008399963,
          0.6299118399620056,
          -2.7534321489497415e-08
        ]
      ],
      "width": 0.06950510293245316,
      "height": 0.019999999552965164,
      "depth": 0.019999999552965164,
      "object_id": -1,
      "frame": "RealSense D455 aligned color camera frame",
      "rank": 18,
      "distance_to_object_center": 0.012806929022472628
    },
    {
      "score": 0.32917529344558716,
      "translation_camera": [
        -0.03774221986532211,
        -0.04740195721387863,
        0.359000027179718
      ],
      "rotation_matrix_camera": [
        [
          0.4980229139328003,
          -0.6140506863594055,
          -0.6123030185699463
        ],
        [
          -0.3856969475746155,
          0.47555533051490784,
          -0.790623128414154
        ],
        [
          0.7766667008399963,
          0.6299118399620056,
          -2.7534321489497415e-08
        ]
      ],
      "width": 0.06497769802808762,
      "height": 0.019999999552965164,
      "depth": 0.019999999552965164,
      "object_id": -1,
      "frame": "RealSense D455 aligned color camera frame",
      "rank": 19,
      "distance_to_object_center": 0.020142937297304046
    },
    {
      "score": 0.3278230130672455,
      "translation_camera": [
        -0.04064727574586868,
        -0.04846837744116783,
        0.36000001430511475
      ],
      "rotation_matrix_camera": [
        [
          0.4980229139328003,
          -0.6140506863594055,
          -0.6123030185699463
        ],
        [
          -0.3856969475746155,
          0.47555533051490784,
          -0.790623128414154
        ],
        [
          0.7766667008399963,
          0.6299118399620056,
          -2.7534321489497415e-08
        ]
      ],
      "width": 0.06507829576730728,
      "height": 0.019999999552965164,
      "depth": 0.019999999552965164,
      "object_id": -1,
      "frame": "RealSense D455 aligned color camera frame",
      "rank": 20,
      "distance_to_object_center": 0.022043473315605744
    },
    {
      "score": 0.32511448860168457,
      "translation_camera": [
        -0.03308863565325737,
        -0.04087943211197853,
        0.359000027179718
      ],
      "rotation_matrix_camera": [
        [
          0.4980229139328003,
          -0.6140506863594055,
          -0.6123030185699463
        ],
        [
          -0.3856969475746155,
          0.47555533051490784,
          -0.790623128414154
        ],
        [
          0.7766667008399963,
          0.6299118399620056,
          -2.7534321489497415e-08
        ]
      ],
      "width": 0.06725211441516876,
      "height": 0.019999999552965164,
      "depth": 0.019999999552965164,
      "object_id": -1,
      "frame": "RealSense D455 aligned color camera frame",
      "rank": 21,
      "distance_to_object_center": 0.012891703344082128
    },
    {
      "score": 0.3201552927494049,
      "translation_camera": [
        -0.03308863565325737,
        -0.03249333053827286,
        0.359000027179718
      ],
      "rotation_matrix_camera": [
        [
          0.4980229139328003,
          -0.6140506863594055,
          -0.6123030185699463
        ],
        [
          -0.3856969475746155,
          0.47555533051490784,
          -0.790623128414154
        ],
        [
          0.7766667008399963,
          0.6299118399620056,
          -2.7534321489497415e-08
        ]
      ],
      "width": 0.06716986745595932,
      "height": 0.019999999552965164,
      "depth": 0.019999999552965164,
      "object_id": -1,
      "frame": "RealSense D455 aligned color camera frame",
      "rank": 22,
      "distance_to_object_center": 0.005775525265328055
    },
    {
      "score": 0.3192533850669861,
      "translation_camera": [
        -0.02859346568584442,
        0.0076157948933541775,
        0.36100003123283386
      ],
      "rotation_matrix_camera": [
        [
          0.4980229139328003,
          -0.6140506863594055,
          -0.6123030185699463
        ],
        [
          -0.3856969475746155,
          0.47555533051490784,
          -0.790623128414154
        ],
        [
          0.7766667008399963,
          0.6299118399620056,
          -2.7534321489497415e-08
        ]
      ],
      "width": 0.06732077151536942,
      "height": 0.019999999552965164,
      "depth": 0.019999999552965164,
      "object_id": -1,
      "frame": "RealSense D455 aligned color camera frame",
      "rank": 23,
      "distance_to_object_center": 0.03653196218520902
    },
    {
      "score": 0.31817182898521423,
      "translation_camera": [
        -0.036811500787734985,
        -0.05485627055168152,
        0.359000027179718
      ],
      "rotation_matrix_camera": [
        [
          0.4980229139328003,
          -0.6140506863594055,
          -0.6123030185699463
        ],
        [
          -0.3856969475746155,
          0.47555533051490784,
          -0.790623128414154
        ],
        [
          0.7766667008399963,
          0.6299118399620056,
          -2.7534321489497415e-08
        ]
      ],
      "width": 0.063817597925663,
      "height": 0.019999999552965164,
      "depth": 0.019999999552965164,
      "object_id": -1,
      "frame": "RealSense D455 aligned color camera frame",
      "rank": 24,
      "distance_to_object_center": 0.026979206411257298
    },
    {
      "score": 0.31327828764915466,
      "translation_camera": [
        -0.033180803060531616,
        -0.018568070605397224,
        0.36000001430511475
      ],
      "rotation_matrix_camera": [
        [
          0.4980229139328003,
          -0.6140506863594055,
          -0.6123030185699463
        ],
        [
          -0.3856969475746155,
          0.47555533051490784,
          -0.790623128414154
        ],
        [
          0.7766667008399963,
          0.6299118399620056,
          -2.7534321489497415e-08
        ]
      ],
      "width": 0.06697511672973633,
      "height": 0.019999999552965164,
      "depth": 0.019999999552965164,
      "object_id": -1,
      "frame": "RealSense D455 aligned color camera frame",
      "rank": 25,
      "distance_to_object_center": 0.010808237468334815
    },
    {
      "score": 0.31312254071235657,
      "translation_camera": [
        -0.03495007008314133,
        -0.030629752203822136,
        0.359000027179718
      ],
      "rotation_matrix_camera": [
        [
          0.4980229139328003,
          -0.6140506863594055,
          -0.6123030185699463
        ],
        [
          -0.3856969475746155,
          0.47555533051490784,
          -0.790623128414154
        ],
        [
          0.7766667008399963,
          0.6299118399620056,
          -2.7534321489497415e-08
        ]
      ],
      "width": 0.06628495454788208,
      "height": 0.019999999552965164,
      "depth": 0.019999999552965164,
      "object_id": -1,
      "frame": "RealSense D455 aligned color camera frame",
      "rank": 26,
      "distance_to_object_center": 0.005773450419072791
    },
    {
      "score": 0.31301552057266235,
      "translation_camera": [
        -0.0340193510055542,
        -0.04367480054497719,
        0.359000027179718
      ],
      "rotation_matrix_camera": [
        [
          0.4980229139328003,
          -0.6140506863594055,
          -0.6123030185699463
        ],
        [
          -0.3856969475746155,
          0.47555533051490784,
          -0.790623128414154
        ],
        [
          0.7766667008399963,
          0.6299118399620056,
          -2.7534321489497415e-08
        ]
      ],
      "width": 0.06679975986480713,
      "height": 0.019999999552965164,
      "depth": 0.019999999552965164,
      "object_id": -1,
      "frame": "RealSense D455 aligned color camera frame",
      "rank": 27,
      "distance_to_object_center": 0.01568640484676878
    },
    {
      "score": 0.3117102384567261,
      "translation_camera": [
        -0.031227203086018562,
        -0.03435691073536873,
        0.359000027179718
      ],
      "rotation_matrix_camera": [
        [
          0.4980229139328003,
          -0.6140506863594055,
          -0.6123030185699463
        ],
        [
          -0.3856969475746155,
          0.47555533051490784,
          -0.790623128414154
        ],
        [
          0.7766667008399963,
          0.6299118399620056,
          -2.7534321489497415e-08
        ]
      ],
      "width": 0.06751500070095062,
      "height": 0.019999999552965164,
      "depth": 0.019999999552965164,
      "object_id": -1,
      "frame": "RealSense D455 aligned color camera frame",
      "rank": 28,
      "distance_to_object_center": 0.006874329055063335
    },
    {
      "score": 0.3083116114139557,
      "translation_camera": [
        -0.030296485871076584,
        -0.039947643876075745,
        0.359000027179718
      ],
      "rotation_matrix_camera": [
        [
          0.4980229139328003,
          -0.6140506863594055,
          -0.6123030185699463
        ],
        [
          -0.3856969475746155,
          0.47555533051490784,
          -0.790623128414154
        ],
        [
          0.7766667008399963,
          0.6299118399620056,
          -2.7534321489497415e-08
        ]
      ],
      "width": 0.06796962767839432,
      "height": 0.019999999552965164,
      "depth": 0.019999999552965164,
      "object_id": -1,
      "frame": "RealSense D455 aligned color camera frame",
      "rank": 29,
      "distance_to_object_center": 0.01191182449917214
    },
    {
      "score": 0.30692586302757263,
      "translation_camera": [
        -0.03524212911725044,
        0.010455617681145668,
        0.3620000183582306
      ],
      "rotation_matrix_camera": [
        [
          0.4980229139328003,
          -0.6140506863594055,
          -0.6123030185699463
        ],
        [
          -0.3856969475746155,
          0.47555533051490784,
          -0.790623128414154
        ],
        [
          0.7766667008399963,
          0.6299118399620056,
          -2.7534321489497415e-08
        ]
      ],
      "width": 0.06673800200223923,
      "height": 0.019999999552965164,
      "depth": 0.019999999552965164,
      "object_id": -1,
      "frame": "RealSense D455 aligned color camera frame",
      "rank": 30,
      "distance_to_object_center": 0.039439429838897026
    },
    {
      "score": 0.3061847984790802,
      "translation_camera": [
        -0.039713967591524124,
        -0.042862072587013245,
        0.36000001430511475
      ],
      "rotation_matrix_camera": [
        [
          0.4980229139328003,
          -0.6140506863594055,
          -0.6123030185699463
        ],
        [
          -0.3856969475746155,
          0.47555533051490784,
          -0.790623128414154
        ],
        [
          0.7766667008399963,
          0.6299118399620056,
          -2.7534321489497415e-08
        ]
      ],
      "width": 0.06589042395353317,
      "height": 0.019999999552965164,
      "depth": 0.019999999552965164,
      "object_id": -1,
      "frame": "RealSense D455 aligned color camera frame",
      "rank": 31,
      "distance_to_object_center": 0.016724821570009936
    },
    {
      "score": 0.29550066590309143,
      "translation_camera": [
        -0.02773417718708515,
        0.009516041725873947,
        0.3620000183582306
      ],
      "rotation_matrix_camera": [
        [
          0.4980229139328003,
          -0.6140506863594055,
          -0.6123030185699463
        ],
        [
          -0.3856969475746155,
          0.47555533051490784,
          -0.790623128414154
        ],
        [
          0.7766667008399963,
          0.6299118399620056,
          -2.7534321489497415e-08
        ]
      ],
      "width": 0.0679544135928154,
      "height": 0.019999999552965164,
      "depth": 0.019999999552965164,
      "object_id": -1,
      "frame": "RealSense D455 aligned color camera frame",
      "rank": 32,
      "distance_to_object_center": 0.03845424965195
    },
    {
      "score": 0.29526275396347046,
      "translation_camera": [
        -0.03224749490618706,
        -0.005486686713993549,
        0.36000001430511475
      ],
      "rotation_matrix_camera": [
        [
          0.4980229139328003,
          -0.6140506863594055,
          -0.6123030185699463
        ],
        [
          -0.3856969475746155,
          0.47555533051490784,
          -0.790623128414154
        ],
        [
          0.7766667008399963,
          0.6299118399620056,
          -2.7534321489497415e-08
        ]
      ],
      "width": 0.06645432114601135,
      "height": 0.019999999552965164,
      "depth": 0.019999999552965164,
      "object_id": -1,
      "frame": "RealSense D455 aligned color camera frame",
      "rank": 33,
      "distance_to_object_center": 0.023494162239985766
    },
    {
      "score": 0.29500094056129456,
      "translation_camera": [
        -0.039713967591524124,
        -0.05500907078385353,
        0.36000001430511475
      ],
      "rotation_matrix_camera": [
        [
          0.4980229139328003,
          -0.6140506863594055,
          -0.6123030185699463
        ],
        [
          -0.3856969475746155,
          0.47555533051490784,
          -0.790623128414154
        ],
        [
          0.7766667008399963,
          0.6299118399620056,
          -2.7534321489497415e-08
        ]
      ],
      "width": 0.06544811278581619,
      "height": 0.019999999552965164,
      "depth": 0.019999999552965164,
      "object_id": -1,
      "frame": "RealSense D455 aligned color camera frame",
      "rank": 34,
      "distance_to_object_center": 0.027743736708284252
    },
    {
      "score": 0.29384079575538635,
      "translation_camera": [
        -0.03960365056991577,
        -0.05206090211868286,
        0.359000027179718
      ],
      "rotation_matrix_camera": [
        [
          0.4980229139328003,
          -0.6140506863594055,
          -0.6123030185699463
        ],
        [
          -0.3856969475746155,
          0.47555533051490784,
          -0.790623128414154
        ],
        [
          0.7766667008399963,
          0.6299118399620056,
          -2.7534321489497415e-08
        ]
      ],
      "width": 0.06562460958957672,
      "height": 0.019999999552965164,
      "depth": 0.019999999552965164,
      "object_id": -1,
      "frame": "RealSense D455 aligned color camera frame",
      "rank": 35,
      "distance_to_object_center": 0.02507607014125006
    },
    {
      "score": 0.29244017601013184,
      "translation_camera": [
        -0.025262875482439995,
        0.03631896898150444,
        0.367000013589859
      ],
      "rotation_matrix_camera": [
        [
          0.4980229139328003,
          -0.6140506863594055,
          -0.6123030185699463
        ],
        [
          -0.3856969475746155,
          0.47555533051490784,
          -0.790623128414154
        ],
        [
          0.7766667008399963,
          0.6299118399620056,
          -2.7534321489497415e-08
        ]
      ],
      "width": 0.07004235684871674,
      "height": 0.019999999552965164,
      "depth": 0.019999999552965164,
      "object_id": -1,
      "frame": "RealSense D455 aligned color camera frame",
      "rank": 36,
      "distance_to_object_center": 0.06548014116402633
    },
    {
      "score": 0.29178038239479065,
      "translation_camera": [
        -0.025928618386387825,
        -0.019664976745843887,
        0.3630000352859497
      ],
      "rotation_matrix_camera": [
        [
          0.4980229139328003,
          -0.6140506863594055,
          -0.6123030185699463
        ],
        [
          -0.3856969475746155,
          0.47555533051490784,
          -0.790623128414154
        ],
        [
          0.7766667008399963,
          0.6299118399620056,
          -2.7534321489497415e-08
        ]
      ],
      "width": 0.06938932090997696,
      "height": 0.019999999552965164,
      "depth": 0.019999999552965164,
      "object_id": -1,
      "frame": "RealSense D455 aligned color camera frame",
      "rank": 37,
      "distance_to_object_center": 0.010531229282326499
    },
    {
      "score": 0.29018527269363403,
      "translation_camera": [
        -0.03420887514948845,
        0.005741834174841642,
        0.36100003123283386
      ],
      "rotation_matrix_camera": [
        [
          0.4980229139328003,
          -0.6140506863594055,
          -0.6123030185699463
        ],
        [
          -0.3856969475746155,
          0.47555533051490784,
          -0.790623128414154
        ],
        [
          0.7766667008399963,
          0.6299118399620056,
          -2.7534321489497415e-08
        ]
      ],
      "width": 0.06647343188524246,
      "height": 0.019999999552965164,
      "depth": 0.019999999552965164,
      "object_id": -1,
      "frame": "RealSense D455 aligned color camera frame",
      "rank": 38,
      "distance_to_object_center": 0.03469427947741168
    },
    {
      "score": 0.2887095510959625,
      "translation_camera": [
        -0.030296485871076584,
        -0.007335024420171976,
        0.359000027179718
      ],
      "rotation_matrix_camera": [
        [
          0.4980229139328003,
          -0.6140506863594055,
          -0.6123030185699463
        ],
        [
          -0.3856969475746155,
          0.47555533051490784,
          -0.790623128414154
        ],
        [
          0.7766667008399963,
          0.6299118399620056,
          -2.7534321489497415e-08
        ]
      ],
      "width": 0.06667914986610413,
      "height": 0.019999999552965164,
      "depth": 0.019999999552965164,
      "object_id": -1,
      "frame": "RealSense D455 aligned color camera frame",
      "rank": 39,
      "distance_to_object_center": 0.0218211016927951
    },
    {
      "score": 0.288653701543808,
      "translation_camera": [
        -0.03784734755754471,
        -0.03725576400756836,
        0.36000001430511475
      ],
      "rotation_matrix_camera": [
        [
          0.4980229139328003,
          -0.6140506863594055,
          -0.6123030185699463
        ],
        [
          -0.3856969475746155,
          0.47555533051490784,
          -0.790623128414154
        ],
        [
          0.7766667008399963,
          0.6299118399620056,
          -2.7534321489497415e-08
        ]
      ],
      "width": 0.06623062491416931,
      "height": 0.019999999552965164,
      "depth": 0.019999999552965164,
      "object_id": -1,
      "frame": "RealSense D455 aligned color camera frame",
      "rank": 40,
      "distance_to_object_center": 0.011175848050966471
    },
    {
      "score": 0.2877292335033417,
      "translation_camera": [
        -0.036811500787734985,
        -0.057651638984680176,
        0.359000027179718
      ],
      "rotation_matrix_camera": [
        [
          0.4980229139328003,
          -0.6140506863594055,
          -0.6123030185699463
        ],
        [
          -0.3856969475746155,
          0.47555533051490784,
          -0.790623128414154
        ],
        [
          0.7766667008399963,
          0.6299118399620056,
          -2.7534321489497415e-08
        ]
      ],
      "width": 0.06237884983420372,
      "height": 0.019999999552965164,
      "depth": 0.019999999552965164,
      "object_id": -1,
      "frame": "RealSense D455 aligned color camera frame",
      "rank": 41,
      "distance_to_object_center": 0.029690983931455205
    },
    {
      "score": 0.2867635488510132,
      "translation_camera": [
        -0.026795683428645134,
        0.006697315257042646,
        0.3620000183582306
      ],
      "rotation_matrix_camera": [
        [
          0.4980229139328003,
          -0.6140506863594055,
          -0.6123030185699463
        ],
        [
          -0.3856969475746155,
          0.47555533051490784,
          -0.790623128414154
        ],
        [
          0.7766667008399963,
          0.6299118399620056,
          -2.7534321489497415e-08
        ]
      ],
      "width": 0.06824200600385666,
      "height": 0.019999999552965164,
      "depth": 0.019999999552965164,
      "object_id": -1,
      "frame": "RealSense D455 aligned color camera frame",
      "rank": 42,
      "distance_to_object_center": 0.03575328628748132
    },
    {
      "score": 0.2845647633075714,
      "translation_camera": [
        -0.031227203086018562,
        -0.02503901720046997,
        0.359000027179718
      ],
      "rotation_matrix_camera": [
        [
          0.4980229139328003,
          -0.6140506863594055,
          -0.6123030185699463
        ],
        [
          -0.3856969475746155,
          0.47555533051490784,
          -0.790623128414154
        ],
        [
          0.7766667008399963,
          0.6299118399620056,
          -2.7534321489497415e-08
        ]
      ],
      "width": 0.06705345958471298,
      "height": 0.019999999552965164,
      "depth": 0.019999999552965164,
      "object_id": -1,
      "frame": "RealSense D455 aligned color camera frame",
      "rank": 43,
      "distance_to_object_center": 0.005467336104791549
    },
    {
      "score": 0.2839832305908203,
      "translation_camera": [
        -0.03336514160037041,
        0.008576466701924801,
        0.3620000183582306
      ],
      "rotation_matrix_camera": [
        [
          0.4980229139328003,
          -0.6140506863594055,
          -0.6123030185699463
        ],
        [
          -0.3856969475746155,
          0.47555533051490784,
          -0.790623128414154
        ],
        [
          0.7766667008399963,
          0.6299118399620056,
          -2.7534321489497415e-08
        ]
      ],
      "width": 0.06697122752666473,
      "height": 0.019999999552965164,
      "depth": 0.019999999552965164,
      "object_id": -1,
      "frame": "RealSense D455 aligned color camera frame",
      "rank": 44,
      "distance_to_object_center": 0.037417157102758405
    },
    {
      "score": 0.28385302424430847,
      "translation_camera": [
        -0.036811500787734985,
        -0.04087943211197853,
        0.359000027179718
      ],
      "rotation_matrix_camera": [
        [
          0.4980229139328003,
          -0.6140506863594055,
          -0.6123030185699463
        ],
        [
          -0.3856969475746155,
          0.47555533051490784,
          -0.790623128414154
        ],
        [
          0.7766667008399963,
          0.6299118399620056,
          -2.7534321489497415e-08
        ]
      ],
      "width": 0.06614411622285843,
      "height": 0.019999999552965164,
      "depth": 0.019999999552965164,
      "object_id": -1,
      "frame": "RealSense D455 aligned color camera frame",
      "rank": 45,
      "distance_to_object_center": 0.013925353422253154
    },
    {
      "score": 0.2802003026008606,
      "translation_camera": [
        -0.03215792030096054,
        -0.02969796396791935,
        0.359000027179718
      ],
      "rotation_matrix_camera": [
        [
          0.4980229139328003,
          -0.6140506863594055,
          -0.6123030185699463
        ],
        [
          -0.3856969475746155,
          0.47555533051490784,
          -0.790623128414154
        ],
        [
          0.7766667008399963,
          0.6299118399620056,
          -2.7534321489497415e-08
        ]
      ],
      "width": 0.0668761134147644,
      "height": 0.019999999552965164,
      "depth": 0.019999999552965164,
      "object_id": -1,
      "frame": "RealSense D455 aligned color camera frame",
      "rank": 46,
      "distance_to_object_center": 0.004211238816932739
    },
    {
      "score": 0.27775782346725464,
      "translation_camera": [
        -0.04158058390021324,
        -0.0531403012573719,
        0.36000001430511475
      ],
      "rotation_matrix_camera": [
        [
          0.4980229139328003,
          -0.6140506863594055,
          -0.6123030185699463
        ],
        [
          -0.3856969475746155,
          0.47555533051490784,
          -0.790623128414154
        ],
        [
          0.7766667008399963,
          0.6299118399620056,
          -2.7534321489497415e-08
        ]
      ],
      "width": 0.06698280572891235,
      "height": 0.019999999552965164,
      "depth": 0.019999999552965164,
      "object_id": -1,
      "frame": "RealSense D455 aligned color camera frame",
      "rank": 47,
      "distance_to_object_center": 0.026651279506275636
    },
    {
      "score": 0.2768510580062866,
      "translation_camera": [
        -0.029365770518779755,
        -0.03156154230237007,
        0.359000027179718
      ],
      "rotation_matrix_camera": [
        [
          0.4980229139328003,
          -0.6140506863594055,
