{
  "success": true,
  "method": "graspnet_baseline_d455",
  "num_candidates": 113,
  "object_center_camera": [
    0.08392533821983417,
    -0.01851649377494233,
    0.3630000352859497
  ],
  "candidates": [
    {
      "score": 0.5065446496009827,
      "translation_camera": [
        0.07673591375350952,
        -0.03156154230237007,
        0.359000027179718
      ],
      "rotation_matrix_camera": [
        [
          0.05689249932765961,
          0.9917080998420715,
          -0.11523126810789108
        ],
        [
          -0.43903547525405884,
          0.12851069867610931,
          0.8892316222190857
        ],
        [
          0.8966667056083679,
          0.0,
          0.44270631670951843
        ]
      ],
      "width": 0.08334103226661682,
      "height": 0.019999999552965164,
      "depth": 0.029999999329447746,
      "object_id": -1,
      "frame": "RealSense D455 aligned color camera frame",
      "rank": 0,
      "distance_to_object_center": 0.01542274878515018
    },
    {
      "score": 0.2703460454940796,
      "translation_camera": [
        0.10222329199314117,
        -0.0323123075067997,
        0.3570000231266022
      ],
      "rotation_matrix_camera": [
        [
          0.4980229139328003,
          -0.6140506863594055,
          -0.6123030185699463
        ],
        [
          -0.3856969475746155,
          0.47555533051490784,
          -0.790623128414154
        ],
        [
          0.7766667008399963,
          0.6299118399620056,
          -2.7534321489497415e-08
        ]
      ],
      "width": 0.06384866684675217,
      "height": 0.019999999552965164,
      "depth": 0.019999999552965164,
      "object_id": -1,
      "frame": "RealSense D455 aligned color camera frame",
      "rank": 1,
      "distance_to_object_center": 0.023688388183380118
    },
    {
      "score": 0.2386719137430191,
      "translation_camera": [
        0.09363050758838654,
        -0.03222179785370827,
        0.35600003600120544
      ],
      "rotation_matrix_camera": [
        [
          0.05689249932765961,
          0.9917080998420715,
          -0.11523126810789108
        ],
        [
          -0.43903547525405884,
          0.12851069867610931,
          0.8892316222190857
        ],
        [
          0.8966667056083679,
          0.0,
          0.44270631670951843
        ]
      ],
      "width": 0.08493328094482422,
      "height": 0.019999999552965164,
      "depth": 0.019999999552965164,
      "object_id": -1,
      "frame": "RealSense D455 aligned color camera frame",
      "rank": 2,
      "distance_to_object_center": 0.018194110650156702
    },
    {
      "score": 0.2180670201778412,
      "translation_camera": [
        0.06182093545794487,
        -0.0286872498691082,
        0.37000003457069397
      ],
      "rotation_matrix_camera": [
        [
          0.6660667061805725,
          -0.7401613593101501,
          -0.09228425472974777
        ],
        [
          -0.06173091381788254,
          0.0685979425907135,
          -0.9957327246665955
        ],
        [
          0.7433333396911621,
          0.6689212322235107,
          -2.9239474841347146e-08
        ]
      ],
      "width": 0.06835272163152695,
      "height": 0.019999999552965164,
      "depth": 0.009999999776482582,
      "object_id": -1,
      "frame": "RealSense D455 aligned color camera frame",
      "rank": 3,
      "distance_to_object_center": 0.025318943322604353
    },
    {
      "score": 0.215029776096344,
      "translation_camera": [
        0.05659565329551697,
        0.0011125615565106273,
        0.3800000250339508
      ],
      "rotation_matrix_camera": [
        [
          0.32332366704940796,
          0.5984574556350708,
          -0.7330145835876465
        ],
        [
          -0.38744980096817017,
          0.7904365658760071,
          0.4744393229484558
        ],
        [
          0.8633333444595337,
          0.1306089162826538,
          0.4874390959739685
        ]
      ],
      "width": 0.08484075963497162,
      "height": 0.019999999552965164,
      "depth": 0.029999999329447746,
      "object_id": -1,
      "frame": "RealSense D455 aligned color camera frame",
      "rank": 4,
      "distance_to_object_center": 0.03769895413270553
    },
    {
      "score": 0.20937538146972656,
      "translation_camera": [
        0.058257728815078735,
        0.0011067059822380543,
        0.37800002098083496
      ],
      "rotation_matrix_camera": [
        [
          0.32332366704940796,
          0.5984574556350708,
          -0.7330145835876465
        ],
        [
          -0.38744980096817017,
          0.7904365658760071,
          0.4744393229484558
        ],
        [
          0.8633333444595337,
          0.1306089162826538,
          0.4874390959739685
        ]
      ],
      "width": 0.08462044596672058,
      "height": 0.019999999552965164,
      "depth": 0.029999999329447746,
      "object_id": -1,
      "frame": "RealSense D455 aligned color camera frame",
      "rank": 5,
      "distance_to_object_center": 0.03562156246028599
    },
    {
      "score": 0.19325660169124603,
      "translation_camera": [
        0.06248926371335983,
        0.007890047505497932,
        0.37400001287460327
      ],
      "rotation_matrix_camera": [
        [
          0.32332366704940796,
          0.5984574556350708,
          -0.7330145835876465
        ],
        [
          -0.38744980096817017,
          0.7904365658760071,
          0.4744393229484558
        ],
        [
          0.8633333444595337,
          0.1306089162826538,
          0.4874390959739685
        ]
      ],
      "width": 0.08285418897867203,
      "height": 0.019999999552965164,
      "depth": 0.029999999329447746,
      "object_id": -1,
      "frame": "RealSense D455 aligned color camera frame",
      "rank": 6,
      "distance_to_object_center": 0.035746471428570334
    },
    {
      "score": 0.19024869799613953,
      "translation_camera": [
        0.09358938038349152,
        0.01613752916455269,
        0.3630000352859497
      ],
      "rotation_matrix_camera": [
        [
          0.05689249932765961,
          -0.11523131281137466,
          -0.9917080998420715
        ],
        [
          -0.43903547525405884,
          0.8892316222190857,
          -0.1285107433795929
        ],
        [
          0.8966667056083679,
          0.44270631670951843,
          -1.9351308111481558e-08
        ]
      ],
      "width": 0.06968803703784943,
      "height": 0.019999999552965164,
      "depth": 0.009999999776482582,
      "object_id": -1,
      "frame": "RealSense D455 aligned color camera frame",
      "rank": 7,
      "distance_to_object_center": 0.03597631188479433
    },
    {
      "score": 0.18656374514102936,
      "translation_camera": [
        0.11426914483308792,
        0.012573286890983582,
        0.36900001764297485
      ],
      "rotation_matrix_camera": [
        [
          0.32332366704940796,
          -0.5531456470489502,
          -0.7677836418151855
        ],
        [
          -0.38744980096817017,
          0.6628532409667969,
          -0.6407091617584229
        ],
        [
          0.8633333444595337,
          0.5046340823173523,
          -2.2058255666479454e-08
        ]
      ],
      "width": 0.070987269282341,
      "height": 0.019999999552965164,
      "depth": 0.019999999552965164,
      "object_id": -1,
      "frame": "RealSense D455 aligned color camera frame",
      "rank": 8,
      "distance_to_object_center": 0.04385568207111293
    },
    {
      "score": 0.18505412340164185,
      "translation_camera": [
        0.1133124977350235,
        0.01544651947915554,
        0.36900001764297485
      ],
      "rotation_matrix_camera": [
        [
          0.32332366704940796,
          -0.5531456470489502,
          -0.7677836418151855
        ],
        [
          -0.38744980096817017,
          0.6628532409667969,
          -0.6407091617584229
        ],
        [
          0.8633333444595337,
          0.5046340823173523,
          -2.2058255666479454e-08
        ]
      ],
      "width": 0.07085265219211578,
      "height": 0.019999999552965164,
      "depth": 0.019999999552965164,
      "object_id": -1,
      "frame": "RealSense D455 aligned color camera frame",
      "rank": 9,
      "distance_to_object_center": 0.04531104944661758
    },
    {
      "score": 0.18496236205101013,
      "translation_camera": [
        0.09641264379024506,
        0.01519535668194294,
        0.3630000352859497
      ],
      "rotation_matrix_camera": [
        [
          0.05689249932765961,
          -0.11523131281137466,
          -0.9917080998420715
        ],
        [
          -0.43903547525405884,
          0.8892316222190857,
          -0.1285107433795929
        ],
        [
          0.8966667056083679,
          0.44270631670951843,
          -1.9351308111481558e-08
        ]
      ],
      "width": 0.07004904001951218,
      "height": 0.019999999552965164,
      "depth": 0.009999999776482582,
      "object_id": -1,
      "frame": "RealSense D455 aligned color camera frame",
      "rank": 10,
      "distance_to_object_center": 0.03595026650299286
    },
    {
      "score": 0.18491792678833008,
      "translation_camera": [
        0.09384720027446747,
        0.024684883654117584,
        0.36400002241134644
      ],
      "rotation_matrix_camera": [
        [
          0.05689249932765961,
          -0.11523131281137466,
          -0.9917080998420715
        ],
        [
          -0.43903547525405884,
          0.8892316222190857,
          -0.1285107433795929
        ],
        [
          0.8966667056083679,
          0.44270631670951843,
          -1.9351308111481558e-08
        ]
      ],
      "width": 0.06967441737651825,
      "height": 0.019999999552965164,
      "depth": 0.009999999776482582,
      "object_id": -1,
      "frame": "RealSense D455 aligned color camera frame",
      "rank": 11,
      "distance_to_object_center": 0.04433736948275369
    },
    {
      "score": 0.17551395297050476,
      "translation_camera": [
        0.11681213974952698,
        0.006863823160529137,
        0.3710000216960907
      ],
      "rotation_matrix_camera": [
        [
          0.32332366704940796,
          -0.5531456470489502,
          -0.7677836418151855
        ],
        [
          -0.38744980096817017,
          0.6628532409667969,
          -0.6407091617584229
        ],
        [
          0.8633333444595337,
          0.5046340823173523,
          -2.2058255666479454e-08
        ]
      ],
      "width": 0.06836263835430145,
      "height": 0.019999999552965164,
      "depth": 0.019999999552965164,
      "object_id": -1,
      "frame": "RealSense D455 aligned color camera frame",
      "rank": 12,
      "distance_to_object_center": 0.04230486952066896
    },
    {
      "score": 0.17320586740970612,
      "translation_camera": [
        0.11968377232551575,
        -0.008474059402942657,
        0.3680000305175781
      ],
      "rotation_matrix_camera": [
        [
          0.4980229139328003,
          -0.6140506863594055,
          -0.6123030185699463
        ],
        [
          -0.3856969475746155,
          0.47555533051490784,
          -0.790623128414154
        ],
        [
          0.7766667008399963,
          0.6299118399620056,
          -2.7534321489497415e-08
        ]
      ],
      "width": 0.07130860537290573,
      "height": 0.019999999552965164,
      "depth": 0.019999999552965164,
      "object_id": -1,
      "frame": "RealSense D455 aligned color camera frame",
      "rank": 13,
      "distance_to_object_center": 0.03747687353719089
    },
    {
      "score": 0.16922248899936676,
      "translation_camera": [
        0.11426914483308792,
        0.004911332856863737,
        0.36900001764297485
      ],
      "rotation_matrix_camera": [
        [
          0.32332366704940796,
          -0.5531456470489502,
          -0.7677836418151855
        ],
        [
          -0.38744980096817017,
          0.6628532409667969,
          -0.6407091617584229
        ],
        [
          0.8633333444595337,
          0.5046340823173523,
          -2.2058255666479454e-08
        ]
      ],
      "width": 0.06968557089567184,
      "height": 0.019999999552965164,
      "depth": 0.019999999552965164,
      "object_id": -1,
      "frame": "RealSense D455 aligned color camera frame",
      "rank": 14,
      "distance_to_object_center": 0.03880218355656183
    },
    {
      "score": 0.16861575841903687,
      "translation_camera": [
        0.09856559336185455,
        0.01807151734828949,
        0.36400002241134644
      ],
      "rotation_matrix_camera": [
        [
          0.05689249932765961,
          -0.11523131281137466,
          -0.9917080998420715
        ],
        [
          -0.43903547525405884,
          0.8892316222190857,
          -0.1285107433795929
        ],
        [
          0.8966667056083679,
          0.44270631670951843,
          -1.9351308111481558e-08
        ]
      ],
      "width": 0.06920753419399261,
      "height": 0.019999999552965164,
      "depth": 0.009999999776482582,
      "object_id": -1,
      "frame": "RealSense D455 aligned color camera frame",
      "rank": 15,
      "distance_to_object_center": 0.03942105532362304
    },
    {
      "score": 0.16355769336223602,
      "translation_camera": [
        0.09101615846157074,
        0.025629650801420212,
        0.36400002241134644
      ],
      "rotation_matrix_camera": [
        [
          0.05689249932765961,
          -0.11523131281137466,
          -0.9917080998420715
        ],
        [
          -0.43903547525405884,
          0.8892316222190857,
          -0.1285107433795929
        ],
        [
          0.8966667056083679,
          0.44270631670951843,
          -1.9351308111481558e-08
        ]
      ],
      "width": 0.06936842203140259,
      "height": 0.019999999552965164,
      "depth": 0.009999999776482582,
      "object_id": -1,
      "frame": "RealSense D455 aligned color camera frame",
      "rank": 16,
      "distance_to_object_center": 0.04472316834604503
    },
    {
      "score": 0.1625037044286728,
      "translation_camera": [
        0.07766662538051605,
        -0.016652915626764297,
        0.359000027179718
      ],
      "rotation_matrix_camera": [
        [
          0.4980229139328003,
          -0.6140506863594055,
          -0.6123030185699463
        ],
        [
          -0.3856969475746155,
          0.47555533051490784,
          -0.790623128414154
        ],
        [
          0.7766667008399963,
          0.6299118399620056,
          -2.7534321489497415e-08
        ]
      ],
      "width": 0.07539330422878265,
      "height": 0.019999999552965164,
      "depth": 0.029999999329447746,
      "object_id": -1,
      "frame": "RealSense D455 aligned color camera frame",
      "rank": 17,
      "distance_to_object_center": 0.007657968057476559
    },
    {
      "score": 0.16221097111701965,
      "translation_camera": [
        0.09221247583627701,
        0.02854214794933796,
        0.36500000953674316
      ],
      "rotation_matrix_camera": [
        [
          0.05689249932765961,
          -0.11523131281137466,
          -0.9917080998420715
        ],
        [
          -0.43903547525405884,
          0.8892316222190857,
          -0.1285107433795929
        ],
        [
          0.8966667056083679,
          0.44270631670951843,
          -1.9351308111481558e-08
        ]
      ],
      "width": 0.06973212957382202,
      "height": 0.019999999552965164,
      "depth": 0.009999999776482582,
      "object_id": -1,
      "frame": "RealSense D455 aligned color camera frame",
      "rank": 18,
      "distance_to_object_center": 0.047824599400432745
    },
    {
      "score": 0.16050057113170624,
      "translation_camera": [
        0.08937366306781769,
        0.02854214794933796,
        0.36500000953674316
      ],
      "rotation_matrix_camera": [
        [
          0.05689249932765961,
          -0.11523131281137466,
          -0.9917080998420715
        ],
        [
          -0.43903547525405884,
          0.8892316222190857,
          -0.1285107433795929
        ],
        [
          0.8966667056083679,
          0.44270631670951843,
          -1.9351308111481558e-08
        ]
      ],
      "width": 0.06883509457111359,
      "height": 0.019999999552965164,
      "depth": 0.009999999776482582,
      "object_id": -1,
      "frame": "RealSense D455 aligned color camera frame",
      "rank": 19,
      "distance_to_object_center": 0.04741518640253526
    },
    {
      "score": 0.16013163328170776,
      "translation_camera": [
        0.09453047066926956,
        0.021790554746985435,
        0.3630000352859497
      ],
      "rotation_matrix_camera": [
        [
          0.05689249932765961,
          -0.11523131281137466,
          -0.9917080998420715
        ],
        [
          -0.43903547525405884,
          0.8892316222190857,
          -0.1285107433795929
        ],
        [
          0.8966667056083679,
          0.44270631670951843,
          -1.9351308111481558e-08
        ]
      ],
      "width": 0.06925959140062332,
      "height": 0.019999999552965164,
      "depth": 0.009999999776482582,
      "object_id": -1,
      "frame": "RealSense D455 aligned color camera frame",
      "rank": 20,
      "distance_to_object_center": 0.04167885548835412
    },
    {
      "score": 0.15945562720298767,
      "translation_camera": [
        0.08369603008031845,
        0.02380533702671528,
        0.36500000953674316
      ],
      "rotation_matrix_camera": [
        [
          0.05689249932765961,
          -0.11523131281137466,
          -0.9917080998420715
        ],
        [
          -0.43903547525405884,
          0.8892316222190857,
          -0.1285107433795929
        ],
        [
          0.8966667056083679,
          0.44270631670951843,
          -1.9351308111481558e-08
        ]
      ],
      "width": 0.06838931143283844,
      "height": 0.019999999552965164,
      "depth": 0.009999999776482582,
      "object_id": -1,
      "frame": "RealSense D455 aligned color camera frame",
      "rank": 21,
      "distance_to_object_center": 0.042369680688327346
    },
    {
      "score": 0.1572052240371704,
      "translation_camera": [
        0.11109732836484909,
        0.016359807923436165,
        0.3680000305175781
      ],
      "rotation_matrix_camera": [
        [
          0.32332366704940796,
          -0.5531456470489502,
          -0.7677836418151855
        ],
        [
          -0.38744980096817017,
          0.6628532409667969,
          -0.6407091617584229
        ],
        [
          0.8633333444595337,
          0.5046340823173523,
          -2.2058255666479454e-08
        ]
      ],
      "width": 0.07090070098638535,
      "height": 0.019999999552965164,
      "depth": 0.019999999552965164,
      "object_id": -1,
      "frame": "RealSense D455 aligned color camera frame",
      "rank": 22,
      "distance_to_object_center": 0.044493521111656394
    },
    {
      "score": 0.15646201372146606,
      "translation_camera": [
        0.09410502016544342,
        0.03138423338532448,
        0.36500000953674316
      ],
      "rotation_matrix_camera": [
        [
          0.05689249932765961,
          -0.11523131281137466,
          -0.9917080998420715
        ],
        [
          -0.43903547525405884,
          0.8892316222190857,
          -0.1285107433795929
        ],
        [
          0.8966667056083679,
          0.44270631670951843,
          -1.9351308111481558e-08
        ]
      ],
      "width": 0.06944599747657776,
      "height": 0.019999999552965164,
      "depth": 0.009999999776482582,
      "object_id": -1,
      "frame": "RealSense D455 aligned color camera frame",
      "rank": 23,
      "distance_to_object_center": 0.050967719123392104
    },
    {
      "score": 0.15484470129013062,
      "translation_camera": [
        0.08961852639913559,
        0.035270050168037415,
        0.3660000264644623
      ],
      "rotation_matrix_camera": [
        [
          0.05689249932765961,
          -0.11523131281137466,
          -0.9917080998420715
        ],
        [
          -0.43903547525405884,
          0.8892316222190857,
          -0.1285107433795929
        ],
        [
          0.8966667056083679,
          0.44270631670951843,
          -1.9351308111481558e-08
        ]
      ],
      "width": 0.06869091093540192,
      "height": 0.019999999552965164,
      "depth": 0.009999999776482582,
      "object_id": -1,
      "frame": "RealSense D455 aligned color camera frame",
      "rank": 24,
      "distance_to_object_center": 0.054170145357440025
    },
    {
      "score": 0.15387773513793945,
      "translation_camera": [
        0.11079542338848114,
        0.013457692228257656,
        0.367000013589859
      ],
      "rotation_matrix_camera": [
        [
          0.32332366704940796,
          -0.5531456470489502,
          -0.7677836418151855
        ],
        [
          -0.38744980096817017,
          0.6628532409667969,
          -0.6407091617584229
        ],
        [
          0.8633333444595337,
          0.5046340823173523,
          -2.2058255666479454e-08
        ]
      ],
      "width": 0.07273641228675842,
      "height": 0.019999999552965164,
      "depth": 0.019999999552965164,
      "object_id": -1,
      "frame": "RealSense D455 aligned color camera frame",
      "rank": 25,
      "distance_to_object_center": 0.04195652361634978
    },
    {
      "score": 0.1488526463508606,
      "translation_camera": [
        0.08818512409925461,
        0.024684883654117584,
        0.36400002241134644
      ],
      "rotation_matrix_camera": [
        [
          0.05689249932765961,
          -0.11523131281137466,
          -0.9917080998420715
        ],
        [
          -0.43903547525405884,
          0.8892316222190857,
          -0.1285107433795929
        ],
        [
          0.8966667056083679,
          0.44270631670951843,
          -1.9351308111481558e-08
        ]
      ],
      "width": 0.06916816532611847,
      "height": 0.019999999552965164,
      "depth": 0.009999999776482582,
      "object_id": -1,
      "frame": "RealSense D455 aligned color camera frame",
      "rank": 26,
      "distance_to_object_center": 0.0434223993090842
    },
    {
      "score": 0.1471298784017563,
      "translation_camera": [
        0.08653484284877777,
        0.026647422462701797,
        0.36500000953674316
      ],
      "rotation_matrix_camera": [
        [
          0.05689249932765961,
          -0.11523131281137466,
          -0.9917080998420715
        ],
        [
          -0.43903547525405884,
          0.8892316222190857,
          -0.1285107433795929
        ],
        [
          0.8966667056083679,
          0.44270631670951843,
          -1.9351308111481558e-08
        ]
      ],
      "width": 0.06886512041091919,
      "height": 0.019999999552965164,
      "depth": 0.009999999776482582,
      "object_id": -1,
      "frame": "RealSense D455 aligned color camera frame",
      "rank": 27,
      "distance_to_object_center": 0.04528342678434627
    },
    {
      "score": 0.14454104006290436,
      "translation_camera": [
        0.10647047311067581,
        -0.00645674392580986,
        0.3620000183582306
      ],
      "rotation_matrix_camera": [
        [
          0.4980229139328003,
          -0.6140506863594055,
          -0.6123030185699463
        ],
        [
          -0.3856969475746155,
          0.47555533051490784,
          -0.790623128414154
        ],
        [
          0.7766667008399963,
          0.6299118399620056,
          -2.7534321489497415e-08
        ]
      ],
      "width": 0.07815279066562653,
      "height": 0.019999999552965164,
      "depth": 0.029999999329447746,
      "object_id": -1,
      "frame": "RealSense D455 aligned color camera frame",
      "rank": 28,
      "distance_to_object_center": 0.025587510772359642
    },
    {
      "score": 0.14297130703926086,
      "translation_camera": [
        0.09170720726251602,
        0.022732727229595184,
        0.3630000352859497
      ],
      "rotation_matrix_camera": [
        [
          0.05689249932765961,
          -0.11523131281137466,
          -0.9917080998420715
        ],
        [
          -0.43903547525405884,
          0.8892316222190857,
          -0.1285107433795929
        ],
        [
          0.8966667056083679,
          0.44270631670951843,
          -1.9351308111481558e-08
        ]
      ],
      "width": 0.07044655829668045,
      "height": 0.019999999552965164,
      "depth": 0.009999999776482582,
      "object_id": -1,
      "frame": "RealSense D455 aligned color camera frame",
      "rank": 29,
      "distance_to_object_center": 0.04197684741948386
    },
    {
      "score": 0.14267326891422272,
      "translation_camera": [
        0.09358938038349152,
        0.018964041024446487,
        0.3630000352859497
      ],
      "rotation_matrix_camera": [
        [
          0.05689249932765961,
          -0.11523131281137466,
          -0.9917080998420715
        ],
        [
          -0.43903547525405884,
          0.8892316222190857,
          -0.1285107433795929
        ],
        [
          0.8966667056083679,
          0.44270631670951843,
          -1.9351308111481558e-08
        ]
      ],
      "width": 0.06932801008224487,
      "height": 0.019999999552965164,
      "depth": 0.009999999776482582,
      "object_id": -1,
      "frame": "RealSense D455 aligned color camera frame",
      "rank": 30,
      "distance_to_object_center": 0.03870638448355959
    },
    {
      "score": 0.1403399407863617,
      "translation_camera": [
        0.10083950310945511,
        -0.002698441268876195,
        0.3620000183582306
      ],
      "rotation_matrix_camera": [
        [
          0.4980229139328003,
          -0.6140506863594055,
          -0.6123030185699463
        ],
        [
          -0.3856969475746155,
          0.47555533051490784,
          -0.790623128414154
        ],
        [
          0.7766667008399963,
          0.6299118399620056,
          -2.7534321489497415e-08
        ]
      ],
      "width": 0.07722246646881104,
      "height": 0.019999999552965164,
      "depth": 0.029999999329447746,
      "object_id": -1,
      "frame": "RealSense D455 aligned color camera frame",
      "rank": 31,
      "distance_to_object_center": 0.023179728058233894
    },
    {
      "score": 0.13885653018951416,
      "translation_camera": [
        0.1117468848824501,
        0.00964747928082943,
        0.367000013589859
      ],
      "rotation_matrix_camera": [
        [
          0.32332366704940796,
          -0.5531456470489502,
          -0.7677836418151855
        ],
        [
          -0.38744980096817017,
          0.6628532409667969,
          -0.6407091617584229
        ],
        [
          0.8633333444595337,
          0.5046340823173523,
          -2.2058255666479454e-08
        ]
      ],
      "width": 0.07331302016973495,
      "height": 0.019999999552965164,
      "depth": 0.029999999329447746,
      "object_id": -1,
      "frame": "RealSense D455 aligned color camera frame",
      "rank": 32,
      "distance_to_object_center": 0.03979004477778454
    },
    {
      "score": 0.13393054902553558,
      "translation_camera": [
        0.08392533659934998,
        0.026720430701971054,
        0.3660000264644623
      ],
      "rotation_matrix_camera": [
        [
          0.05689249932765961,
          -0.11523131281137466,
          -0.9917080998420715
        ],
        [
          -0.43903547525405884,
          0.8892316222190857,
          -0.1285107433795929
        ],
        [
          0.8966667056083679,
          0.44270631670951843,
          -1.9351308111481558e-08
        ]
      ],
      "width": 0.06798221915960312,
      "height": 0.019999999552965164,
      "depth": 0.009999999776482582,
      "object_id": -1,
      "frame": "RealSense D455 aligned color camera frame",
      "rank": 33,
      "distance_to_object_center": 0.04533629101725373
    },
    {
      "score": 0.1318453848361969,
      "translation_camera": [
        0.09802402555942535,
        0.012334768660366535,
        0.3620000183582306
      ],
      "rotation_matrix_camera": [
        [
          0.32332366704940796,
          -0.5531456470489502,
          -0.7677836418151855
        ],
        [
          -0.38744980096817017,
          0.6628532409667969,
          -0.6407091617584229
        ],
        [
          0.8633333444595337,
          0.5046340823173523,
          -2.2058255666479454e-08
        ]
      ],
      "width": 0.08076148480176926,
      "height": 0.019999999552965164,
      "depth": 0.029999999329447746,
      "object_id": -1,
      "frame": "RealSense D455 aligned color camera frame",
      "rank": 34,
      "distance_to_object_center": 0.03393484068634437
    },
    {
      "score": 0.12587234377861023,
      "translation_camera": [
        0.11518073081970215,
        -0.06474324315786362,
        0.3570000231266022
      ],
      "rotation_matrix_camera": [
        [
          -0.01589503511786461,
          0.08596859127283096,
          -0.9961710572242737
        ],
        [
          -0.18111571669578552,
          0.9795682430267334,
          0.08742568641901016
        ],
        [
          0.9833333492279053,
          0.1818118691444397,
          -7.947249081041718e-09
        ]
      ],
      "width": 0.06034642085433006,
      "height": 0.019999999552965164,
      "depth": 0.009999999776482582,
      "object_id": -1,
      "frame": "RealSense D455 aligned color camera frame",
      "rank": 35,
      "distance_to_object_center": 0.05612318657200083
    },
    {
      "score": 0.12448272109031677,
      "translation_camera": [
        0.11861815303564072,
        -0.06603773683309555,
        0.359000027179718
      ],
      "rotation_matrix_camera": [
        [
          -0.01589503511786461,
          0.08596859127283096,
          -0.9961710572242737
        ],
        [
          -0.18111571669578552,
          0.9795682430267334,
          0.08742568641901016
        ],
        [
          0.9833333492279053,
          0.1818118691444397,
          -7.947249081041718e-09
        ]
      ],
      "width": 0.05957452952861786,
      "height": 0.019999999552965164,
      "depth": 0.009999999776482582,
      "object_id": -1,
      "frame": "RealSense D455 aligned color camera frame",
      "rank": 36,
      "distance_to_object_center": 0.05897338388193306
    },
    {
      "score": 0.12431903183460236,
      "translation_camera": [
        0.10669808089733124,
        0.013421022333204746,
        0.3660000264644623
      ],
      "rotation_matrix_camera": [
        [
          0.32332366704940796,
          -0.5531456470489502,
          -0.7677836418151855
        ],
        [
          -0.38744980096817017,
          0.6628532409667969,
          -0.6407091617584229
        ],
        [
          0.8633333444595337,
          0.5046340823173523,
          -2.2058255666479454e-08
        ]
      ],
      "width": 0.07422542572021484,
      "height": 0.019999999552965164,
      "depth": 0.029999999329447746,
      "object_id": -1,
      "frame": "RealSense D455 aligned color camera frame",
      "rank": 37,
      "distance_to_object_center": 0.039339581737542706
    },
    {
      "score": 0.12421771883964539,
      "translation_camera": [
        0.10859580338001251,
        0.011521107517182827,
        0.3660000264644623
      ],
      "rotation_matrix_camera": [
        [
          0.32332366704940796,
          -0.5531456470489502,
          -0.7677836418151855
        ],
        [
          -0.38744980096817017,
          0.6628532409667969,
          -0.6407091617584229
        ],
        [
          0.8633333444595337,
          0.5046340823173523,
          -2.2058255666479454e-08
        ]
      ],
      "width": 0.07501872628927231,
      "height": 0.019999999552965164,
      "depth": 0.029999999329447746,
      "object_id": -1,
      "frame": "RealSense D455 aligned color camera frame",
      "rank": 38,
      "distance_to_object_center": 0.0389857575234265
    },
    {
      "score": 0.12291793525218964,
      "translation_camera": [
        0.10480035096406937,
        0.01722085289657116,
        0.3660000264644623
      ],
      "rotation_matrix_camera": [
        [
          0.32332366704940796,
          -0.5531456470489502,
          -0.7677836418151855
        ],
        [
          -0.38744980096817017,
          0.6628532409667969,
          -0.6407091617584229
        ],
        [
          0.8633333444595337,
          0.5046340823173523,
          -2.2058255666479454e-08
        ]
      ],
      "width": 0.07410380244255066,
      "height": 0.019999999552965164,
      "depth": 0.029999999329447746,
      "object_id": -1,
      "frame": "RealSense D455 aligned color camera frame",
      "rank": 39,
      "distance_to_object_center": 0.04149607272095845
    },
    {
      "score": 0.121220164000988,
      "translation_camera": [
        0.1088925153017044,
        0.017267905175685883,
        0.367000013589859
      ],
      "rotation_matrix_camera": [
        [
          0.32332366704940796,
          -0.5531456470489502,
          -0.7677836418151855
        ],
        [
          -0.38744980096817017,
          0.6628532409667969,
          -0.6407091617584229
        ],
        [
          0.8633333444595337,
          0.5046340823173523,
          -2.2058255666479454e-08
        ]
      ],
      "width": 0.07175999879837036,
      "height": 0.019999999552965164,
      "depth": 0.019999999552965164,
      "object_id": -1,
      "frame": "RealSense D455 aligned color camera frame",
      "rank": 40,
      "distance_to_object_center": 0.04381646911980623
    },
    {
      "score": 0.12090406566858292,
      "translation_camera": [
        0.08937366306781769,
        0.032331597059965134,
        0.36500000953674316
      ],
      "rotation_matrix_camera": [
        [
          0.05689249932765961,
          -0.11523131281137466,
          -0.9917080998420715
        ],
        [
          -0.43903547525405884,
          0.8892316222190857,
          -0.1285107433795929
        ],
        [
          0.8966667056083679,
          0.44270631670951843,
          -1.9351308111481558e-08
        ]
      ],
      "width": 0.07053904980421066,
      "height": 0.019999999552965164,
      "depth": 0.009999999776482582,
      "object_id": -1,
      "frame": "RealSense D455 aligned color camera frame",
      "rank": 41,
      "distance_to_object_center": 0.051178242273528615
    },
    {
      "score": 0.1154007688164711,
      "translation_camera": [
        0.08487420529127121,
        0.029570303857326508,
        0.3660000264644623
      ],
      "rotation_matrix_camera": [
        [
          0.05689249932765961,
          -0.11523131281137466,
          -0.9917080998420715
        ],
        [
          -0.43903547525405884,
          0.8892316222190857,
          -0.1285107433795929
        ],
        [
          0.8966667056083679,
          0.44270631670951843,
          -1.9351308111481558e-08
        ]
      ],
      "width": 0.06775487959384918,
      "height": 0.019999999552965164,
      "depth": 0.009999999776482582,
      "object_id": -1,
      "frame": "RealSense D455 aligned color camera frame",
      "rank": 42,
      "distance_to_object_center": 0.0481896296138203
    },
    {
      "score": 0.1135890781879425,
      "translation_camera": [
        0.10318377614021301,
        0.03917662799358368,
        0.367000013589859
      ],
      "rotation_matrix_camera": [
        [
          -0.1557886302471161,
          0.9057342410087585,
          0.39417678117752075
        ],
        [
          -0.33291125297546387,
          -0.4238460063934326,
          0.8423328399658203
        ],
        [
          0.9300000071525574,
          0.0,
          0.3675594925880432
        ]
      ],
      "width": 0.0835212767124176,
      "height": 0.019999999552965164,
      "depth": 0.019999999552965164,
      "object_id": -1,
      "frame": "RealSense D455 aligned color camera frame",
      "rank": 43,
      "distance_to_object_center": 0.060953946196803374
    },
    {
      "score": 0.11263775825500488,
      "translation_camera": [
        0.05702760070562363,
        -0.023707512766122818,
        0.484000027179718
      ],
      "rotation_matrix_camera": [
        [
          -0.02387956529855728,
          -0.004959153011441231,
          -0.9997025728225708
        ],
        [
          -0.9788183569908142,
          -0.20327284932136536,
          0.024389071390032768
        ],
        [
          -0.20333333313465118,
          0.9791096448898315,
          -4.2798241395303194e-08
        ]
      ],
      "width": 0.04692709073424339,
      "height": 0.019999999552965164,
      "depth": 0.009999999776482582,
      "object_id": -1,
      "frame": "RealSense D455 aligned color camera frame",
      "rank": 44,
      "distance_to_object_center": 0.1240622142307728
    },
    {
      "score": 0.11196636408567429,
      "translation_camera": [
        0.08606068789958954,
        0.018964041024446487,
        0.3630000352859497
      ],
      "rotation_matrix_camera": [
        [
          0.05689249932765961,
          -0.11523131281137466,
          -0.9917080998420715
        ],
        [
          -0.43903547525405884,
          0.8892316222190857,
          -0.1285107433795929
        ],
        [
          0.8966667056083679,
          0.44270631670951843,
          -1.9351308111481558e-08
        ]
      ],
      "width": 0.06921873986721039,
      "height": 0.019999999552965164,
      "depth": 0.009999999776482582,
      "object_id": -1,
      "frame": "RealSense D455 aligned color camera frame",
      "rank": 45,
      "distance_to_object_center": 0.03754131333748231
    },
    {
      "score": 0.11186648905277252,
      "translation_camera": [
        0.05788386985659599,
        0.01599070616066456,
        0.38200002908706665
      ],
      "rotation_matrix_camera": [
        [
          -0.34101662039756775,
          0.6214070320129395,
          -0.7053799033164978
        ],
        [
          -0.33935707807540894,
          0.6183831095695496,
          0.708829402923584
        ],
        [
          0.8766666650772095,
          0.4810982644557953,
          -2.102947327387028e-08
        ]
      ],
      "width": 0.06906390190124512,
      "height": 0.019999999552965164,
      "depth": 0.019999999552965164,
      "object_id": -1,
      "frame": "RealSense D455 aligned color camera frame",
      "rank": 46,
      "distance_to_object_center": 0.047221866612322354
    },
    {
      "score": 0.11004246026277542,
      "translation_camera": [
        0.0571913979947567,
        0.021057812497019768,
        0.3840000331401825
      ],
      "rotation_matrix_camera": [
        [
          -0.34101662039756775,
          0.6214070320129395,
          -0.7053799033164978
        ],
        [
          -0.33935707807540894,
          0.6183831095695496,
          0.708829402923584
        ],
        [
          0.8766666650772095,
          0.4810982644557953,
          -2.102947327387028e-08
        ]
      ],
      "width": 0.06768795847892761,
      "height": 0.019999999552965164,
      "depth": 0.019999999552965164,
      "object_id": -1,
      "frame": "RealSense D455 aligned color camera frame",
      "rank": 47,
      "distance_to_object_center": 0.05217115282167776
    },
    {
      "score": 0.10605950653553009,
      "translation_camera": [
        0.12404493242502213,
        -0.06128888577222824,
        0.36400002241134644
      ],
      "rotation_matrix_camera": [
        [
          -0.01589503511786461,
          0.08596859127283096,
          -0.9961710572242737
