{
  "success": true,
  "method": "graspnet_baseline_d455",
  "num_candidates": 415,
  "object_center_camera": [
    -0.020294540095247685,
    -0.036580763237620675,
    0.39000001549720764
  ],
  "candidates": [
    {
      "score": 0.5215415954589844,
      "translation_camera": [
        -0.008777215145528316,
        -0.07693418860435486,
        0.3960000276565552
      ],
      "rotation_matrix_camera": [
        [
          0.6540746092796326,
          -0.6235225796699524,
          -0.42825937271118164
        ],
        [
          -0.309978187084198,
          0.2954989969730377,
          -0.9036558270454407
        ],
        [
          0.690000057220459,
          0.7238094210624695,
          -3.1638712982839934e-08
        ]
      ],
      "width": 0.0732172429561615,
      "height": 0.019999999552965164,
      "depth": 0.019999999552965164,
      "object_id": -1,
      "frame": "RealSense D455 aligned color camera frame",
      "rank": 0,
      "distance_to_object_center": 0.042391601275940646
    },
    {
      "score": 0.5195008516311646,
      "translation_camera": [
        -0.013979264535009861,
        -0.06906088441610336,
        0.398000031709671
      ],
      "rotation_matrix_camera": [
        [
          0.6540746092796326,
          -0.6235225796699524,
          -0.42825937271118164
        ],
        [
          -0.309978187084198,
          0.2954989969730377,
          -0.9036558270454407
        ],
        [
          0.690000057220459,
          0.7238094210624695,
          -3.1638712982839934e-08
        ]
      ],
      "width": 0.06429684907197952,
      "height": 0.019999999552965164,
      "depth": 0.029999999329447746,
      "object_id": -1,
      "frame": "RealSense D455 aligned color camera frame",
      "rank": 1,
      "distance_to_object_center": 0.034041757248566555
    },
    {
      "score": 0.5117307305335999,
      "translation_camera": [
        -0.010884633287787437,
        -0.06802815198898315,
        0.398000031709671
      ],
      "rotation_matrix_camera": [
        [
          0.6540746092796326,
          -0.6235225796699524,
          -0.42825937271118164
        ],
        [
          -0.309978187084198,
          0.2954989969730377,
          -0.9036558270454407
        ],
        [
          0.690000057220459,
          0.7238094210624695,
          -3.1638712982839934e-08
        ]
      ],
      "width": 0.0662444531917572,
      "height": 0.019999999552965164,
      "depth": 0.019999999552965164,
      "object_id": -1,
      "frame": "RealSense D455 aligned color camera frame",
      "rank": 2,
      "distance_to_object_center": 0.03378586782671244
    },
    {
      "score": 0.48841801285743713,
      "translation_camera": [
        -0.011916176415979862,
        -0.07112634927034378,
        0.398000031709671
      ],
      "rotation_matrix_camera": [
        [
          0.6540746092796326,
          -0.6235225796699524,
          -0.42825937271118164
        ],
        [
          -0.309978187084198,
          0.2954989969730377,
          -0.9036558270454407
        ],
        [
          0.690000057220459,
          0.7238094210624695,
          -3.1638712982839934e-08
        ]
      ],
      "width": 0.06930912286043167,
      "height": 0.019999999552965164,
      "depth": 0.019999999552965164,
      "object_id": -1,
      "frame": "RealSense D455 aligned color camera frame",
      "rank": 3,
      "distance_to_object_center": 0.03643617366966549
    },
    {
      "score": 0.48807385563850403,
      "translation_camera": [
        -0.013909016735851765,
        -0.0717964693903923,
        0.3960000276565552
      ],
      "rotation_matrix_camera": [
        [
          0.6540746092796326,
          -0.6235225796699524,
          -0.42825937271118164
        ],
        [
          -0.309978187084198,
          0.2954989969730377,
          -0.9036558270454407
        ],
        [
          0.690000057220459,
          0.7238094210624695,
          -3.1638712982839934e-08
        ]
      ],
      "width": 0.07291524112224579,
      "height": 0.019999999552965164,
      "depth": 0.029999999329447746,
      "object_id": -1,
      "frame": "RealSense D455 aligned color camera frame",
      "rank": 4,
      "distance_to_object_center": 0.036289406364999506
    },
    {
      "score": 0.4822353720664978,
      "translation_camera": [
        -0.01596173644065857,
        -0.06665875762701035,
        0.3960000276565552
      ],
      "rotation_matrix_camera": [
        [
          0.6540746092796326,
          -0.6235225796699524,
          -0.42825937271118164
        ],
        [
          -0.309978187084198,
          0.2954989969730377,
          -0.9036558270454407
        ],
        [
          0.690000057220459,
          0.7238094210624695,
          -3.1638712982839934e-08
        ]
      ],
      "width": 0.06262622028589249,
      "height": 0.019999999552965164,
      "depth": 0.029999999329447746,
      "object_id": -1,
      "frame": "RealSense D455 aligned color camera frame",
      "rank": 5,
      "distance_to_object_center": 0.03097513647927472
    },
    {
      "score": 0.4770459234714508,
      "translation_camera": [
        -0.008843709714710712,
        -0.07026972621679306,
        0.39900001883506775
      ],
      "rotation_matrix_camera": [
        [
          0.6540746092796326,
          -0.6235225796699524,
          -0.42825937271118164
        ],
        [
          -0.309978187084198,
          0.2954989969730377,
          -0.9036558270454407
        ],
        [
          0.690000057220459,
          0.7238094210624695,
          -3.1638712982839934e-08
        ]
      ],
      "width": 0.06609414517879486,
      "height": 0.019999999552965164,
      "depth": 0.019999999552965164,
      "object_id": -1,
      "frame": "RealSense D455 aligned color camera frame",
      "rank": 6,
      "distance_to_object_center": 0.03670242230558317
    },
    {
      "score": 0.47044098377227783,
      "translation_camera": [
        -0.012882656417787075,
        -0.0656312108039856,
        0.3960000276565552
      ],
      "rotation_matrix_camera": [
        [
          0.6540746092796326,
          -0.6235225796699524,
          -0.42825937271118164
        ],
        [
          -0.309978187084198,
          0.2954989969730377,
          -0.9036558270454407
        ],
        [
          0.690000057220459,
          0.7238094210624695,
          -3.1638712982839934e-08
        ]
      ],
      "width": 0.06426607817411423,
      "height": 0.019999999552965164,
      "depth": 0.029999999329447746,
      "object_id": -1,
      "frame": "RealSense D455 aligned color camera frame",
      "rank": 7,
      "distance_to_object_center": 0.03057555673028118
    },
    {
      "score": 0.4628676772117615,
      "translation_camera": [
        -0.01698809675872326,
        -0.06871384382247925,
        0.3960000276565552
      ],
      "rotation_matrix_camera": [
        [
          0.6540746092796326,
          -0.6235225796699524,
          -0.42825937271118164
        ],
        [
          -0.309978187084198,
          0.2954989969730377,
          -0.9036558270454407
        ],
        [
          0.690000057220459,
          0.7238094210624695,
          -3.1638712982839934e-08
        ]
      ],
      "width": 0.06333134323358536,
      "height": 0.019999999552965164,
      "depth": 0.029999999329447746,
      "object_id": -1,
      "frame": "RealSense D455 aligned color camera frame",
      "rank": 8,
      "distance_to_object_center": 0.03285525195951144
    },
    {
      "score": 0.46055734157562256,
      "translation_camera": [
        -0.008843709714710712,
        -0.07337570935487747,
        0.39900001883506775
      ],
      "rotation_matrix_camera": [
        [
          0.6540746092796326,
          -0.6235225796699524,
          -0.42825937271118164
        ],
        [
          -0.309978187084198,
          0.2954989969730377,
          -0.9036558270454407
        ],
        [
          0.690000057220459,
          0.7238094210624695,
          -3.1638712982839934e-08
        ]
      ],
      "width": 0.06911070644855499,
      "height": 0.019999999552965164,
      "depth": 0.019999999552965164,
      "object_id": -1,
      "frame": "RealSense D455 aligned color camera frame",
      "rank": 9,
      "distance_to_object_center": 0.039572586929049164
    },
    {
      "score": 0.45420005917549133,
      "translation_camera": [
        -0.020269878208637238,
        -0.09120429307222366,
        0.40000003576278687
      ],
      "rotation_matrix_camera": [
        [
          0.5313771963119507,
          -0.7907350063323975,
          -0.3039349615573883
        ],
        [
          -0.16952382028102875,
          0.2522660195827484,
          -0.9526927471160889
        ],
        [
          0.8300000429153442,
          0.557763397693634,
          -2.4380613083963e-08
        ]
      ],
      "width": 0.06987345218658447,
      "height": 0.019999999552965164,
      "depth": 0.019999999552965164,
      "object_id": -1,
      "frame": "RealSense D455 aligned color camera frame",
      "rank": 10,
      "distance_to_object_center": 0.055531351731363504
    },
    {
      "score": 0.45337027311325073,
      "translation_camera": [
        -0.019040817394852638,
        -0.0656312108039856,
        0.3960000276565552
      ],
      "rotation_matrix_camera": [
        [
          0.6540746092796326,
          -0.6235225796699524,
          -0.42825937271118164
        ],
        [
          -0.309978187084198,
          0.2954989969730377,
          -0.9036558270454407
        ],
        [
          0.690000057220459,
          0.7238094210624695,
          -3.1638712982839934e-08
        ]
      ],
      "width": 0.06057737395167351,
      "height": 0.019999999552965164,
      "depth": 0.029999999329447746,
      "object_id": -1,
      "frame": "RealSense D455 aligned color camera frame",
      "rank": 11,
      "distance_to_object_center": 0.02969007359923383
    },
    {
      "score": 0.444541871547699,
      "translation_camera": [
        -0.007770427968353033,
        -0.06682708114385605,
        0.3970000147819519
      ],
      "rotation_matrix_camera": [
        [
          0.6540746092796326,
          -0.6235225796699524,
          -0.42825937271118164
        ],
        [
          -0.309978187084198,
          0.2954989969730377,
          -0.9036558270454407
        ],
        [
          0.690000057220459,
          0.7238094210624695,
          -3.1638712982839934e-08
        ]
      ],
      "width": 0.06422975659370422,
      "height": 0.019999999552965164,
      "depth": 0.019999999552965164,
      "object_id": -1,
      "frame": "RealSense D455 aligned color camera frame",
      "rank": 12,
      "distance_to_object_center": 0.033476754941877275
    },
    {
      "score": 0.4409868121147156,
      "translation_camera": [
        -0.021146804094314575,
        -0.06682708114385605,
        0.3970000147819519
      ],
      "rotation_matrix_camera": [
        [
          0.6540746092796326,
          -0.6235225796699524,
          -0.42825937271118164
        ],
        [
          -0.309978187084198,
          0.2954989969730377,
          -0.9036558270454407
        ],
        [
          0.690000057220459,
          0.7238094210624695,
          -3.1638712982839934e-08
        ]
      ],
      "width": 0.05914097651839256,
      "height": 0.019999999552965164,
      "depth": 0.029999999329447746,
      "object_id": -1,
      "frame": "RealSense D455 aligned color camera frame",
      "rank": 13,
      "distance_to_object_center": 0.03105746433300021
    },
    {
      "score": 0.4222792685031891,
      "translation_camera": [
        -0.005741302389651537,
        -0.07026972621679306,
        0.39900001883506775
      ],
      "rotation_matrix_camera": [
        [
          0.6540746092796326,
          -0.6235225796699524,
          -0.42825937271118164
        ],
        [
          -0.309978187084198,
          0.2954989969730377,
          -0.9036558270454407
        ],
        [
          0.690000057220459,
          0.7238094210624695,
          -3.1638712982839934e-08
        ]
      ],
      "width": 0.06487199664115906,
      "height": 0.019999999552965164,
      "depth": 0.019999999552965164,
      "object_id": -1,
      "frame": "RealSense D455 aligned color camera frame",
      "rank": 14,
      "distance_to_object_center": 0.03778548682244449
    },
    {
      "score": 0.4213346540927887,
      "translation_camera": [
        -0.020067177712917328,
        -0.0697413831949234,
        0.3960000276565552
      ],
      "rotation_matrix_camera": [
        [
          0.6540746092796326,
          -0.6235225796699524,
          -0.42825937271118164
        ],
        [
          -0.309978187084198,
          0.2954989969730377,
          -0.9036558270454407
        ],
        [
          0.690000057220459,
          0.7238094210624695,
          -3.1638712982839934e-08
        ]
      ],
      "width": 0.06487442553043365,
      "height": 0.019999999552965164,
      "depth": 0.029999999329447746,
      "object_id": -1,
      "frame": "RealSense D455 aligned color camera frame",
      "rank": 15,
      "distance_to_object_center": 0.033699830200134256
    },
    {
      "score": 0.4135453701019287,
      "translation_camera": [
        -0.017923476174473763,
        -0.07041151076555252,
        0.39400002360343933
      ],
      "rotation_matrix_camera": [
        [
          0.6540746092796326,
          -0.6235225796699524,
          -0.42825937271118164
        ],
        [
          -0.309978187084198,
          0.2954989969730377,
          -0.9036558270454407
        ],
        [
          0.690000057220459,
          0.7238094210624695,
          -3.1638712982839934e-08
        ]
      ],
      "width": 0.06955976784229279,
      "height": 0.019999999552965164,
      "depth": 0.029999999329447746,
      "object_id": -1,
      "frame": "RealSense D455 aligned color camera frame",
      "rank": 16,
      "distance_to_object_center": 0.034148813848580185
    },
    {
      "score": 0.39950770139694214,
      "translation_camera": [
        -0.006775437854230404,
        -0.07234038412570953,
        0.39900001883506775
      ],
      "rotation_matrix_camera": [
        [
          0.6540746092796326,
          -0.6235225796699524,
          -0.42825937271118164
        ],
        [
          -0.309978187084198,
          0.2954989969730377,
          -0.9036558270454407
        ],
        [
          0.690000057220459,
          0.7238094210624695,
          -3.1638712982839934e-08
        ]
      ],
      "width": 0.06697260588407516,
      "height": 0.019999999552965164,
      "depth": 0.019999999552965164,
      "object_id": -1,
      "frame": "RealSense D455 aligned color camera frame",
      "rank": 17,
      "distance_to_object_center": 0.0392748860156769
    },
    {
      "score": 0.39930474758148193,
      "translation_camera": [
        -0.004695369396358728,
        -0.06802815198898315,
        0.398000031709671
      ],
      "rotation_matrix_camera": [
        [
          0.6540746092796326,
          -0.6235225796699524,
          -0.42825937271118164
        ],
        [
          -0.309978187084198,
          0.2954989969730377,
          -0.9036558270454407
        ],
        [
          0.690000057220459,
          0.7238094210624695,
          -3.1638712982839934e-08
        ]
      ],
      "width": 0.0639466792345047,
      "height": 0.019999999552965164,
      "depth": 0.019999999552965164,
      "object_id": -1,
      "frame": "RealSense D455 aligned color camera frame",
      "rank": 18,
      "distance_to_object_center": 0.03600378653936377
    },
    {
      "score": 0.38957324624061584,
      "translation_camera": [
        -0.011796415783464909,
        -0.06325503438711166,
        0.39400002360343933
      ],
      "rotation_matrix_camera": [
        [
          0.6540746092796326,
          -0.6235225796699524,
          -0.42825937271118164
        ],
        [
          -0.309978187084198,
          0.2954989969730377,
          -0.9036558270454407
        ],
        [
          0.690000057220459,
          0.7238094210624695,
          -3.1638712982839934e-08
        ]
      ],
      "width": 0.06096156686544418,
      "height": 0.019999999552965164,
      "depth": 0.029999999329447746,
      "object_id": -1,
      "frame": "RealSense D455 aligned color camera frame",
      "rank": 19,
      "distance_to_object_center": 0.02827958491606622
    },
    {
      "score": 0.38607358932495117,
      "translation_camera": [
        -0.00675845704972744,
        -0.07525727897882462,
        0.398000031709671
      ],
      "rotation_matrix_camera": [
        [
          0.6540746092796326,
          -0.6235225796699524,
          -0.42825937271118164
        ],
        [
          -0.309978187084198,
          0.2954989969730377,
          -0.9036558270454407
        ],
        [
          0.690000057220459,
          0.7238094210624695,
          -3.1638712982839934e-08
        ]
      ],
      "width": 0.06866943836212158,
      "height": 0.019999999552965164,
      "depth": 0.019999999552965164,
      "object_id": -1,
      "frame": "RealSense D455 aligned color camera frame",
      "rank": 20,
      "distance_to_object_center": 0.04175043321325533
    },
    {
      "score": 0.3754894733428955,
      "translation_camera": [
        -0.0036454142536967993,
        -0.0656312108039856,
        0.3960000276565552
      ],
      "rotation_matrix_camera": [
        [
          0.6540746092796326,
          -0.6235225796699524,
          -0.42825937271118164
        ],
        [
          -0.309978187084198,
          0.2954989969730377,
          -0.9036558270454407
        ],
        [
          0.690000057220459,
          0.7238094210624695,
          -3.1638712982839934e-08
        ]
      ],
      "width": 0.06327380239963531,
      "height": 0.019999999552965164,
      "depth": 0.019999999552965164,
      "object_id": -1,
      "frame": "RealSense D455 aligned color camera frame",
      "rank": 21,
      "distance_to_object_center": 0.03401649660100572
    },
    {
      "score": 0.36043357849121094,
      "translation_camera": [
        -0.014859945513308048,
        -0.06223268061876297,
        0.39400002360343933
      ],
      "rotation_matrix_camera": [
        [
          0.4980229139328003,
          -0.6140506863594055,
          -0.6123030185699463
        ],
        [
          -0.3856969475746155,
          0.47555533051490784,
          -0.790623128414154
        ],
        [
          0.7766667008399963,
          0.6299118399620056,
          -2.7534321489497415e-08
        ]
      ],
      "width": 0.06736122071743011,
      "height": 0.019999999552965164,
      "depth": 0.029999999329447746,
      "object_id": -1,
      "frame": "RealSense D455 aligned color camera frame",
      "rank": 22,
      "distance_to_object_center": 0.02652462532155576
    },
    {
      "score": 0.35114479064941406,
      "translation_camera": [
        -0.015881123021245003,
        -0.06427738815546036,
        0.39400002360343933
      ],
      "rotation_matrix_camera": [
        [
          0.4980229139328003,
          -0.6140506863594055,
          -0.6123030185699463
        ],
        [
          -0.3856969475746155,
          0.47555533051490784,
          -0.790623128414154
        ],
        [
          0.7766667008399963,
          0.6299118399620056,
          -2.7534321489497415e-08
        ]
      ],
      "width": 0.06707936525344849,
      "height": 0.019999999552965164,
      "depth": 0.029999999329447746,
      "object_id": -1,
      "frame": "RealSense D455 aligned color camera frame",
      "rank": 23,
      "distance_to_object_center": 0.028329866695036097
    },
    {
      "score": 0.3441016376018524,
      "translation_camera": [
        -0.017116794362664223,
        -0.09201160818338394,
        0.39900001883506775
      ],
      "rotation_matrix_camera": [
        [
          0.5313771963119507,
          -0.7907350063323975,
          -0.3039349615573883
        ],
        [
          -0.16952382028102875,
          0.2522660195827484,
          -0.9526927471160889
        ],
        [
          0.8300000429153442,
          0.557763397693634,
          -2.4380613083963e-08
        ]
      ],
      "width": 0.07200372219085693,
      "height": 0.019999999552965164,
      "depth": 0.019999999552965164,
      "object_id": -1,
      "frame": "RealSense D455 aligned color camera frame",
      "rank": 24,
      "distance_to_object_center": 0.056246570557001024
    },
    {
      "score": 0.3364172875881195,
      "translation_camera": [
        -0.022399190813302994,
        -0.09351333230733871,
        0.4010000228881836
      ],
      "rotation_matrix_camera": [
        [
          0.4980229139328003,
          -0.6140506863594055,
          -0.6123030185699463
        ],
        [
          -0.3856969475746155,
          0.47555533051490784,
          -0.790623128414154
        ],
        [
          0.7766667008399963,
          0.6299118399620056,
          -2.7534321489497415e-08
        ]
      ],
      "width": 0.06787347793579102,
      "height": 0.019999999552965164,
      "depth": 0.019999999552965164,
      "object_id": -1,
      "frame": "RealSense D455 aligned color camera frame",
      "rank": 25,
      "distance_to_object_center": 0.05802367739229177
    },
    {
      "score": 0.33538687229156494,
      "translation_camera": [
        -0.02411157637834549,
        -0.06854031980037689,
        0.39500001072883606
      ],
      "rotation_matrix_camera": [
        [
          0.6540746092796326,
          -0.6235225796699524,
          -0.42825937271118164
        ],
        [
          -0.309978187084198,
          0.2954989969730377,
          -0.9036558270454407
        ],
        [
          0.690000057220459,
          0.7238094210624695,
          -3.1638712982839934e-08
        ]
      ],
      "width": 0.0642949640750885,
      "height": 0.019999999552965164,
      "depth": 0.029999999329447746,
      "object_id": -1,
      "frame": "RealSense D455 aligned color camera frame",
      "rank": 26,
      "distance_to_object_center": 0.03257273359714849
    },
    {
      "score": 0.3345423638820648,
      "translation_camera": [
        -0.013803645968437195,
        -0.08858846127986908,
        0.3930000364780426
      ],
      "rotation_matrix_camera": [
        [
          0.4980229139328003,
          -0.6140506863594055,
          -0.6123030185699463
        ],
        [
          -0.3856969475746155,
          0.47555533051490784,
          -0.790623128414154
        ],
        [
          0.7766667008399963,
          0.6299118399620056,
          -2.7534321489497415e-08
        ]
      ],
      "width": 0.07233995199203491,
      "height": 0.019999999552965164,
      "depth": 0.019999999552965164,
      "object_id": -1,
      "frame": "RealSense D455 aligned color camera frame",
      "rank": 27,
      "distance_to_object_center": 0.0524969759900949
    },
    {
      "score": 0.3308316767215729,
      "translation_camera": [
        -0.024416787549853325,
        -0.09431806206703186,
        0.40000003576278687
      ],
      "rotation_matrix_camera": [
        [
          0.4980229139328003,
          -0.6140506863594055,
          -0.6123030185699463
        ],
        [
          -0.3856969475746155,
          0.47555533051490784,
          -0.790623128414154
        ],
        [
          0.7766667008399963,
          0.6299118399620056,
          -2.7534321489497415e-08
        ]
      ],
      "width": 0.0662805363535881,
      "height": 0.019999999552965164,
      "depth": 0.019999999552965164,
      "object_id": -1,
      "frame": "RealSense D455 aligned color camera frame",
      "rank": 28,
      "distance_to_object_center": 0.05874171435620282
    },
    {
      "score": 0.3251160979270935,
      "translation_camera": [
        -0.022970909252762794,
        -0.0702328011393547,
        0.3930000364780426
      ],
      "rotation_matrix_camera": [
        [
          0.6540746092796326,
          -0.6235225796699524,
          -0.42825937271118164
        ],
        [
          -0.309978187084198,
          0.2954989969730377,
          -0.9036558270454407
        ],
        [
          0.690000057220459,
          0.7238094210624695,
          -3.1638712982839934e-08
        ]
      ],
      "width": 0.07046665251255035,
      "height": 0.019999999552965164,
      "depth": 0.029999999329447746,
      "object_id": -1,
      "frame": "RealSense D455 aligned color camera frame",
      "rank": 29,
      "distance_to_object_center": 0.03389133713344004
    },
    {
      "score": 0.3231819272041321,
      "translation_camera": [
        -0.018241912126541138,
        -0.09247281402349472,
        0.4010000228881836
      ],
      "rotation_matrix_camera": [
        [
          0.5313771963119507,
          -0.7907350063323975,
          -0.3039349615573883
        ],
        [
          -0.16952382028102875,
          0.2522660195827484,
          -0.9526927471160889
        ],
        [
          0.8300000429153442,
          0.557763397693634,
          -2.4380613083963e-08
        ]
      ],
      "width": 0.07068077474832535,
      "height": 0.019999999552965164,
      "depth": 0.009999999776482582,
      "object_id": -1,
      "frame": "RealSense D455 aligned color camera frame",
      "rank": 30,
      "distance_to_object_center": 0.05700118231431841
    },
    {
      "score": 0.3116602301597595,
      "translation_camera": [
        -0.02332160808146,
        -0.0909762755036354,
        0.39900001883506775
      ],
      "rotation_matrix_camera": [
        [
          0.4980229139328003,
          -0.6140506863594055,
          -0.6123030185699463
        ],
        [
          -0.3856969475746155,
          0.47555533051490784,
          -0.790623128414154
        ],
        [
          0.7766667008399963,
          0.6299118399620056,
          -2.7534321489497415e-08
        ]
      ],
      "width": 0.06904295831918716,
      "height": 0.019999999552965164,
      "depth": 0.019999999552965164,
      "object_id": -1,
      "frame": "RealSense D455 aligned color camera frame",
      "rank": 31,
      "distance_to_object_center": 0.055218067291030785
    },
    {
      "score": 0.3091996908187866,
      "translation_camera": [
        -0.026424016803503036,
        -0.09304693341255188,
        0.39900001883506775
      ],
      "rotation_matrix_camera": [
        [
          0.4980229139328003,
          -0.6140506863594055,
          -0.6123030185699463
        ],
        [
          -0.3856969475746155,
          0.47555533051490784,
          -0.790623128414154
        ],
        [
          0.7766667008399963,
          0.6299118399620056,
          -2.7534321489497415e-08
        ]
      ],
      "width": 0.06718682497739792,
      "height": 0.019999999552965164,
      "depth": 0.019999999552965164,
      "object_id": -1,
      "frame": "RealSense D455 aligned color camera frame",
      "rank": 32,
      "distance_to_object_center": 0.05750651197058319
    },
    {
      "score": 0.30406859517097473,
      "translation_camera": [
        -0.022399190813302994,
        -0.0966348871588707,
        0.4010000228881836
      ],
      "rotation_matrix_camera": [
        [
          0.4980229139328003,
          -0.6140506863594055,
          -0.6123030185699463
        ],
        [
          -0.3856969475746155,
          0.47555533051490784,
          -0.790623128414154
        ],
        [
          0.7766667008399963,
          0.6299118399620056,
          -2.7534321489497415e-08
        ]
      ],
      "width": 0.06310286372900009,
      "height": 0.019999999552965164,
      "depth": 0.019999999552965164,
      "object_id": -1,
      "frame": "RealSense D455 aligned color camera frame",
      "rank": 33,
      "distance_to_object_center": 0.06108950414920218
    },
    {
      "score": 0.29981231689453125,
      "translation_camera": [
        -0.00470716692507267,
        -0.07337570935487747,
        0.39900001883506775
      ],
      "rotation_matrix_camera": [
        [
          0.6540746092796326,
          -0.6235225796699524,
          -0.42825937271118164
        ],
        [
          -0.309978187084198,
          0.2954989969730377,
          -0.9036558270454407
        ],
        [
          0.690000057220459,
          0.7238094210624695,
          -3.1638712982839934e-08
        ]
      ],
      "width": 0.06538980454206467,
      "height": 0.019999999552965164,
      "depth": 0.019999999552965164,
      "object_id": -1,
      "frame": "RealSense D455 aligned color camera frame",
      "rank": 34,
      "distance_to_object_center": 0.040961375980301445
    },
    {
      "score": 0.297965407371521,
      "translation_camera": [
        -0.0005691938567906618,
        -0.06699541956186295,
        0.398000031709671
      ],
      "rotation_matrix_camera": [
        [
          0.6540746092796326,
          -0.6235225796699524,
          -0.42825937271118164
        ],
        [
          -0.309978187084198,
          0.2954989969730377,
          -0.9036558270454407
        ],
        [
          0.690000057220459,
          0.7238094210624695,
          -3.1638712982839934e-08
        ]
      ],
      "width": 0.06129581481218338,
      "height": 0.019999999552965164,
      "depth": 0.019999999552965164,
      "object_id": -1,
      "frame": "RealSense D455 aligned color camera frame",
      "rank": 35,
      "distance_to_object_center": 0.03712331966498225
    },
    {
      "score": 0.2968669533729553,
      "translation_camera": [
        -0.0016047597164288163,
        -0.06923440098762512,
        0.39900001883506775
      ],
      "rotation_matrix_camera": [
        [
          0.6540746092796326,
          -0.6235225796699524,
          -0.42825937271118164
        ],
        [
          -0.309978187084198,
          0.2954989969730377,
          -0.9036558270454407
        ],
        [
          0.690000057220459,
          0.7238094210624695,
          -3.1638712982839934e-08
        ]
      ],
      "width": 0.06009475514292717,
      "height": 0.019999999552965164,
      "depth": 0.019999999552965164,
      "object_id": -1,
      "frame": "RealSense D455 aligned color camera frame",
      "rank": 36,
      "distance_to_object_center": 0.03868550127629848
    },
    {
      "score": 0.2956817150115967,
      "translation_camera": [
        -0.002638895297423005,
        -0.071305051445961,
        0.39900001883506775
      ],
      "rotation_matrix_camera": [
        [
          0.6540746092796326,
          -0.6235225796699524,
          -0.42825937271118164
        ],
        [
          -0.309978187084198,
          0.2954989969730377,
          -0.9036558270454407
        ],
        [
          0.690000057220459,
          0.7238094210624695,
          -3.1638712982839934e-08
        ]
      ],
      "width": 0.06267593801021576,
      "height": 0.019999999552965164,
      "depth": 0.019999999552965164,
      "object_id": -1,
      "frame": "RealSense D455 aligned color camera frame",
      "rank": 37,
      "distance_to_object_center": 0.03998122115299043
    },
    {
      "score": 0.2868999242782593,
      "translation_camera": [
        -0.03630465269088745,
        0.04204737767577171,
        0.39400002360343933
      ],
      "rotation_matrix_camera": [
        [
          0.8544597029685974,
          0.03706137463450432,
          -0.5181940793991089
        ],
        [
          -0.517707347869873,
          -0.022455113008618355,
          -0.8552629947662354
        ],
        [
          -0.04333333298563957,
          0.9990606307983398,
          -4.367032602203835e-08
        ]
      ],
      "width": 0.06284688413143158,
      "height": 0.019999999552965164,
      "depth": 0.019999999552965164,
      "object_id": -1,
      "frame": "RealSense D455 aligned color camera frame",
      "rank": 38,
      "distance_to_object_center": 0.0803411993541998
    },
    {
      "score": 0.2803747057914734,
      "translation_camera": [
        -0.020320551469922066,
        -0.0955943688750267,
        0.4010000228881836
      ],
      "rotation_matrix_camera": [
        [
          0.4980229139328003,
          -0.6140506863594055,
          -0.6123030185699463
        ],
        [
          -0.3856969475746155,
          0.47555533051490784,
          -0.790623128414154
        ],
        [
          0.7766667008399963,
          0.6299118399620056,
          -2.7534321489497415e-08
        ]
      ],
      "width": 0.0647367388010025,
      "height": 0.019999999552965164,
      "depth": 0.019999999552965164,
      "object_id": -1,
      "frame": "RealSense D455 aligned color camera frame",
      "rank": 39,
      "distance_to_object_center": 0.06003004655604074
    },
    {
      "score": 0.28034743666648865,
      "translation_camera": [
        -0.03854166343808174,
        0.04020572826266289,
        0.3960000276565552
      ],
      "rotation_matrix_camera": [
        [
          0.8544597029685974,
          0.03706137463450432,
          -0.5181940793991089
        ],
        [
          -0.517707347869873,
          -0.022455113008618355,
          -0.8552629947662354
        ],
        [
          -0.04333333298563957,
          0.9990606307983398,
          -4.367032602203835e-08
        ]
      ],
      "width": 0.06451009958982468,
      "height": 0.019999999552965164,
      "depth": 0.019999999552965164,
      "object_id": -1,
      "frame": "RealSense D455 aligned color camera frame",
      "rank": 40,
      "distance_to_object_center": 0.07915252954343302
    },
    {
      "score": 0.2728245258331299,
      "translation_camera": [
        -0.03834700584411621,
        0.03898031637072563,
        0.39400002360343933
      ],
      "rotation_matrix_camera": [
        [
          0.8544597029685974,
          0.03706137463450432,
          -0.5181940793991089
        ],
        [
          -0.517707347869873,
          -0.022455113008618355,
          -0.8552629947662354
        ],
        [
          -0.04333333298563957,
          0.9990606307983398,
          -4.367032602203835e-08
        ]
      ],
      "width": 0.06529444456100464,
      "height": 0.019999999552965164,
      "depth": 0.019999999552965164,
      "object_id": -1,
      "frame": "RealSense D455 aligned color camera frame",
      "rank": 41,
      "distance_to_object_center": 0.0777905414304518
    },
    {
      "score": 0.2710980772972107,
      "translation_camera": [
        -0.02842087857425213,
        -0.09178100526332855,
        0.398000031709671
      ],
      "rotation_matrix_camera": [
        [
          0.4980229139328003,
          -0.6140506863594055,
          -0.6123030185699463
        ],
        [
          -0.3856969475746155,
          0.47555533051490784,
          -0.790623128414154
        ],
        [
          0.7766667008399963,
          0.6299118399620056,
          -2.7534321489497415e-08
        ]
      ],
      "width": 0.07004114240407944,
      "height": 0.019999999552965164,
      "depth": 0.019999999552965164,
      "object_id": -1,
      "frame": "RealSense D455 aligned color camera frame",
      "rank": 42,
      "distance_to_object_center": 0.056365808396329695
    },
    {
      "score": 0.26934880018234253,
      "translation_camera": [
        -0.03863899037241936,
        0.04339767247438431,
        0.3970000147819519
      ],
      "rotation_matrix_camera": [
        [
          0.8544597029685974,
          0.03706137463450432,
          -0.5181940793991089
        ],
        [
          -0.517707347869873,
          -0.022455113008618355,
          -0.8552629947662354
        ],
        [
          -0.04333333298563957,
          0.9990606307983398,
          -4.367032602203835e-08
        ]
      ],
      "width": 0.06325395405292511,
      "height": 0.019999999552965164,
      "depth": 0.019999999552965164,
      "object_id": -1,
      "frame": "RealSense D455 aligned color camera frame",
      "rank": 43,
      "distance_to_object_center": 0.08235331823853462
    },
    {
      "score": 0.26922670006752014,
      "translation_camera": [
        -0.00769213680177927,
        -0.08756870031356812,
        0.3930000364780426
      ],
      "rotation_matrix_camera": [
        [
          0.5313771963119507,
          -0.7907350063323975,
          -0.3039349615573883
        ],
        [
          -0.16952382028102875,
          0.2522660195827484,
          -0.9526927471160889
        ],
        [
          0.8300000429153442,
          0.557763397693634,
          -2.4380613083963e-08
        ]
      ],
      "width": 0.07978201657533646,
      "height": 0.019999999552965164,
      "depth": 0.019999999552965164,
      "object_id": -1,
      "frame": "RealSense D455 aligned color camera frame",
      "rank": 44,
      "distance_to_object_center": 0.052607893152239515
    },
    {
      "score": 0.2680984437465668,
      "translation_camera": [
        -0.03290364891290665,
        -0.06261284649372101,
        0.39000001549720764
      ],
      "rotation_matrix_camera": [
        [
          0.32332366704940796,
          -0.5531456470489502,
          -0.7677836418151855
        ],
        [
          -0.38744980096817017,
          0.6628532409667969,
          -0.6407091617584229
        ],
        [
          0.8633333444595337,
          0.5046340823173523,
          -2.2058255666479454e-08
        ]
      ],
      "width": 0.07051156461238861,
      "height": 0.019999999552965164,
      "depth": 0.019999999552965164,
      "object_id": -1,
      "frame": "RealSense D455 aligned color camera frame",
      "rank": 45,
      "distance_to_object_center": 0.028925058060928835
    },
    {
      "score": 0.26789626479148865,
      "translation_camera": [
        -0.03630465269088745,
        -0.08370210230350494,
        0.39400002360343933
      ],
      "rotation_matrix_camera": [
        [
          0.32332366704940796,
          -0.5531456470489502,
          -0.7677836418151855
        ],
        [
          -0.38744980096817017,
          0.6628532409667969,
          -0.6407091617584229
        ],
        [
          0.8633333444595337,
          0.5046340823173523,
          -2.2058255666479454e-08
        ]
      ],
      "width": 0.07295670360326767,
      "height": 0.019999999552965164,
      "depth": 0.029999999329447746,
      "object_id": -1,
      "frame": "RealSense D455 aligned color camera frame",
      "rank": 46,
      "distance_to_object_center": 0.04992739093460636
    },
    {
      "score": 0.2649133801460266,
      "translation_camera": [
        -0.041209448128938675,
        0.04394423961639404,
        0.4020000100135803
      ],
      "rotation_matrix_camera": [
        [
          0.8544597029685974,
          0.03706137463450432,
          -0.5181940793991089
        ],
        [
          -0.517707347869873,
          -0.022455113008618355,
          -0.8552629947662354
        ],
        [
          -0.04333333298563957,
          0.9990606307983398,
          -4.367032602203835e-08
        ]
      ],
      "width": 0.06490233540534973,
      "height": 0.019999999552965164,
      "depth": 0.019999999552965164,
      "object_id": -1,
      "frame": "RealSense D455 aligned color camera frame",
      "rank": 47,
      "distance_to_object_center": 0.0840577737695319
    },
    {
      "score": 0.26304829120635986,
      "translation_camera": [
        -0.03080284781754017,
        -0.06144292652606964,
        0.3890000283718109
      ],
      "rotation_matrix_camera": [
        [
          0.32332366704940796,
          -0.5531456470489502,
          -0.7677836418151855
