{
  "success": true,
  "method": "graspnet_baseline_d455",
  "num_candidates": 130,
  "object_center_camera": [
    -0.017533443230518322,
    -0.03128927125762948,
    0.35200002789497375
  ],
  "candidates": [
    {
      "score": 0.5243215560913086,
      "translation_camera": [
        -0.034551236778497696,
        -0.06896878033876419,
        0.35500001907348633
      ],
      "rotation_matrix_camera": [
        [
          0.32332366704940796,
          -0.5531456470489502,
          -0.7677836418151855
        ],
        [
          -0.38744980096817017,
          0.6628532409667969,
          -0.6407091617584229
        ],
        [
          0.8633333444595337,
          0.5046340823173523,
          -2.2058255666479454e-08
        ]
      ],
      "width": 0.07777579128742218,
      "height": 0.019999999552965164,
      "depth": 0.029999999329447746,
      "object_id": -1,
      "frame": "RealSense D455 aligned color camera frame",
      "rank": 0,
      "distance_to_object_center": 0.04145299324425336
    },
    {
      "score": 0.5006029605865479,
      "translation_camera": [
        -0.0324346162378788,
        -0.06929931789636612,
        0.35200002789497375
      ],
      "rotation_matrix_camera": [
        [
          0.32332366704940796,
          -0.5531456470489502,
          -0.7677836418151855
        ],
        [
          -0.38744980096817017,
          0.6628532409667969,
          -0.6407091617584229
        ],
        [
          0.8633333444595337,
          0.5046340823173523,
          -2.2058255666479454e-08
        ]
      ],
      "width": 0.07645939290523529,
      "height": 0.019999999552965164,
      "depth": 0.029999999329447746,
      "object_id": -1,
      "frame": "RealSense D455 aligned color camera frame",
      "rank": 1,
      "distance_to_object_center": 0.04082656736090144
    },
    {
      "score": 0.4902694821357727,
      "translation_camera": [
        -0.03344167023897171,
        -0.07132811844348907,
        0.3530000150203705
      ],
      "rotation_matrix_camera": [
        [
          0.32332366704940796,
          -0.5531456470489502,
          -0.7677836418151855
        ],
        [
          -0.38744980096817017,
          0.6628532409667969,
          -0.6407091617584229
        ],
        [
          0.8633333444595337,
          0.5046340823173523,
          -2.2058255666479454e-08
        ]
      ],
      "width": 0.07613975554704666,
      "height": 0.019999999552965164,
      "depth": 0.029999999329447746,
      "object_id": -1,
      "frame": "RealSense D455 aligned color camera frame",
      "rank": 2,
      "distance_to_object_center": 0.04309502227376222
    },
    {
      "score": 0.48901963233947754,
      "translation_camera": [
        -0.031522296369075775,
        -0.06655920296907425,
        0.35200002789497375
      ],
      "rotation_matrix_camera": [
        [
          0.32332366704940796,
          -0.5531456470489502,
          -0.7677836418151855
        ],
        [
          -0.38744980096817017,
          0.6628532409667969,
          -0.6407091617584229
        ],
        [
          0.8633333444595337,
          0.5046340823173523,
          -2.2058255666479454e-08
        ]
      ],
      "width": 0.07796500623226166,
      "height": 0.019999999552965164,
      "depth": 0.029999999329447746,
      "object_id": -1,
      "frame": "RealSense D455 aligned color camera frame",
      "rank": 3,
      "distance_to_object_center": 0.03794280030601466
    },
    {
      "score": 0.4851040244102478,
      "translation_camera": [
        -0.03344167023897171,
        -0.06674828380346298,
        0.3530000150203705
      ],
      "rotation_matrix_camera": [
        [
          0.32332366704940796,
          -0.5531456470489502,
          -0.7677836418151855
        ],
        [
          -0.38744980096817017,
          0.6628532409667969,
          -0.6407091617584229
        ],
        [
          0.8633333444595337,
          0.5046340823173523,
          -2.2058255666479454e-08
        ]
      ],
      "width": 0.07775336503982544,
      "height": 0.019999999552965164,
      "depth": 0.029999999329447746,
      "object_id": -1,
      "frame": "RealSense D455 aligned color camera frame",
      "rank": 4,
      "distance_to_object_center": 0.03887689842990336
    },
    {
      "score": 0.4813118577003479,
      "translation_camera": [
        -0.030523013323545456,
        -0.06910243630409241,
        0.35100001096725464
      ],
      "rotation_matrix_camera": [
        [
          0.32332366704940796,
          -0.5531456470489502,
          -0.7677836418151855
        ],
        [
          -0.38744980096817017,
          0.6628532409667969,
          -0.6407091617584229
        ],
        [
          0.8633333444595337,
          0.5046340823173523,
          -2.2058255666479454e-08
        ]
      ],
      "width": 0.07679881900548935,
      "height": 0.019999999552965164,
      "depth": 0.029999999329447746,
      "object_id": -1,
      "frame": "RealSense D455 aligned color camera frame",
      "rank": 5,
      "distance_to_object_center": 0.03999455482798171
    },
    {
      "score": 0.44956642389297485,
      "translation_camera": [
        -0.029528917744755745,
        -0.06527283787727356,
        0.3500000238418579
      ],
      "rotation_matrix_camera": [
        [
          0.32332366704940796,
          -0.5531456470489502,
          -0.7677836418151855
        ],
        [
          -0.38744980096817017,
          0.6628532409667969,
          -0.6407091617584229
        ],
        [
          0.8633333444595337,
          0.5046340823173523,
          -2.2058255666479454e-08
        ]
      ],
      "width": 0.07794082164764404,
      "height": 0.019999999552965164,
      "depth": 0.03999999910593033,
      "object_id": -1,
      "frame": "RealSense D455 aligned color camera frame",
      "rank": 6,
      "distance_to_object_center": 0.03609396383366596
    },
    {
      "score": 0.43907588720321655,
      "translation_camera": [
        -0.02763545885682106,
        -0.06870869547128677,
        0.3490000069141388
      ],
      "rotation_matrix_camera": [
        [
          0.32332366704940796,
          -0.5531456470489502,
          -0.7677836418151855
        ],
        [
          -0.38744980096817017,
          0.6628532409667969,
          -0.6407091617584229
        ],
        [
          0.8633333444595337,
          0.5046340823173523,
          -2.2058255666479454e-08
        ]
      ],
      "width": 0.0774172842502594,
      "height": 0.019999999552965164,
      "depth": 0.029999999329447746,
      "object_id": -1,
      "frame": "RealSense D455 aligned color camera frame",
      "rank": 7,
      "distance_to_object_center": 0.03887498108142506
    },
    {
      "score": 0.43006807565689087,
      "translation_camera": [
        -0.02763545885682106,
        -0.06599193066358566,
        0.3490000069141388
      ],
      "rotation_matrix_camera": [
        [
          0.32332366704940796,
          -0.5531456470489502,
          -0.7677836418151855
        ],
        [
          -0.38744980096817017,
          0.6628532409667969,
          -0.6407091617584229
        ],
        [
          0.8633333444595337,
          0.5046340823173523,
          -2.2058255666479454e-08
        ]
      ],
      "width": 0.07777538895606995,
      "height": 0.019999999552965164,
      "depth": 0.03999999910593033,
      "object_id": -1,
      "frame": "RealSense D455 aligned color camera frame",
      "rank": 8,
      "distance_to_object_center": 0.03626741534001718
    },
    {
      "score": 0.42247605323791504,
      "translation_camera": [
        -0.0324346162378788,
        -0.06381908804178238,
        0.35200002789497375
      ],
      "rotation_matrix_camera": [
        [
          0.32332366704940796,
          -0.5531456470489502,
          -0.7677836418151855
        ],
        [
          -0.38744980096817017,
          0.6628532409667969,
          -0.6407091617584229
        ],
        [
          0.8633333444595337,
          0.5046340823173523,
          -2.2058255666479454e-08
        ]
      ],
      "width": 0.07760589569807053,
      "height": 0.019999999552965164,
      "depth": 0.03999999910593033,
      "object_id": -1,
      "frame": "RealSense D455 aligned color camera frame",
      "rank": 9,
      "distance_to_object_center": 0.03578035685967713
    },
    {
      "score": 0.41139495372772217,
      "translation_camera": [
        -0.02582636848092079,
        -0.06418075412511826,
        0.3490000069141388
      ],
      "rotation_matrix_camera": [
        [
          0.32332366704940796,
          -0.5531456470489502,
          -0.7677836418151855
        ],
        [
          -0.38744980096817017,
          0.6628532409667969,
          -0.6407091617584229
        ],
        [
          0.8633333444595337,
          0.5046340823173523,
          -2.2058255666479454e-08
        ]
      ],
      "width": 0.078750841319561,
      "height": 0.019999999552965164,
      "depth": 0.03999999910593033,
      "object_id": -1,
      "frame": "RealSense D455 aligned color camera frame",
      "rank": 10,
      "distance_to_object_center": 0.03405322863278195
    },
    {
      "score": 0.40774989128112793,
      "translation_camera": [
        -0.027714645490050316,
        -0.0634564757347107,
        0.3500000238418579
      ],
      "rotation_matrix_camera": [
        [
          0.32332366704940796,
          -0.5531456470489502,
          -0.7677836418151855
        ],
        [
          -0.38744980096817017,
          0.6628532409667969,
          -0.6407091617584229
        ],
        [
          0.8633333444595337,
          0.5046340823173523,
          -2.2058255666479454e-08
        ]
      ],
      "width": 0.07841026037931442,
      "height": 0.019999999552965164,
      "depth": 0.03999999910593033,
      "object_id": -1,
      "frame": "RealSense D455 aligned color camera frame",
      "rank": 11,
      "distance_to_object_center": 0.03379920027947899
    },
    {
      "score": 0.39706453680992126,
      "translation_camera": [
        -0.0306099746376276,
        -0.0619923435151577,
        0.35200002789497375
      ],
      "rotation_matrix_camera": [
        [
          0.32332366704940796,
          -0.5531456470489502,
          -0.7677836418151855
        ],
        [
          -0.38744980096817017,
          0.6628532409667969,
          -0.6407091617584229
        ],
        [
          0.8633333444595337,
          0.5046340823173523,
          -2.2058255666479454e-08
        ]
      ],
      "width": 0.07792723923921585,
      "height": 0.019999999552965164,
      "depth": 0.03999999910593033,
      "object_id": -1,
      "frame": "RealSense D455 aligned color camera frame",
      "rank": 12,
      "distance_to_object_center": 0.033371759313708865
    },
    {
      "score": 0.34923917055130005,
      "translation_camera": [
        -0.02582636848092079,
        -0.06055840849876404,
        0.3490000069141388
      ],
      "rotation_matrix_camera": [
        [
          0.32332366704940796,
          -0.5531456470489502,
          -0.7677836418151855
        ],
        [
          -0.38744980096817017,
          0.6628532409667969,
          -0.6407091617584229
        ],
        [
          0.8633333444595337,
          0.5046340823173523,
          -2.2058255666479454e-08
        ]
      ],
      "width": 0.07875439524650574,
      "height": 0.019999999552965164,
      "depth": 0.03999999910593033,
      "object_id": -1,
      "frame": "RealSense D455 aligned color camera frame",
      "rank": 13,
      "distance_to_object_center": 0.030568858826174435
    },
    {
      "score": 0.2565244138240814,
      "translation_camera": [
        -0.019326981157064438,
        -0.06362906098365784,
        0.3460000157356262
      ],
      "rotation_matrix_camera": [
        [
          0.4980229139328003,
          -0.6140506863594055,
          -0.6123030185699463
        ],
        [
          -0.3856969475746155,
          0.47555533051490784,
          -0.790623128414154
        ],
        [
          0.7766667008399963,
          0.6299118399620056,
          -2.7534321489497415e-08
        ]
      ],
      "width": 0.0718163400888443,
      "height": 0.019999999552965164,
      "depth": 0.029999999329447746,
      "object_id": -1,
      "frame": "RealSense D455 aligned color camera frame",
      "rank": 14,
      "distance_to_object_center": 0.032940536178544616
    },
    {
      "score": 0.2564725875854492,
      "translation_camera": [
        -0.01573990471661091,
        -0.061833456158638,
        0.3460000157356262
      ],
      "rotation_matrix_camera": [
        [
          0.4980229139328003,
          -0.6140506863594055,
          -0.6123030185699463
        ],
        [
          -0.3856969475746155,
          0.47555533051490784,
          -0.790623128414154
        ],
        [
          0.7766667008399963,
          0.6299118399620056,
          -2.7534321489497415e-08
        ]
      ],
      "width": 0.07154560834169388,
      "height": 0.019999999552965164,
      "depth": 0.03999999910593033,
      "object_id": -1,
      "frame": "RealSense D455 aligned color camera frame",
      "rank": 15,
      "distance_to_object_center": 0.031179547103512974
    },
    {
      "score": 0.21128088235855103,
      "translation_camera": [
        -0.013946366496384144,
        -0.06991367787122726,
        0.3460000157356262
      ],
      "rotation_matrix_camera": [
        [
          0.6540746092796326,
          -0.6235225796699524,
          -0.42825937271118164
        ],
        [
          -0.309978187084198,
          0.2954989969730377,
          -0.9036558270454407
        ],
        [
          0.690000057220459,
          0.7238094210624695,
          -3.1638712982839934e-08
        ]
      ],
      "width": 0.06669184565544128,
      "height": 0.019999999552965164,
      "depth": 0.029999999329447746,
      "object_id": -1,
      "frame": "RealSense D455 aligned color camera frame",
      "rank": 16,
      "distance_to_object_center": 0.039251905070472964
    },
    {
      "score": 0.21049173176288605,
      "translation_camera": [
        -0.02582636848092079,
        -0.057841647416353226,
        0.3490000069141388
      ],
      "rotation_matrix_camera": [
        [
          0.32332366704940796,
          -0.5531456470489502,
          -0.7677836418151855
        ],
        [
          -0.38744980096817017,
          0.6628532409667969,
          -0.6407091617584229
        ],
        [
          0.8633333444595337,
          0.5046340823173523,
          -2.2058255666479454e-08
        ]
      ],
      "width": 0.07891625910997391,
      "height": 0.019999999552965164,
      "depth": 0.03999999910593033,
      "object_id": -1,
      "frame": "RealSense D455 aligned color camera frame",
      "rank": 17,
      "distance_to_object_center": 0.027978588505651495
    },
    {
      "score": 0.20687100291252136,
      "translation_camera": [
        -0.013946366496384144,
        -0.07350489497184753,
        0.3460000157356262
      ],
      "rotation_matrix_camera": [
        [
          0.6540746092796326,
          -0.6235225796699524,
          -0.42825937271118164
        ],
        [
          -0.309978187084198,
          0.2954989969730377,
          -0.9036558270454407
        ],
        [
          0.690000057220459,
          0.7238094210624695,
          -3.1638712982839934e-08
        ]
      ],
      "width": 0.06523127108812332,
      "height": 0.019999999552965164,
      "depth": 0.029999999329447746,
      "object_id": -1,
      "frame": "RealSense D455 aligned color camera frame",
      "rank": 18,
      "distance_to_object_center": 0.04279049136185906
    },
    {
      "score": 0.20187976956367493,
      "translation_camera": [
        -0.02493835613131523,
        0.04295997694134712,
        0.3370000123977661
      ],
      "rotation_matrix_camera": [
        [
          0.8544597029685974,
          0.03706137463450432,
          -0.5181940793991089
        ],
        [
          -0.517707347869873,
          -0.022455113008618355,
          -0.8552629947662354
        ],
        [
          -0.04333333298563957,
          0.9990606307983398,
          -4.367032602203835e-08
        ]
      ],
      "width": 0.06158517673611641,
      "height": 0.019999999552965164,
      "depth": 0.019999999552965164,
      "object_id": -1,
      "frame": "RealSense D455 aligned color camera frame",
      "rank": 19,
      "distance_to_object_center": 0.07611034133478899
    },
    {
      "score": 0.20110651850700378,
      "translation_camera": [
        -0.011288590729236603,
        -0.07371734082698822,
        0.34700003266334534
      ],
      "rotation_matrix_camera": [
        [
          0.6540746092796326,
          -0.6235225796699524,
          -0.42825937271118164
        ],
        [
          -0.309978187084198,
          0.2954989969730377,
          -0.9036558270454407
        ],
        [
          0.690000057220459,
          0.7238094210624695,
          -3.1638712982839934e-08
        ]
      ],
      "width": 0.06446781009435654,
      "height": 0.019999999552965164,
      "depth": 0.029999999329447746,
      "object_id": -1,
      "frame": "RealSense D455 aligned color camera frame",
      "rank": 20,
      "distance_to_object_center": 0.04317567859873677
    },
    {
      "score": 0.19919469952583313,
      "translation_camera": [
        -0.013049596920609474,
        -0.07619830220937729,
        0.3460000157356262
      ],
      "rotation_matrix_camera": [
        [
          0.6540746092796326,
          -0.6235225796699524,
          -0.42825937271118164
        ],
        [
          -0.309978187084198,
          0.2954989969730377,
          -0.9036558270454407
        ],
        [
          0.690000057220459,
          0.7238094210624695,
          -3.1638712982839934e-08
        ]
      ],
      "width": 0.062198854982852936,
      "height": 0.019999999552965164,
      "depth": 0.029999999329447746,
      "object_id": -1,
      "frame": "RealSense D455 aligned color camera frame",
      "rank": 21,
      "distance_to_object_center": 0.04552939802664037
    },
    {
      "score": 0.19587108492851257,
      "translation_camera": [
        -0.031925901770591736,
        0.04208552464842796,
        0.3370000123977661
      ],
      "rotation_matrix_camera": [
        [
          0.8544597029685974,
          0.03706137463450432,
          -0.5181940793991089
        ],
        [
          -0.517707347869873,
          -0.022455113008618355,
          -0.8552629947662354
        ],
        [
          -0.04333333298563957,
          0.9990606307983398,
          -4.367032602203835e-08
        ]
      ],
      "width": 0.06087300553917885,
      "height": 0.019999999552965164,
      "depth": 0.019999999552965164,
      "object_id": -1,
      "frame": "RealSense D455 aligned color camera frame",
      "rank": 22,
      "distance_to_object_center": 0.07626273009799601
    },
    {
      "score": 0.19527310132980347,
      "translation_camera": [
        -0.022980285808444023,
        -0.062012169510126114,
        0.34700003266334534
      ],
      "rotation_matrix_camera": [
        [
          0.32332366704940796,
          -0.5531456470489502,
          -0.7677836418151855
        ],
        [
          -0.38744980096817017,
          0.6628532409667969,
          -0.6407091617584229
        ],
        [
          0.8633333444595337,
          0.5046340823173523,
          -2.2058255666479454e-08
        ]
      ],
      "width": 0.07832668721675873,
      "height": 0.019999999552965164,
      "depth": 0.03999999910593033,
      "object_id": -1,
      "frame": "RealSense D455 aligned color camera frame",
      "rank": 23,
      "distance_to_object_center": 0.03160007157299287
    },
    {
      "score": 0.19072593748569489,
      "translation_camera": [
        -0.023948462679982185,
        -0.06038489192724228,
        0.34800001978874207
      ],
      "rotation_matrix_camera": [
        [
          0.32332366704940796,
          -0.5531456470489502,
          -0.7677836418151855
        ],
        [
          -0.38744980096817017,
          0.6628532409667969,
          -0.6407091617584229
        ],
        [
          0.8633333444595337,
          0.5046340823173523,
          -2.2058255666479454e-08
        ]
      ],
      "width": 0.07840985804796219,
      "height": 0.019999999552965164,
      "depth": 0.03999999910593033,
      "object_id": -1,
      "frame": "RealSense D455 aligned color camera frame",
      "rank": 24,
      "distance_to_object_center": 0.030061731179972295
    },
    {
      "score": 0.18873447179794312,
      "translation_camera": [
        -0.016636673361063004,
        -0.0717092826962471,
        0.3460000157356262
      ],
      "rotation_matrix_camera": [
        [
          0.4980229139328003,
          -0.6140506863594055,
          -0.6123030185699463
        ],
        [
          -0.3856969475746155,
          0.47555533051490784,
          -0.790623128414154
        ],
        [
          0.7766667008399963,
          0.6299118399620056,
          -2.7534321489497415e-08
        ]
      ],
      "width": 0.0718909278512001,
      "height": 0.019999999552965164,
      "depth": 0.029999999329447746,
      "object_id": -1,
      "frame": "RealSense D455 aligned color camera frame",
      "rank": 25,
      "distance_to_object_center": 0.04087274968495587
    },
    {
      "score": 0.1871444135904312,
      "translation_camera": [
        -0.0014599694404751062,
        0.034029509872198105,
        0.3630000352859497
      ],
      "rotation_matrix_camera": [
        [
          0.9810783267021179,
          -0.00981128215789795,
          -0.19336247444152832
        ],
        [
          -0.1933528035879135,
          0.0019335818942636251,
          -0.9811273813247681
        ],
        [
          0.009999999776482582,
          0.9999499917030334,
          -4.3709203367825467e-08
        ]
      ],
      "width": 0.06897497922182083,
      "height": 0.019999999552965164,
      "depth": 0.019999999552965164,
      "object_id": -1,
      "frame": "RealSense D455 aligned color camera frame",
      "rank": 26,
      "distance_to_object_center": 0.06816083839395648
    },
    {
      "score": 0.18212288618087769,
      "translation_camera": [
        -0.000519139168318361,
        0.03120376542210579,
        0.3630000352859497
      ],
      "rotation_matrix_camera": [
        [
          0.9810783267021179,
          -0.00981128215789795,
          -0.19336247444152832
        ],
        [
          -0.1933528035879135,
          0.0019335818942636251,
          -0.9811273813247681
        ],
        [
          0.009999999776482582,
          0.9999499917030334,
          -4.3709203367825467e-08
        ]
      ],
      "width": 0.06817236542701721,
      "height": 0.019999999552965164,
      "depth": 0.019999999552965164,
      "object_id": -1,
      "frame": "RealSense D455 aligned color camera frame",
      "rank": 27,
      "distance_to_object_center": 0.06569525354831396
    },
    {
      "score": 0.1818988025188446,
      "translation_camera": [
        -0.03731152415275574,
        -0.09107652306556702,
        0.35500001907348633
      ],
      "rotation_matrix_camera": [
        [
          0.7432032227516174,
          -0.41032660007476807,
          0.5284704566001892
        ],
        [
          0.46264228224754333,
          -0.25542742013931274,
          -0.8489516973495483
        ],
        [
          0.4833333194255829,
          0.8754364252090454,
          -3.826654193517243e-08
        ]
      ],
      "width": 0.06665153801441193,
      "height": 0.019999999552965164,
      "depth": 0.019999999552965164,
      "object_id": -1,
      "frame": "RealSense D455 aligned color camera frame",
      "rank": 28,
      "distance_to_object_center": 0.0630451259875294
    },
    {
      "score": 0.1766226440668106,
      "translation_camera": [
        0.004208069760352373,
        0.029481476172804832,
        0.36500000953674316
      ],
      "rotation_matrix_camera": [
        [
          0.8544597029685974,
          0.03706137463450432,
          -0.5181940793991089
        ],
        [
          -0.517707347869873,
          -0.022455113008618355,
          -0.8552629947662354
        ],
        [
          -0.04333333298563957,
          0.9990606307983398,
          -4.367032602203835e-08
        ]
      ],
      "width": 0.06567651778459549,
      "height": 0.019999999552965164,
      "depth": 0.019999999552965164,
      "object_id": -1,
      "frame": "RealSense D455 aligned color camera frame",
      "rank": 29,
      "distance_to_object_center": 0.0658390207481261
    },
    {
      "score": 0.17401672899723053,
      "translation_camera": [
        -0.02304651029407978,
        -0.057675912976264954,
        0.34800001978874207
      ],
      "rotation_matrix_camera": [
        [
          0.32332366704940796,
          -0.5531456470489502,
          -0.7677836418151855
        ],
        [
          -0.38744980096817017,
          0.6628532409667969,
          -0.6407091617584229
        ],
        [
          0.8633333444595337,
          0.5046340823173523,
          -2.2058255666479454e-08
        ]
      ],
      "width": 0.07927527278661728,
      "height": 0.019999999552965164,
      "depth": 0.03999999910593033,
      "object_id": -1,
      "frame": "RealSense D455 aligned color camera frame",
      "rank": 30,
      "distance_to_object_center": 0.027251584072946648
    },
    {
      "score": 0.17289012670516968,
      "translation_camera": [
        -0.019326981157064438,
        -0.06093565374612808,
        0.3460000157356262
      ],
      "rotation_matrix_camera": [
        [
          0.4980229139328003,
          -0.6140506863594055,
          -0.6123030185699463
        ],
        [
          -0.3856969475746155,
          0.47555533051490784,
          -0.790623128414154
        ],
        [
          0.7766667008399963,
          0.6299118399620056,
          -2.7534321489497415e-08
        ]
      ],
      "width": 0.07528933137655258,
      "height": 0.019999999552965164,
      "depth": 0.03999999910593033,
      "object_id": -1,
      "frame": "RealSense D455 aligned color camera frame",
      "rank": 31,
      "distance_to_object_center": 0.03030057621334344
    },
    {
      "score": 0.16754506528377533,
      "translation_camera": [
        -0.022017288953065872,
        -0.06362906098365784,
        0.3460000157356262
      ],
      "rotation_matrix_camera": [
        [
          0.4980229139328003,
          -0.6140506863594055,
          -0.6123030185699463
        ],
        [
          -0.3856969475746155,
          0.47555533051490784,
          -0.790623128414154
        ],
        [
          0.7766667008399963,
          0.6299118399620056,
          -2.7534321489497415e-08
        ]
      ],
      "width": 0.07661713659763336,
      "height": 0.019999999552965164,
      "depth": 0.03999999910593033,
      "object_id": -1,
      "frame": "RealSense D455 aligned color camera frame",
      "rank": 32,
      "distance_to_object_center": 0.03319588856921374
    },
    {
      "score": 0.15984900295734406,
      "translation_camera": [
        -0.034551236778497696,
        -0.07173224538564682,
        0.35500001907348633
      ],
      "rotation_matrix_camera": [
        [
          0.05689249932765961,
          0.9917080998420715,
          -0.11523126810789108
        ],
        [
          -0.43903547525405884,
          0.12851069867610931,
          0.8892316222190857
        ],
        [
          0.8966667056083679,
          0.0,
          0.44270631670951843
        ]
      ],
      "width": 0.08436790108680725,
      "height": 0.019999999552965164,
      "depth": 0.019999999552965164,
      "object_id": -1,
      "frame": "RealSense D455 aligned color camera frame",
      "rank": 33,
      "distance_to_object_center": 0.043979988638382816
    },
    {
      "score": 0.15848852694034576,
      "translation_camera": [
        -0.017533443868160248,
        -0.059140048921108246,
        0.3460000157356262
      ],
      "rotation_matrix_camera": [
        [
          0.4980229139328003,
          -0.6140506863594055,
          -0.6123030185699463
        ],
        [
          -0.3856969475746155,
          0.47555533051490784,
          -0.790623128414154
        ],
        [
          0.7766667008399963,
          0.6299118399620056,
          -2.7534321489497415e-08
        ]
      ],
      "width": 0.07365090399980545,
      "height": 0.019999999552965164,
      "depth": 0.03999999910593033,
      "object_id": -1,
      "frame": "RealSense D455 aligned color camera frame",
      "rank": 34,
      "distance_to_object_center": 0.028489751883314925
    },
    {
      "score": 0.15577732026576996,
      "translation_camera": [
        0.00042517614201642573,
        0.03621014207601547,
        0.3660000264644623
      ],
      "rotation_matrix_camera": [
        [
          0.9810783267021179,
          -0.00981128215789795,
          -0.19336247444152832
        ],
        [
          -0.1933528035879135,
          0.0019335818942636251,
          -0.9811273813247681
        ],
        [
          0.009999999776482582,
          0.9999499917030334,
          -4.3709203367825467e-08
        ]
      ],
      "width": 0.06710948795080185,
      "height": 0.019999999552965164,
      "depth": 0.019999999552965164,
      "object_id": -1,
      "frame": "RealSense D455 aligned color camera frame",
      "rank": 35,
      "distance_to_object_center": 0.07123680769166672
    },
    {
      "score": 0.15473143756389618,
      "translation_camera": [
        -0.021120520308613777,
        -0.059140048921108246,
        0.3460000157356262
      ],
      "rotation_matrix_camera": [
        [
          0.32332366704940796,
          -0.5531456470489502,
          -0.7677836418151855
        ],
        [
          -0.38744980096817017,
          0.6628532409667969,
          -0.6407091617584229
        ],
        [
          0.8633333444595337,
          0.5046340823173523,
          -2.2058255666479454e-08
        ]
      ],
      "width": 0.07813643664121628,
      "height": 0.019999999552965164,
      "depth": 0.03999999910593033,
      "object_id": -1,
      "frame": "RealSense D455 aligned color camera frame",
      "rank": 36,
      "distance_to_object_center": 0.028714684123929413
    },
    {
      "score": 0.15447165071964264,
      "translation_camera": [
        0.0013812888646498322,
        0.037362899631261826,
        0.3680000305175781
      ],
      "rotation_matrix_camera": [
        [
          0.9810783267021179,
          -0.00981128215789795,
          -0.19336247444152832
        ],
        [
          -0.1933528035879135,
          0.0019335818942636251,
          -0.9811273813247681
        ],
        [
          0.009999999776482582,
          0.9999499917030334,
          -4.3709203367825467e-08
        ]
      ],
      "width": 0.06609947979450226,
      "height": 0.019999999552965164,
      "depth": 0.019999999552965164,
      "object_id": -1,
      "frame": "RealSense D455 aligned color camera frame",
      "rank": 37,
      "distance_to_object_center": 0.07298553104494661
    },
    {
      "score": 0.1497049182653427,
      "translation_camera": [
        -0.024921825155615807,
        -0.05512488633394241,
        0.3490000069141388
      ],
      "rotation_matrix_camera": [
        [
          0.32332366704940796,
          -0.5531456470489502,
          -0.7677836418151855
        ],
        [
          -0.38744980096817017,
          0.6628532409667969,
          -0.6407091617584229
        ],
        [
          0.8633333444595337,
          0.5046340823173523,
          -2.2058255666479454e-08
        ]
      ],
      "width": 0.08008837699890137,
      "height": 0.019999999552965164,
      "depth": 0.03999999910593033,
      "object_id": -1,
      "frame": "RealSense D455 aligned color camera frame",
      "rank": 38,
      "distance_to_object_center": 0.02513413733197767
    },
    {
      "score": 0.14768023788928986,
      "translation_camera": [
        -0.02304651029407978,
        -0.030586140230298042,
        0.34800001978874207
      ],
      "rotation_matrix_camera": [
        [
          0.32332366704940796,
          -0.5531456470489502,
          -0.7677836418151855
        ],
        [
          -0.38744980096817017,
          0.6628532409667969,
          -0.6407091617584229
        ],
        [
          0.8633333444595337,
          0.5046340823173523,
          -2.2058255666479454e-08
        ]
      ],
      "width": 0.0770893469452858,
      "height": 0.019999999552965164,
      "depth": 0.029999999329447746,
      "object_id": -1,
      "frame": "RealSense D455 aligned color camera frame",
      "rank": 39,
      "distance_to_object_center": 0.006847508053214801
    },
    {
      "score": 0.14647172391414642,
      "translation_camera": [
        -0.014843135140836239,
        -0.05734444037079811,
        0.3460000157356262
      ],
      "rotation_matrix_camera": [
        [
          0.4980229139328003,
          -0.6140506863594055,
          -0.6123030185699463
        ],
        [
          -0.3856969475746155,
          0.47555533051490784,
          -0.790623128414154
        ],
        [
          0.7766667008399963,
          0.6299118399620056,
          -2.7534321489497415e-08
        ]
      ],
      "width": 0.06917484104633331,
      "height": 0.019999999552965164,
      "depth": 0.03999999910593033,
      "object_id": -1,
      "frame": "RealSense D455 aligned color camera frame",
      "rank": 40,
      "distance_to_object_center": 0.026872099676905483
    },
    {
      "score": 0.1461254060268402,
      "translation_camera": [
        -0.02304651029407978,
        -0.05496693402528763,
        0.34800001978874207
      ],
      "rotation_matrix_camera": [
        [
          0.32332366704940796,
          -0.5531456470489502,
          -0.7677836418151855
        ],
        [
          -0.38744980096817017,
          0.6628532409667969,
          -0.6407091617584229
        ],
        [
          0.8633333444595337,
          0.5046340823173523,
          -2.2058255666479454e-08
        ]
      ],
      "width": 0.08012712746858597,
      "height": 0.019999999552965164,
      "depth": 0.03999999910593033,
      "object_id": -1,
      "frame": "RealSense D455 aligned color camera frame",
      "rank": 41,
      "distance_to_object_center": 0.024637891294430826
    },
    {
      "score": 0.14590252935886383,
      "translation_camera": [
        -0.022144557908177376,
        -0.049548979848623276,
        0.34800001978874207
      ],
      "rotation_matrix_camera": [
        [
          0.32332366704940796,
          -0.5531456470489502,
          -0.7677836418151855
        ],
        [
          -0.38744980096817017,
          0.6628532409667969,
          -0.6407091617584229
        ],
        [
          0.8633333444595337,
          0.5046340823173523,
          -2.2058255666479454e-08
        ]
      ],
      "width": 0.08424732834100723,
      "height": 0.019999999552965164,
      "depth": 0.03999999910593033,
      "object_id": -1,
      "frame": "RealSense D455 aligned color camera frame",
      "rank": 42,
      "distance_to_object_center": 0.019253036156628767
    },
    {
      "score": 0.14576356112957,
      "translation_camera": [
        -0.021181562915444374,
        -0.05570938438177109,
        0.34700003266334534
      ],
      "rotation_matrix_camera": [
        [
          0.32332366704940796,
          -0.5531456470489502,
          -0.7677836418151855
        ],
        [
          -0.38744980096817017,
          0.6628532409667969,
          -0.6407091617584229
        ],
        [
          0.8633333444595337,
          0.5046340823173523,
          -2.2058255666479454e-08
        ]
      ],
      "width": 0.08000624179840088,
      "height": 0.019999999552965164,
      "depth": 0.03999999910593033,
      "object_id": -1,
      "frame": "RealSense D455 aligned color camera frame",
      "rank": 43,
      "distance_to_object_center": 0.025192273707383483
    },
    {
      "score": 0.14566299319267273,
      "translation_camera": [
        -0.02582636848092079,
        -0.02976844273507595,
        0.3490000069141388
      ],
      "rotation_matrix_camera": [
        [
          0.32332366704940796,
          -0.5531456470489502,
          -0.7677836418151855
        ],
        [
          -0.38744980096817017,
          0.6628532409667969,
          -0.6407091617584229
        ],
        [
          0.8633333444595337,
          0.5046340823173523,
          -2.2058255666479454e-08
        ]
      ],
      "width": 0.07293222099542618,
      "height": 0.019999999552965164,
      "depth": 0.029999999329447746,
      "object_id": -1,
      "frame": "RealSense D455 aligned color camera frame",
      "rank": 44,
      "distance_to_object_center": 0.008949058860529702
    },
    {
      "score": 0.14538562297821045,
      "translation_camera": [
        -0.019382841885089874,
        -0.04940659925341606,
        0.34700003266334534
      ],
      "rotation_matrix_camera": [
        [
          0.32332366704940796,
          -0.5531456470489502,
          -0.7677836418151855
        ],
        [
          -0.38744980096817017,
          0.6628532409667969,
          -0.6407091617584229
        ],
        [
          0.8633333444595337,
          0.5046340823173523,
          -2.2058255666479454e-08
        ]
      ],
      "width": 0.08243941515684128,
      "height": 0.019999999552965164,
      "depth": 0.03999999910593033,
      "object_id": -1,
      "frame": "RealSense D455 aligned color camera frame",
      "rank": 45,
      "distance_to_object_center": 0.018885385921573065
    },
    {
      "score": 0.14417076110839844,
      "translation_camera": [
        -0.02130364626646042,
        -0.04697459936141968,
        0.3490000069141388
      ],
      "rotation_matrix_camera": [
        [
          0.32332366704940796,
          -0.5531456470489502,
          -0.7677836418151855
        ],
        [
          -0.38744980096817017,
          0.6628532409667969,
          -0.6407091617584229
        ],
        [
          0.8633333444595337,
          0.5046340823173523,
          -2.2058255666479454e-08
        ]
      ],
      "width": 0.08475367724895477,
      "height": 0.019999999552965164,
      "depth": 0.03999999910593033,
      "object_id": -1,
      "frame": "RealSense D455 aligned color camera frame",
      "rank": 46,
      "distance_to_object_center": 0.01640865852351214
    },
    {
      "score": 0.14342963695526123,
      "translation_camera": [
        -0.017533443868160248,
        -0.0519576258957386,
        0.3460000157356262
      ],
      "rotation_matrix_camera": [
        [
          0.32332366704940796,
          -0.5531456470489502,
          -0.7677836418151855
        ],
        [
          -0.38744980096817017,
          0.6628532409667969,
          -0.6407091617584229
        ],
        [
          0.8633333444595337,
          0.5046340823173523,
          -2.2058255666479454e-08
        ]
      ],
      "width": 0.08078491687774658,
      "height": 0.019999999552965164,
      "depth": 0.03999999910593033,
      "object_id": -1,
      "frame": "RealSense D455 aligned color camera frame",
      "rank": 47,
      "distance_to_object_center": 0.02152164095414115
    },
    {
      "score": 0.14331424236297607,
      "translation_camera": [
        -0.023948462679982185,
        -0.0522579587996006,
        0.34800001978874207
      ],
      "rotation_matrix_camera": [
