{
  "success": true,
  "method": "graspnet_baseline_d455",
  "num_candidates": 149,
  "object_center_camera": [
    -0.030436919933428938,
    -0.0336585378653719,
    0.42900002002716064
  ],
  "candidates": [
    {
      "score": 0.4212317168712616,
      "translation_camera": [
        -0.02693176455795765,
        -0.050376661121845245,
        0.4230000376701355
      ],
      "rotation_matrix_camera": [
        [
          0.4980229139328003,
          -0.6140506863594055,
          -0.6123030185699463
        ],
        [
          -0.3856969475746155,
          0.47555533051490784,
          -0.790623128414154
        ],
        [
          0.7766667008399963,
          0.6299118399620056,
          -2.7534321489497415e-08
        ]
      ],
      "width": 0.06667204201221466,
      "height": 0.019999999552965164,
      "depth": 0.019999999552965164,
      "object_id": -1,
      "frame": "RealSense D455 aligned color camera frame",
      "rank": 0,
      "distance_to_object_center": 0.01810473826680306
    },
    {
      "score": 0.4170706272125244,
      "translation_camera": [
        -0.03124547004699707,
        -0.05244877561926842,
        0.4220000207424164
      ],
      "rotation_matrix_camera": [
        [
          0.4980229139328003,
          -0.6140506863594055,
          -0.6123030185699463
        ],
        [
          -0.3856969475746155,
          0.47555533051490784,
          -0.790623128414154
        ],
        [
          0.7766667008399963,
          0.6299118399620056,
          -2.7534321489497415e-08
        ]
      ],
      "width": 0.06218339130282402,
      "height": 0.019999999552965164,
      "depth": 0.019999999552965164,
      "object_id": -1,
      "frame": "RealSense D455 aligned color camera frame",
      "rank": 1,
      "distance_to_object_center": 0.020068053670461647
    },
    {
      "score": 0.37603873014450073,
      "translation_camera": [
        -0.03233981505036354,
        -0.05463998764753342,
        0.4220000207424164
      ],
      "rotation_matrix_camera": [
        [
          0.4980229139328003,
          -0.6140506863594055,
          -0.6123030185699463
        ],
        [
          -0.3856969475746155,
          0.47555533051490784,
          -0.790623128414154
        ],
        [
          0.7766667008399963,
          0.6299118399620056,
          -2.7534321489497415e-08
        ]
      ],
      "width": 0.06109228357672691,
      "height": 0.019999999552965164,
      "depth": 0.019999999552965164,
      "object_id": -1,
      "frame": "RealSense D455 aligned color camera frame",
      "rank": 2,
      "distance_to_object_center": 0.022200050332687068
    },
    {
      "score": 0.3694687485694885,
      "translation_camera": [
        -0.0346103236079216,
        -0.05367126688361168,
        0.4230000376701355
      ],
      "rotation_matrix_camera": [
        [
          0.4980229139328003,
          -0.6140506863594055,
          -0.6123030185699463
        ],
        [
          -0.3856969475746155,
          0.47555533051490784,
          -0.790623128414154
        ],
        [
          0.7766667008399963,
          0.6299118399620056,
          -2.7534321489497415e-08
        ]
      ],
      "width": 0.061513882130384445,
      "height": 0.019999999552965164,
      "depth": 0.019999999552965164,
      "object_id": -1,
      "frame": "RealSense D455 aligned color camera frame",
      "rank": 3,
      "distance_to_object_center": 0.0213055487906878
    },
    {
      "score": 0.2285415679216385,
      "translation_camera": [
        -0.0074927243404090405,
        0.03334963694214821,
        0.4410000145435333
      ],
      "rotation_matrix_camera": [
        [
          0.8544597029685974,
          0.03706137463450432,
          -0.5181940793991089
        ],
        [
          -0.517707347869873,
          -0.022455113008618355,
          -0.8552629947662354
        ],
        [
          -0.04333333298563957,
          0.9990606307983398,
          -4.367032602203835e-08
        ]
      ],
      "width": 0.06665006279945374,
      "height": 0.019999999552965164,
      "depth": 0.019999999552965164,
      "object_id": -1,
      "frame": "RealSense D455 aligned color camera frame",
      "rank": 4,
      "distance_to_object_center": 0.07183683923196302
    },
    {
      "score": 0.21413549780845642,
      "translation_camera": [
        -0.0040618786588311195,
        0.037929367274045944,
        0.4410000145435333
      ],
      "rotation_matrix_camera": [
        [
          0.8544597029685974,
          0.03706137463450432,
          -0.5181940793991089
        ],
        [
          -0.517707347869873,
          -0.022455113008618355,
          -0.8552629947662354
        ],
        [
          -0.04333333298563957,
          0.9990606307983398,
          -4.367032602203835e-08
        ]
      ],
      "width": 0.063699871301651,
      "height": 0.019999999552965164,
      "depth": 0.019999999552965164,
      "object_id": -1,
      "frame": "RealSense D455 aligned color camera frame",
      "rank": 5,
      "distance_to_object_center": 0.07722998661711655
    },
    {
      "score": 0.20855283737182617,
      "translation_camera": [
        -0.00747573422268033,
        0.03098933957517147,
        0.4400000274181366
      ],
      "rotation_matrix_camera": [
        [
          0.8544597029685974,
          0.03706137463450432,
          -0.5181940793991089
        ],
        [
          -0.517707347869873,
          -0.022455113008618355,
          -0.8552629947662354
        ],
        [
          -0.04333333298563957,
          0.9990606307983398,
          -4.367032602203835e-08
        ]
      ],
      "width": 0.06268484890460968,
      "height": 0.019999999552965164,
      "depth": 0.019999999552965164,
      "object_id": -1,
      "frame": "RealSense D455 aligned color camera frame",
      "rank": 6,
      "distance_to_object_center": 0.0694806755106233
    },
    {
      "score": 0.2032468467950821,
      "translation_camera": [
        -0.00975777767598629,
        0.03441635146737099,
        0.4400000274181366
      ],
      "rotation_matrix_camera": [
        [
          0.8544597029685974,
          0.03706137463450432,
          -0.5181940793991089
        ],
        [
          -0.517707347869873,
          -0.022455113008618355,
          -0.8552629947662354
        ],
        [
          -0.04333333298563957,
          0.9990606307983398,
          -4.367032602203835e-08
        ]
      ],
      "width": 0.0661056786775589,
      "height": 0.019999999552965164,
      "depth": 0.019999999552965164,
      "object_id": -1,
      "frame": "RealSense D455 aligned color camera frame",
      "rank": 7,
      "distance_to_object_center": 0.07199178873156485
    },
    {
      "score": 0.2029738426208496,
      "translation_camera": [
        -0.011985095217823982,
        0.03198562562465668,
        0.43800002336502075
      ],
      "rotation_matrix_camera": [
        [
          0.8544597029685974,
          0.03706137463450432,
          -0.5181940793991089
        ],
        [
          -0.517707347869873,
          -0.022455113008618355,
          -0.8552629947662354
        ],
        [
          -0.04333333298563957,
          0.9990606307983398,
          -4.367032602203835e-08
        ]
      ],
      "width": 0.06653667986392975,
      "height": 0.019999999552965164,
      "depth": 0.019999999552965164,
      "object_id": -1,
      "frame": "RealSense D455 aligned color camera frame",
      "rank": 8,
      "distance_to_object_center": 0.06877954707413028
    },
    {
      "score": 0.1994931995868683,
      "translation_camera": [
        -0.006334712263196707,
        0.0367010235786438,
        0.4400000274181366
      ],
      "rotation_matrix_camera": [
        [
          0.8544597029685974,
          0.03706137463450432,
          -0.5181940793991089
        ],
        [
          -0.517707347869873,
          -0.022455113008618355,
          -0.8552629947662354
        ],
        [
          -0.04333333298563957,
          0.9990606307983398,
          -4.367032602203835e-08
        ]
      ],
      "width": 0.06516877561807632,
      "height": 0.019999999552965164,
      "depth": 0.019999999552965164,
      "object_id": -1,
      "frame": "RealSense D455 aligned color camera frame",
      "rank": 9,
      "distance_to_object_center": 0.07518234143583682
    },
    {
      "score": 0.19781997799873352,
      "translation_camera": [
        -0.008597172796726227,
        0.037757355719804764,
        0.43900004029273987
      ],
      "rotation_matrix_camera": [
        [
          0.8544597029685974,
          0.03706137463450432,
          -0.5181940793991089
        ],
        [
          -0.517707347869873,
          -0.022455113008618355,
          -0.8552629947662354
        ],
        [
          -0.04333333298563957,
          0.9990606307983398,
          -4.367032602203835e-08
        ]
      ],
      "width": 0.06655105203390121,
      "height": 0.019999999552965164,
      "depth": 0.019999999552965164,
      "object_id": -1,
      "frame": "RealSense D455 aligned color camera frame",
      "rank": 10,
      "distance_to_object_center": 0.07534722832909242
    },
    {
      "score": 0.19713515043258667,
      "translation_camera": [
        -0.009735601022839546,
        0.032058652490377426,
        0.43900004029273987
      ],
      "rotation_matrix_camera": [
        [
          0.8544597029685974,
          0.03706137463450432,
          -0.5181940793991089
        ],
        [
          -0.517707347869873,
          -0.022455113008618355,
          -0.8552629947662354
        ],
        [
          -0.04333333298563957,
          0.9990606307983398,
          -4.367032602203835e-08
        ]
      ],
      "width": 0.06599688529968262,
      "height": 0.019999999552965164,
      "depth": 0.019999999552965164,
      "object_id": -1,
      "frame": "RealSense D455 aligned color camera frame",
      "rank": 11,
      "distance_to_object_center": 0.06962251157638392
    },
    {
      "score": 0.19631922245025635,
      "translation_camera": [
        -0.020590689033269882,
        0.006809348706156015,
        0.4280000329017639
      ],
      "rotation_matrix_camera": [
        [
          -0.1557886302471161,
          0.9057342410087585,
          0.39417678117752075
        ],
        [
          -0.33291125297546387,
          -0.4238460063934326,
          0.8423328399658203
        ],
        [
          0.9300000071525574,
          0.0,
          0.3675594925880432
        ]
      ],
      "width": 0.08467842638492584,
      "height": 0.019999999552965164,
      "depth": 0.029999999329447746,
      "object_id": -1,
      "frame": "RealSense D455 aligned color camera frame",
      "rank": 12,
      "distance_to_object_center": 0.04166050984753134
    },
    {
      "score": 0.19593071937561035,
      "translation_camera": [
        -0.021599186584353447,
        -0.0020703894551843405,
        0.42600002884864807
      ],
      "rotation_matrix_camera": [
        [
          -0.1557886302471161,
          0.9057342410087585,
          0.39417678117752075
        ],
        [
          -0.33291125297546387,
          -0.4238460063934326,
          0.8423328399658203
        ],
        [
          0.9300000071525574,
          0.0,
          0.3675594925880432
        ]
      ],
      "width": 0.08475776016712189,
      "height": 0.019999999552965164,
      "depth": 0.029999999329447746,
      "object_id": -1,
      "frame": "RealSense D455 aligned color camera frame",
      "rank": 13,
      "distance_to_object_center": 0.03293807216284143
    },
    {
      "score": 0.19241777062416077,
      "translation_camera": [
        -0.013120930641889572,
        0.03425991162657738,
        0.43800002336502075
      ],
      "rotation_matrix_camera": [
        [
          0.8544597029685974,
          0.03706137463450432,
          -0.5181940793991089
        ],
        [
          -0.517707347869873,
          -0.022455113008618355,
          -0.8552629947662354
        ],
        [
          -0.04333333298563957,
          0.9990606307983398,
          -4.367032602203835e-08
        ]
      ],
      "width": 0.06701983511447906,
      "height": 0.019999999552965164,
      "depth": 0.019999999552965164,
      "object_id": -1,
      "frame": "RealSense D455 aligned color camera frame",
      "rank": 14,
      "distance_to_object_center": 0.07066653611587782
    },
    {
      "score": 0.18918967247009277,
      "translation_camera": [
        -0.010824490338563919,
        0.037585340440273285,
        0.437000036239624
      ],
      "rotation_matrix_camera": [
        [
          0.8544597029685974,
          0.03706137463450432,
          -0.5181940793991089
        ],
        [
          -0.517707347869873,
          -0.022455113008618355,
          -0.8552629947662354
        ],
        [
          -0.04333333298563957,
          0.9990606307983398,
          -4.367032602203835e-08
        ]
      ],
      "width": 0.0663328617811203,
      "height": 0.019999999552965164,
      "depth": 0.019999999552965164,
      "object_id": -1,
      "frame": "RealSense D455 aligned color camera frame",
      "rank": 15,
      "distance_to_object_center": 0.07432588950051519
    },
    {
      "score": 0.1888445019721985,
      "translation_camera": [
        -0.016226548701524734,
        0.009073917753994465,
        0.43000003695487976
      ],
      "rotation_matrix_camera": [
        [
          -0.1557886302471161,
          0.9057342410087585,
          0.39417678117752075
        ],
        [
          -0.33291125297546387,
          -0.4238460063934326,
          0.8423328399658203
        ],
        [
          0.9300000071525574,
          0.0,
          0.3675594925880432
        ]
      ],
      "width": 0.08493420481681824,
      "height": 0.019999999552965164,
      "depth": 0.029999999329447746,
      "object_id": -1,
      "frame": "RealSense D455 aligned color camera frame",
      "rank": 16,
      "distance_to_object_center": 0.045044394186906
    },
    {
      "score": 0.18855050206184387,
      "translation_camera": [
        -0.008558005094528198,
        0.027374405413866043,
        0.437000036239624
      ],
      "rotation_matrix_camera": [
        [
          0.8544597029685974,
          0.03706137463450432,
          -0.5181940793991089
        ],
        [
          -0.517707347869873,
          -0.022455113008618355,
          -0.8552629947662354
        ],
        [
          -0.04333333298563957,
          0.9990606307983398,
          -4.367032602203835e-08
        ]
      ],
      "width": 0.06037747487425804,
      "height": 0.019999999552965164,
      "depth": 0.019999999552965164,
      "object_id": -1,
      "frame": "RealSense D455 aligned color camera frame",
      "rank": 17,
      "distance_to_object_center": 0.06532769197862591
    },
    {
      "score": 0.18838508427143097,
      "translation_camera": [
        -0.013061017729341984,
        0.03636737912893295,
        0.4360000193119049
      ],
      "rotation_matrix_camera": [
        [
          0.8544597029685974,
          0.03706137463450432,
          -0.5181940793991089
        ],
        [
          -0.517707347869873,
          -0.022455113008618355,
          -0.8552629947662354
        ],
        [
          -0.04333333298563957,
          0.9990606307983398,
          -4.367032602203835e-08
        ]
      ],
      "width": 0.0671897679567337,
      "height": 0.019999999552965164,
      "depth": 0.019999999552965164,
      "object_id": -1,
      "frame": "RealSense D455 aligned color camera frame",
      "rank": 18,
      "distance_to_object_center": 0.07248828193774279
    },
    {
      "score": 0.1881636679172516,
      "translation_camera": [
        -0.022703902795910835,
        -0.004282369278371334,
        0.42600002884864807
      ],
      "rotation_matrix_camera": [
        [
          -0.1557886302471161,
          0.9057342410087585,
          0.39417678117752075
        ],
        [
          -0.33291125297546387,
          -0.4238460063934326,
          0.8423328399658203
        ],
        [
          0.9300000071525574,
          0.0,
          0.3675594925880432
        ]
      ],
      "width": 0.08435258269309998,
      "height": 0.019999999552965164,
      "depth": 0.029999999329447746,
      "object_id": -1,
      "frame": "RealSense D455 aligned color camera frame",
      "rank": 19,
      "distance_to_object_center": 0.030524724109681663
    },
    {
      "score": 0.18727310001850128,
      "translation_camera": [
        -0.014159116894006729,
        0.03176654502749443,
        0.4350000321865082
      ],
      "rotation_matrix_camera": [
        [
          0.8544597029685974,
          0.03706137463450432,
          -0.5181940793991089
        ],
        [
          -0.517707347869873,
          -0.022455113008618355,
          -0.8552629947662354
        ],
        [
          -0.04333333298563957,
          0.9990606307983398,
          -4.367032602203835e-08
        ]
      ],
      "width": 0.0657673254609108,
      "height": 0.019999999552965164,
      "depth": 0.019999999552965164,
      "object_id": -1,
      "frame": "RealSense D455 aligned color camera frame",
      "rank": 20,
      "distance_to_object_center": 0.06768610263001536
    },
    {
      "score": 0.18654079735279083,
      "translation_camera": [
        -0.011930368840694427,
        0.029575666412711143,
        0.4360000193119049
      ],
      "rotation_matrix_camera": [
        [
          0.8544597029685974,
          0.03706137463450432,
          -0.5181940793991089
        ],
        [
          -0.517707347869873,
          -0.022455113008618355,
          -0.8552629947662354
        ],
        [
          -0.04333333298563957,
          0.9990606307983398,
          -4.367032602203835e-08
        ]
      ],
      "width": 0.06498326361179352,
      "height": 0.019999999552965164,
      "depth": 0.019999999552965164,
      "object_id": -1,
      "frame": "RealSense D455 aligned color camera frame",
      "rank": 21,
      "distance_to_object_center": 0.06625750534103098
    },
    {
      "score": 0.18645718693733215,
      "translation_camera": [
        -0.0074247634038329124,
        0.03985443711280823,
        0.437000036239624
      ],
      "rotation_matrix_camera": [
        [
          0.8544597029685974,
          0.03706137463450432,
          -0.5181940793991089
        ],
        [
          -0.517707347869873,
          -0.022455113008618355,
          -0.8552629947662354
        ],
        [
          -0.04333333298563957,
          0.9990606307983398,
          -4.367032602203835e-08
        ]
      ],
      "width": 0.06632918119430542,
      "height": 0.019999999552965164,
      "depth": 0.019999999552965164,
      "object_id": -1,
      "frame": "RealSense D455 aligned color camera frame",
      "rank": 22,
      "distance_to_object_center": 0.07744492945109346
    },
    {
      "score": 0.18609407544136047,
      "translation_camera": [
        -0.008597172796726227,
        0.028639430180191994,
        0.43900004029273987
      ],
      "rotation_matrix_camera": [
        [
          0.8544597029685974,
          0.03706137463450432,
          -0.5181940793991089
        ],
        [
          -0.517707347869873,
          -0.022455113008618355,
          -0.8552629947662354
        ],
        [
          -0.04333333298563957,
          0.9990606307983398,
          -4.367032602203835e-08
        ]
      ],
      "width": 0.061503175646066666,
      "height": 0.019999999552965164,
      "depth": 0.019999999552965164,
      "object_id": -1,
      "frame": "RealSense D455 aligned color camera frame",
      "rank": 23,
      "distance_to_object_center": 0.0667683441678256
    },
    {
      "score": 0.18605083227157593,
      "translation_camera": [
        -0.013031061738729477,
        0.03854268044233322,
        0.4350000321865082
      ],
      "rotation_matrix_camera": [
        [
          0.8544597029685974,
          0.03706137463450432,
          -0.5181940793991089
        ],
        [
          -0.517707347869873,
          -0.022455113008618355,
          -0.8552629947662354
        ],
        [
          -0.04333333298563957,
          0.9990606307983398,
          -4.367032602203835e-08
        ]
      ],
      "width": 0.06691543757915497,
      "height": 0.019999999552965164,
      "depth": 0.019999999552965164,
      "object_id": -1,
      "frame": "RealSense D455 aligned color camera frame",
      "rank": 24,
      "distance_to_object_center": 0.07451160963583593
    },
    {
      "score": 0.18579168617725372,
      "translation_camera": [
        -0.024971818551421165,
        -0.005401007365435362,
        0.4270000159740448
      ],
      "rotation_matrix_camera": [
        [
          -0.1557886302471161,
          0.9057342410087585,
          0.39417678117752075
        ],
        [
          -0.33291125297546387,
          -0.4238460063934326,
          0.8423328399658203
        ],
        [
          0.9300000071525574,
          0.0,
          0.3675594925880432
        ]
      ],
      "width": 0.08471300452947617,
      "height": 0.019999999552965164,
      "depth": 0.029999999329447746,
      "object_id": -1,
      "frame": "RealSense D455 aligned color camera frame",
      "rank": 25,
      "distance_to_object_center": 0.02885056982596612
    },
    {
      "score": 0.1857878416776657,
      "translation_camera": [
        -0.02375273033976555,
        -0.05282163247466087,
        0.42500001192092896
      ],
      "rotation_matrix_camera": [
        [
          0.4980229139328003,
          -0.6140506863594055,
          -0.6123030185699463
        ],
        [
          -0.3856969475746155,
          0.47555533051490784,
          -0.790623128414154
        ],
        [
          0.7766667008399963,
          0.6299118399620056,
          -2.7534321489497415e-08
        ]
      ],
      "width": 0.0695163682103157,
      "height": 0.019999999552965164,
      "depth": 0.029999999329447746,
      "object_id": -1,
      "frame": "RealSense D455 aligned color camera frame",
      "rank": 26,
      "distance_to_object_center": 0.020685807945993243
    },
    {
      "score": 0.18422368168830872,
      "translation_camera": [
        -0.014126567170023918,
        0.02831323817372322,
        0.43400001525878906
      ],
      "rotation_matrix_camera": [
        [
          0.8544597029685974,
          0.03706137463450432,
          -0.5181940793991089
        ],
        [
          -0.517707347869873,
          -0.022455113008618355,
          -0.8552629947662354
        ],
        [
          -0.04333333298563957,
          0.9990606307983398,
          -4.367032602203835e-08
        ]
      ],
      "width": 0.06541068106889725,
      "height": 0.019999999552965164,
      "depth": 0.019999999552965164,
      "object_id": -1,
      "frame": "RealSense D455 aligned color camera frame",
      "rank": 27,
      "distance_to_object_center": 0.06427696776468834
    },
    {
      "score": 0.18375861644744873,
      "translation_camera": [
        -0.051857464015483856,
        0.03661761432886124,
        0.43900004029273987
      ],
      "rotation_matrix_camera": [
        [
          0.14391817152500153,
          -0.43786168098449707,
          -0.8874484300613403
        ],
        [
          -0.2771056890487671,
          0.8430759906768799,
          -0.4609070420265198
        ],
        [
          0.949999988079071,
          0.31224989891052246,
          -1.3648876695526724e-08
        ]
      ],
      "width": 0.06736352294683456,
      "height": 0.019999999552965164,
      "depth": 0.019999999552965164,
      "object_id": -1,
      "frame": "RealSense D455 aligned color camera frame",
      "rank": 28,
      "distance_to_object_center": 0.07414565180312513
    },
    {
      "score": 0.18281888961791992,
      "translation_camera": [
        -0.012971148826181889,
        0.02487551048398018,
        0.43300002813339233
      ],
      "rotation_matrix_camera": [
        [
          0.8544597029685974,
          0.03706137463450432,
          -0.5181940793991089
        ],
        [
          -0.517707347869873,
          -0.022455113008618355,
          -0.8552629947662354
        ],
        [
          -0.04333333298563957,
          0.9990606307983398,
          -4.367032602203835e-08
        ]
      ],
      "width": 0.06403040885925293,
      "height": 0.019999999552965164,
      "depth": 0.019999999552965164,
      "object_id": -1,
      "frame": "RealSense D455 aligned color camera frame",
      "rank": 29,
      "distance_to_object_center": 0.06121509651536092
    },
    {
      "score": 0.18160395324230194,
      "translation_camera": [
        -0.049794767051935196,
        -0.08601751178503036,
        0.4310000240802765
      ],
      "rotation_matrix_camera": [
        [
          0.05689249932765961,
          -0.11523131281137466,
          -0.9917080998420715
        ],
        [
          -0.43903547525405884,
          0.8892316222190857,
          -0.1285107433795929
        ],
        [
          0.8966667056083679,
          0.44270631670951843,
          -1.9351308111481558e-08
        ]
      ],
      "width": 0.07644221186637878,
      "height": 0.019999999552965164,
      "depth": 0.019999999552965164,
      "object_id": -1,
      "frame": "RealSense D455 aligned color camera frame",
      "rank": 30,
      "distance_to_object_center": 0.055858646700358006
    },
    {
      "score": 0.18022148311138153,
      "translation_camera": [
        -0.016188811510801315,
        0.0057114795781672,
        0.42900002002716064
      ],
      "rotation_matrix_camera": [
        [
          -0.1557886302471161,
          0.9057342410087585,
          0.39417678117752075
        ],
        [
          -0.33291125297546387,
          -0.4238460063934326,
          0.8423328399658203
        ],
        [
          0.9300000071525574,
          0.0,
          0.3675594925880432
        ]
      ],
      "width": 0.08495622873306274,
      "height": 0.019999999552965164,
      "depth": 0.029999999329447746,
      "object_id": -1,
      "frame": "RealSense D455 aligned color camera frame",
      "rank": 31,
      "distance_to_object_center": 0.041868924838447015
    },
    {
      "score": 0.17956939339637756,
      "translation_camera": [
        -0.01190300565212965,
        0.02724912203848362,
        0.4350000321865082
      ],
      "rotation_matrix_camera": [
        [
          0.8544597029685974,
          0.03706137463450432,
          -0.5181940793991089
        ],
        [
          -0.517707347869873,
          -0.022455113008618355,
          -0.8552629947662354
        ],
        [
          -0.04333333298563957,
          0.9990606307983398,
          -4.367032602203835e-08
        ]
      ],
      "width": 0.06395839899778366,
      "height": 0.019999999552965164,
      "depth": 0.019999999552965164,
      "object_id": -1,
      "frame": "RealSense D455 aligned color camera frame",
      "rank": 32,
      "distance_to_object_center": 0.06394723730907065
    },
    {
      "score": 0.17637954652309418,
      "translation_camera": [
        -0.010774949565529823,
        0.03967203572392464,
        0.4350000321865082
      ],
      "rotation_matrix_camera": [
        [
          0.8544597029685974,
          0.03706137463450432,
          -0.5181940793991089
        ],
        [
          -0.517707347869873,
          -0.022455113008618355,
          -0.8552629947662354
        ],
        [
          -0.04333333298563957,
          0.9990606307983398,
          -4.367032602203835e-08
        ]
      ],
      "width": 0.06560992449522018,
      "height": 0.019999999552965164,
      "depth": 0.019999999552965164,
      "object_id": -1,
      "frame": "RealSense D455 aligned color camera frame",
      "rank": 33,
      "distance_to_object_center": 0.07615750946292621
    },
    {
      "score": 0.1758725345134735,
      "translation_camera": [
        -0.018413804471492767,
        0.006825258024036884,
        0.42900002002716064
      ],
      "rotation_matrix_camera": [
        [
          -0.1557886302471161,
          0.9057342410087585,
          0.39417678117752075
        ],
        [
          -0.33291125297546387,
          -0.4238460063934326,
          0.8423328399658203
        ],
        [
          0.9300000071525574,
          0.0,
          0.3675594925880432
        ]
      ],
      "width": 0.08430428057909012,
      "height": 0.019999999552965164,
      "depth": 0.029999999329447746,
      "object_id": -1,
      "frame": "RealSense D455 aligned color camera frame",
      "rank": 34,
      "distance_to_object_center": 0.04223142236565518
    },
    {
      "score": 0.17578178644180298,
      "translation_camera": [
        -0.010700640268623829,
        0.04276313632726669,
        0.4320000410079956
      ],
      "rotation_matrix_camera": [
        [
          0.8544597029685974,
          0.03706137463450432,
          -0.5181940793991089
        ],
        [
          -0.517707347869873,
          -0.022455113008618355,
          -0.8552629947662354
        ],
        [
          -0.04333333298563957,
          0.9990606307983398,
          -4.367032602203835e-08
        ]
      ],
      "width": 0.06317553669214249,
      "height": 0.019999999552965164,
      "depth": 0.019999999552965164,
      "object_id": -1,
      "frame": "RealSense D455 aligned color camera frame",
      "rank": 35,
      "distance_to_object_center": 0.07898603134288147
    },
    {
      "score": 0.17407134175300598,
      "translation_camera": [
        -0.009624716825783253,
        0.041834354400634766,
        0.43400001525878906
      ],
      "rotation_matrix_camera": [
        [
          0.8544597029685974,
          0.03706137463450432,
          -0.5181940793991089
        ],
        [
          -0.517707347869873,
          -0.022455113008618355,
          -0.8552629947662354
        ],
        [
          -0.04333333298563957,
          0.9990606307983398,
          -4.367032602203835e-08
        ]
      ],
      "width": 0.06457627564668655,
      "height": 0.019999999552965164,
      "depth": 0.019999999552965164,
      "object_id": -1,
      "frame": "RealSense D455 aligned color camera frame",
      "rank": 36,
      "distance_to_object_center": 0.07846862132850999
    },
    {
      "score": 0.17396213114261627,
      "translation_camera": [
        -0.009646894410252571,
        0.026119764894247055,
        0.4350000321865082
      ],
      "rotation_matrix_camera": [
        [
          0.8544597029685974,
          0.03706137463450432,
          -0.5181940793991089
        ],
        [
          -0.517707347869873,
          -0.022455113008618355,
          -0.8552629947662354
        ],
        [
          -0.04333333298563957,
          0.9990606307983398,
          -4.367032602203835e-08
        ]
      ],
      "width": 0.06116741523146629,
      "height": 0.019999999552965164,
      "depth": 0.019999999552965164,
      "object_id": -1,
      "frame": "RealSense D455 aligned color camera frame",
      "rank": 37,
      "distance_to_object_center": 0.06357413615604471
    },
    {
      "score": 0.16550925374031067,
      "translation_camera": [
        -0.018456727266311646,
        0.029168663546442986,
        0.43000003695487976
      ],
      "rotation_matrix_camera": [
        [
          -0.1557886302471161,
          0.9057342410087585,
          0.39417678117752075
        ],
        [
          -0.33291125297546387,
          -0.4238460063934326,
          0.8423328399658203
        ],
        [
          0.9300000071525574,
          0.0,
          0.3675594925880432
        ]
      ],
      "width": 0.08404454588890076,
      "height": 0.019999999552965164,
      "depth": 0.029999999329447746,
      "object_id": -1,
      "frame": "RealSense D455 aligned color camera frame",
      "rank": 38,
      "distance_to_object_center": 0.06396704063373364
    },
    {
      "score": 0.16462746262550354,
      "translation_camera": [
        -0.020686905831098557,
        0.03028503805398941,
        0.43000003695487976
      ],
      "rotation_matrix_camera": [
        [
          -0.1557886302471161,
          0.9057342410087585,
          0.39417678117752075
        ],
        [
          -0.33291125297546387,
          -0.4238460063934326,
          0.8423328399658203
        ],
        [
          0.9300000071525574,
          0.0,
          0.3675594925880432
        ]
      ],
      "width": 0.08385486155748367,
      "height": 0.019999999552965164,
      "depth": 0.029999999329447746,
      "object_id": -1,
      "frame": "RealSense D455 aligned color camera frame",
      "rank": 39,
      "distance_to_object_center": 0.06469036798632768
    },
    {
      "score": 0.15935158729553223,
      "translation_camera": [
        -0.02170059084892273,
        0.010142895393073559,
        0.4280000329017639
      ],
      "rotation_matrix_camera": [
        [
          -0.1557886302471161,
          0.9057342410087585,
          0.39417678117752075
        ],
        [
          -0.33291125297546387,
          -0.4238460063934326,
          0.8423328399658203
        ],
        [
          0.9300000071525574,
          0.0,
          0.3675594925880432
        ]
      ],
      "width": 0.08482421189546585,
      "height": 0.019999999552965164,
      "depth": 0.029999999329447746,
      "object_id": -1,
      "frame": "RealSense D455 aligned color camera frame",
      "rank": 40,
      "distance_to_object_center": 0.04467537325661421
    },
    {
      "score": 0.15854153037071228,
      "translation_camera": [
        -0.021751293912529945,
        0.027987049892544746,
        0.42900002002716064
      ],
      "rotation_matrix_camera": [
        [
          -0.1557886302471161,
          0.9057342410087585,
          0.39417678117752075
        ],
        [
          -0.33291125297546387,
          -0.4238460063934326,
          0.8423328399658203
        ],
        [
          0.9300000071525574,
          0.0,
          0.3675594925880432
        ]
      ],
      "width": 0.08270643651485443,
      "height": 0.019999999552965164,
      "depth": 0.029999999329447746,
      "object_id": -1,
      "frame": "RealSense D455 aligned color camera frame",
      "rank": 41,
      "distance_to_object_center": 0.06225446642124499
    },
    {
      "score": 0.15803249180316925,
      "translation_camera": [
        -0.02275719866156578,
        0.007902024313807487,
        0.4270000159740448
      ],
      "rotation_matrix_camera": [
        [
          -0.1557886302471161,
          0.9057342410087585,
          0.39417678117752075
        ],
        [
          -0.33291125297546387,
          -0.4238460063934326,
          0.8423328399658203
        ],
        [
          0.9300000071525574,
          0.0,
          0.3675594925880432
        ]
      ],
      "width": 0.08471012860536575,
      "height": 0.019999999552965164,
      "depth": 0.029999999329447746,
      "object_id": -1,
      "frame": "RealSense D455 aligned color camera frame",
      "rank": 42,
      "distance_to_object_center": 0.042311446012579426
    },
    {
      "score": 0.15641146898269653,
      "translation_camera": [
        -0.02144707925617695,
        -0.08881370723247528,
        0.4230000376701355
      ],
      "rotation_matrix_camera": [
        [
          0.5313771963119507,
          -0.7907350063323975,
          -0.3039349615573883
        ],
        [
          -0.16952382028102875,
          0.2522660195827484,
          -0.9526927471160889
        ],
        [
          0.8300000429153442,
          0.557763397693634,
          -2.4380613083963e-08
        ]
      ],
      "width": 0.07609719783067703,
      "height": 0.019999999552965164,
      "depth": 0.019999999552965164,
      "object_id": -1,
      "frame": "RealSense D455 aligned color camera frame",
      "rank": 43,
      "distance_to_object_center": 0.05620417895139868
    },
    {
      "score": 0.1553877294063568,
      "translation_camera": [
        -0.009691247716546059,
        -0.06792765110731125,
        0.437000036239624
      ],
      "rotation_matrix_camera": [
        [
          0.6660667061805725,
          -0.7401613593101501,
          -0.09228425472974777
        ],
        [
          -0.06173091381788254,
          0.0685979425907135,
          -0.9957327246665955
        ],
        [
          0.7433333396911621,
          0.6689212322235107,
          -2.9239474841347146e-08
        ]
      ],
      "width": 0.06559726595878601,
      "height": 0.019999999552965164,
      "depth": 0.009999999776482582,
      "object_id": -1,
      "frame": "RealSense D455 aligned color camera frame",
      "rank": 44,
      "distance_to_object_center": 0.04085040143644718
    },
    {
      "score": 0.1532493382692337,
      "translation_camera": [
        -0.00849925447255373,
        0.023806199431419373,
        0.43400001525878906
      ],
      "rotation_matrix_camera": [
        [
          0.7653300762176514,
          0.14272962510585785,
          -0.6276130676269531
        ],
        [
          -0.6169755458831787,
          -0.11506243795156479,
          -0.7785254120826721
        ],
        [
          -0.18333333730697632,
          0.9830508232116699,
          -4.297051603430191e-08
        ]
      ],
      "width": 0.061784230172634125,
      "height": 0.019999999552965164,
      "depth": 0.019999999552965164,
      "object_id": -1,
      "frame": "RealSense D455 aligned color camera frame",
      "rank": 45,
      "distance_to_object_center": 0.06171269845646695
    },
    {
      "score": 0.1501390039920807,
      "translation_camera": [
        -0.006277123931795359,
        0.02504785917699337,
        0.4360000193119049
      ],
      "rotation_matrix_camera": [
        [
          0.7653300762176514,
          0.14272962510585785,
          -0.6276130676269531
        ],
        [
          -0.6169755458831787,
          -0.11506243795156479,
          -0.7785254120826721
        ],
        [
          -0.18333333730697632,
          0.9830508232116699,
          -4.297051603430191e-08
        ]
      ],
      "width": 0.06068675220012665,
      "height": 0.019999999552965164,
      "depth": 0.019999999552965164,
      "object_id": -1,
      "frame": "RealSense D455 aligned color camera frame",
      "rank": 46,
      "distance_to_object_center": 0.06386812026764843
    },
    {
      "score": 0.1481575071811676,
      "translation_camera": [
        -0.01525202952325344,
        -0.06746132671833038,
        0.43400001525878906
      ],
      "rotation_matrix_camera": [
        [
          0.6660667061805725,
          -0.7401613593101501,
          -0.09228425472974777
        ],
        [
          -0.06173091381788254,
          0.0685979425907135,
          -0.9957327246665955
        ],
        [
          0.7433333396911621,
          0.6689212322235107,
          -2.9239474841347146e-08
        ]
      ],
      "width": 0.06636227667331696,
      "height": 0.019999999552965164,
      "depth": 0.009999999776482582,
      "object_id": -1,
      "frame": "RealSense D455 aligned color camera frame",
      "rank": 47,
      "distance_to_object_center": 0.0373926380899107
    },
    {
      "score": 0.14450260996818542,
      "translation_camera": [
        -0.020735014230012894,
        0.03259341046214104,
        0.4310000240802765
      ],
      "rotation_matrix_camera": [
        [
          -0.1557886302471161,
          0.9057342410087585,
          0.39417678117752075
        ],
        [
          -0.33291125297546387,
          -0.4238460063934326,
          0.8423328399658203
