{
  "success": true,
  "method": "graspnet_baseline_d455",
  "num_candidates": 171,
  "object_center_camera": [
    0.051381639466997954,
    -0.02876478183903971,
    0.37000003457069397
  ],
  "candidates": [
    {
      "score": 0.5556458830833435,
      "translation_camera": [
        0.035245850682258606,
        -0.0724855288863182,
        0.37300002574920654
      ],
      "rotation_matrix_camera": [
        [
          0.05689249932765961,
          -0.11523131281137466,
          -0.9917080998420715
        ],
        [
          -0.43903547525405884,
          0.8892316222190857,
          -0.1285107433795929
        ],
        [
          0.8966667056083679,
          0.44270631670951843,
          -1.9351308111481558e-08
        ]
      ],
      "width": 0.0765312910079956,
      "height": 0.019999999552965164,
      "depth": 0.029999999329447746,
      "object_id": -1,
      "frame": "RealSense D455 aligned color camera frame",
      "rank": 0,
      "distance_to_object_center": 0.04669975748490547
    },
    {
      "score": 0.46865302324295044,
      "translation_camera": [
        0.034462641924619675,
        -0.07384750992059708,
        0.3750000298023224
      ],
      "rotation_matrix_camera": [
        [
          0.05689249932765961,
          -0.11523131281137466,
          -0.9917080998420715
        ],
        [
          -0.43903547525405884,
          0.8892316222190857,
          -0.1285107433795929
        ],
        [
          0.8966667056083679,
          0.44270631670951843,
          -1.9351308111481558e-08
        ]
      ],
      "width": 0.07649112492799759,
      "height": 0.019999999552965164,
      "depth": 0.029999999329447746,
      "object_id": -1,
      "frame": "RealSense D455 aligned color camera frame",
      "rank": 1,
      "distance_to_object_center": 0.04841182501652825
    },
    {
      "score": 0.43757256865501404,
      "translation_camera": [
        0.031630173325538635,
        -0.0730685219168663,
        0.3760000169277191
      ],
      "rotation_matrix_camera": [
        [
          0.05689249932765961,
          -0.11523131281137466,
          -0.9917080998420715
        ],
        [
          -0.43903547525405884,
          0.8892316222190857,
          -0.1285107433795929
        ],
        [
          0.8966667056083679,
          0.44270631670951843,
          -1.9351308111481558e-08
        ]
      ],
      "width": 0.0741167962551117,
      "height": 0.019999999552965164,
      "depth": 0.029999999329447746,
      "object_id": -1,
      "frame": "RealSense D455 aligned color camera frame",
      "rank": 2,
      "distance_to_object_center": 0.04887680009887559
    },
    {
      "score": 0.36998671293258667,
      "translation_camera": [
        0.03717987611889839,
        -0.07442178577184677,
        0.37300002574920654
      ],
      "rotation_matrix_camera": [
        [
          0.05689249932765961,
          -0.11523131281137466,
          -0.9917080998420715
        ],
        [
          -0.43903547525405884,
          0.8892316222190857,
          -0.1285107433795929
        ],
        [
          0.8966667056083679,
          0.44270631670951843,
          -1.9351308111481558e-08
        ]
      ],
      "width": 0.07852548360824585,
      "height": 0.019999999552965164,
      "depth": 0.019999999552965164,
      "object_id": -1,
      "frame": "RealSense D455 aligned color camera frame",
      "rank": 3,
      "distance_to_object_center": 0.04790878872802919
    },
    {
      "score": 0.23073428869247437,
      "translation_camera": [
        0.0609855130314827,
        -0.06903615593910217,
        0.36500000953674316
      ],
      "rotation_matrix_camera": [
        [
          0.6540746092796326,
          -0.6235225796699524,
          -0.42825937271118164
        ],
        [
          -0.309978187084198,
          0.2954989969730377,
          -0.9036558270454407
        ],
        [
          0.690000057220459,
          0.7238094210624695,
          -3.1638712982839934e-08
        ]
      ],
      "width": 0.06289542466402054,
      "height": 0.019999999552965164,
      "depth": 0.019999999552965164,
      "object_id": -1,
      "frame": "RealSense D455 aligned color camera frame",
      "rank": 4,
      "distance_to_object_center": 0.041701537258114665
    },
    {
      "score": 0.2264217734336853,
      "translation_camera": [
        0.05688700079917908,
        -0.06394702196121216,
        0.3630000352859497
      ],
      "rotation_matrix_camera": [
        [
          0.6540746092796326,
          -0.6235225796699524,
          -0.42825937271118164
        ],
        [
          -0.309978187084198,
          0.2954989969730377,
          -0.9036558270454407
        ],
        [
          0.690000057220459,
          0.7238094210624695,
          -3.1638712982839934e-08
        ]
      ],
      "width": 0.056314513087272644,
      "height": 0.019999999552965164,
      "depth": 0.029999999329447746,
      "object_id": -1,
      "frame": "RealSense D455 aligned color camera frame",
      "rank": 5,
      "distance_to_object_center": 0.036291858775743306
    },
    {
      "score": 0.22342823445796967,
      "translation_camera": [
        0.04868398234248161,
        -0.06240462139248848,
        0.36500000953674316
      ],
      "rotation_matrix_camera": [
        [
          0.4980229139328003,
          -0.6140506863594055,
          -0.6123030185699463
        ],
        [
          -0.3856969475746155,
          0.47555533051490784,
          -0.790623128414154
        ],
        [
          0.7766667008399963,
          0.6299118399620056,
          -2.7534321489497415e-08
        ]
      ],
      "width": 0.061502039432525635,
      "height": 0.019999999552965164,
      "depth": 0.019999999552965164,
      "object_id": -1,
      "frame": "RealSense D455 aligned color camera frame",
      "rank": 6,
      "distance_to_object_center": 0.034116219155752955
    },
    {
      "score": 0.2144102156162262,
      "translation_camera": [
        0.05500482767820358,
        -0.06206268072128296,
        0.3630000352859497
      ],
      "rotation_matrix_camera": [
        [
          0.6540746092796326,
          -0.6235225796699524,
          -0.42825937271118164
        ],
        [
          -0.309978187084198,
          0.2954989969730377,
          -0.9036558270454407
        ],
        [
          0.690000057220459,
          0.7238094210624695,
          -3.1638712982839934e-08
        ]
      ],
      "width": 0.0549989677965641,
      "height": 0.019999999552965164,
      "depth": 0.029999999329447746,
      "object_id": -1,
      "frame": "RealSense D455 aligned color camera frame",
      "rank": 7,
      "distance_to_object_center": 0.03421808809346799
    },
    {
      "score": 0.2014804631471634,
      "translation_camera": [
        0.05688700079917908,
        -0.06677353382110596,
        0.3630000352859497
      ],
      "rotation_matrix_camera": [
        [
          0.6540746092796326,
          -0.6235225796699524,
          -0.42825937271118164
        ],
        [
          -0.309978187084198,
          0.2954989969730377,
          -0.9036558270454407
        ],
        [
          0.690000057220459,
          0.7238094210624695,
          -3.1638712982839934e-08
        ]
      ],
      "width": 0.05902398005127907,
      "height": 0.019999999552965164,
      "depth": 0.019999999552965164,
      "object_id": -1,
      "frame": "RealSense D455 aligned color camera frame",
      "rank": 8,
      "distance_to_object_center": 0.03903811241105953
    },
    {
      "score": 0.18114802241325378,
      "translation_camera": [
        0.054063741117715836,
        -0.06488919258117676,
        0.3630000352859497
      ],
      "rotation_matrix_camera": [
        [
          0.6540746092796326,
          -0.6235225796699524,
          -0.42825937271118164
        ],
        [
          -0.309978187084198,
          0.2954989969730377,
          -0.9036558270454407
        ],
        [
          0.690000057220459,
          0.7238094210624695,
          -3.1638712982839934e-08
        ]
      ],
      "width": 0.056256163865327835,
      "height": 0.019999999552965164,
      "depth": 0.029999999329447746,
      "object_id": -1,
      "frame": "RealSense D455 aligned color camera frame",
      "rank": 9,
      "distance_to_object_center": 0.036893992881197206
    },
    {
      "score": 0.1777513176202774,
      "translation_camera": [
        0.050437960773706436,
        -0.07168132066726685,
        0.36400002241134644
      ],
      "rotation_matrix_camera": [
        [
          0.4980229139328003,
          -0.6140506863594055,
          -0.6123030185699463
        ],
        [
          -0.3856969475746155,
          0.47555533051490784,
          -0.790623128414154
        ],
        [
          0.7766667008399963,
          0.6299118399620056,
          -2.7534321489497415e-08
        ]
      ],
      "width": 0.06595312058925629,
      "height": 0.019999999552965164,
      "depth": 0.019999999552965164,
      "object_id": -1,
      "frame": "RealSense D455 aligned color camera frame",
      "rank": 10,
      "distance_to_object_center": 0.043344203538457346
    },
    {
      "score": 0.17291495203971863,
      "translation_camera": [
        0.060203734785318375,
        -0.0435764417052269,
        0.3660000264644623
      ],
      "rotation_matrix_camera": [
        [
          -0.34101662039756775,
          0.6214070320129395,
          -0.7053799033164978
        ],
        [
          -0.33935707807540894,
          0.6183831095695496,
          0.708829402923584
        ],
        [
          0.8766666650772095,
          0.4810982644557953,
          -2.102947327387028e-08
        ]
      ],
      "width": 0.07778173685073853,
      "height": 0.019999999552965164,
      "depth": 0.03999999910593033,
      "object_id": -1,
      "frame": "RealSense D455 aligned color camera frame",
      "rank": 11,
      "distance_to_object_center": 0.01769787271530312
    },
    {
      "score": 0.17196422815322876,
      "translation_camera": [
        0.03621286526322365,
        -0.08313491940498352,
        0.37300002574920654
      ],
      "rotation_matrix_camera": [
        [
          0.05689249932765961,
          -0.11523131281137466,
          -0.9917080998420715
        ],
        [
          -0.43903547525405884,
          0.8892316222190857,
          -0.1285107433795929
        ],
        [
          0.8966667056083679,
          0.44270631670951843,
          -1.9351308111481558e-08
        ]
      ],
      "width": 0.07222707569599152,
      "height": 0.019999999552965164,
      "depth": 0.029999999329447746,
      "object_id": -1,
      "frame": "RealSense D455 aligned color camera frame",
      "rank": 12,
      "distance_to_object_center": 0.05652613127444595
    },
    {
      "score": 0.1621912121772766,
      "translation_camera": [
        0.053268998861312866,
        -0.07923945039510727,
        0.36400002241134644
      ],
      "rotation_matrix_camera": [
        [
          0.4980229139328003,
          -0.6140506863594055,
          -0.6123030185699463
        ],
        [
          -0.3856969475746155,
          0.47555533051490784,
          -0.790623128414154
        ],
        [
          0.7766667008399963,
          0.6299118399620056,
          -2.7534321489497415e-08
        ]
      ],
      "width": 0.06193394586443901,
      "height": 0.019999999552965164,
      "depth": 0.019999999552965164,
      "object_id": -1,
      "frame": "RealSense D455 aligned color camera frame",
      "rank": 13,
      "distance_to_object_center": 0.05086506106592719
    },
    {
      "score": 0.15941697359085083,
      "translation_camera": [
        0.054063741117715836,
        -0.07713741809129715,
        0.3630000352859497
      ],
      "rotation_matrix_camera": [
        [
          0.4980229139328003,
          -0.6140506863594055,
          -0.6123030185699463
        ],
        [
          -0.3856969475746155,
          0.47555533051490784,
          -0.790623128414154
        ],
        [
          0.7766667008399963,
          0.6299118399620056,
          -2.7534321489497415e-08
        ]
      ],
      "width": 0.061828140169382095,
      "height": 0.019999999552965164,
      "depth": 0.019999999552965164,
      "object_id": -1,
      "frame": "RealSense D455 aligned color camera frame",
      "rank": 14,
      "distance_to_object_center": 0.04895003163680709
    },
    {
      "score": 0.15877795219421387,
      "translation_camera": [
        0.057828087359666824,
        -0.08655913174152374,
        0.3630000352859497
      ],
      "rotation_matrix_camera": [
        [
          0.4980229139328003,
          -0.6140506863594055,
          -0.6123030185699463
        ],
        [
          -0.3856969475746155,
          0.47555533051490784,
          -0.790623128414154
        ],
        [
          0.7766667008399963,
          0.6299118399620056,
          -2.7534321489497415e-08
        ]
      ],
      "width": 0.06387926638126373,
      "height": 0.019999999552965164,
      "depth": 0.019999999552965164,
      "object_id": -1,
      "frame": "RealSense D455 aligned color camera frame",
      "rank": 15,
      "distance_to_object_center": 0.058572549552414664
    },
    {
      "score": 0.15360622107982635,
      "translation_camera": [
        0.05876917764544487,
        -0.08938564360141754,
        0.3630000352859497
      ],
      "rotation_matrix_camera": [
        [
          0.4980229139328003,
          -0.6140506863594055,
          -0.6123030185699463
        ],
        [
          -0.3856969475746155,
          0.47555533051490784,
          -0.790623128414154
        ],
        [
          0.7766667008399963,
          0.6299118399620056,
          -2.7534321489497415e-08
        ]
      ],
      "width": 0.06507964432239532,
      "height": 0.019999999552965164,
      "depth": 0.019999999552965164,
      "object_id": -1,
      "frame": "RealSense D455 aligned color camera frame",
      "rank": 16,
      "distance_to_object_center": 0.06146921661399105
    },
    {
      "score": 0.15301159024238586,
      "translation_camera": [
        0.05515635758638382,
        -0.08112898468971252,
        0.36400002241134644
      ],
      "rotation_matrix_camera": [
        [
          0.5313771963119507,
          -0.8424555659294128,
          -0.08892117440700531
        ],
        [
          -0.16952382028102875,
          -0.002904951572418213,
          -0.9855217337608337
        ],
        [
          0.8300000429153442,
          0.5387580394744873,
          -0.14435990154743195
        ]
      ],
      "width": 0.06975830346345901,
      "height": 0.019999999552965164,
      "depth": 0.019999999552965164,
      "object_id": -1,
      "frame": "RealSense D455 aligned color camera frame",
      "rank": 17,
      "distance_to_object_center": 0.05284182418292871
    },
    {
      "score": 0.15132597088813782,
      "translation_camera": [
        0.032691679894924164,
        0.0030607949011027813,
        0.37700003385543823
      ],
      "rotation_matrix_camera": [
        [
          0.32332366704940796,
          -0.5531456470489502,
          -0.7677836418151855
        ],
        [
          -0.38744980096817017,
          0.6628532409667969,
          -0.6407091617584229
        ],
        [
          0.8633333444595337,
          0.5046340823173523,
          -2.2058255666479454e-08
        ]
      ],
      "width": 0.06756170839071274,
      "height": 0.019999999552965164,
      "depth": 0.009999999776482582,
      "object_id": -1,
      "frame": "RealSense D455 aligned color camera frame",
      "rank": 18,
      "distance_to_object_center": 0.0375657012929996
    },
    {
      "score": 0.14646053314208984,
      "translation_camera": [
        0.034462641924619675,
        0.004017874598503113,
        0.3750000298023224
      ],
      "rotation_matrix_camera": [
        [
          0.32332366704940796,
          -0.5531456470489502,
          -0.7677836418151855
        ],
        [
          -0.38744980096817017,
          0.6628532409667969,
          -0.6407091617584229
        ],
        [
          0.8633333444595337,
          0.5046340823173523,
          -2.2058255666479454e-08
        ]
      ],
      "width": 0.07085812836885452,
      "height": 0.019999999552965164,
      "depth": 0.009999999776482582,
      "object_id": -1,
      "frame": "RealSense D455 aligned color camera frame",
      "rank": 19,
      "distance_to_object_center": 0.037228416475285075
    },
    {
      "score": 0.14645066857337952,
      "translation_camera": [
        0.031655121594667435,
        0.042716655880212784,
        0.33500000834465027
      ],
      "rotation_matrix_camera": [
        [
          0.8544597029685974,
          -0.49094492197036743,
          -0.16991698741912842
        ],
        [
          -0.517707347869873,
          -0.8319324851036072,
          -0.199668288230896
        ],
        [
          -0.04333333298563957,
          0.25857576727867126,
          -0.9650185108184814
        ]
      ],
      "width": 0.07344502955675125,
      "height": 0.019999999552965164,
      "depth": 0.029999999329447746,
      "object_id": -1,
      "frame": "RealSense D455 aligned color camera frame",
      "rank": 20,
      "distance_to_object_center": 0.08199837365217981
    },
    {
      "score": 0.14067122340202332,
      "translation_camera": [
        0.05958045274019241,
        0.040894586592912674,
        0.37400001287460327
      ],
      "rotation_matrix_camera": [
        [
          0.05689249932765961,
          -0.11523131281137466,
          -0.9917080998420715
        ],
        [
          -0.43903547525405884,
          0.8892316222190857,
          -0.1285107433795929
        ],
        [
          0.8966667056083679,
          0.44270631670951843,
          -1.9351308111481558e-08
        ]
      ],
      "width": 0.06914624571800232,
      "height": 0.019999999552965164,
      "depth": 0.009999999776482582,
      "object_id": -1,
      "frame": "RealSense D455 aligned color camera frame",
      "rank": 21,
      "distance_to_object_center": 0.07025416696437971
    },
    {
      "score": 0.14006206393241882,
      "translation_camera": [
        0.034362878650426865,
        0.04284416884183884,
        0.3360000252723694
      ],
      "rotation_matrix_camera": [
        [
          0.8544597029685974,
          -0.49094492197036743,
          -0.16991698741912842
        ],
        [
          -0.517707347869873,
          -0.8319324851036072,
          -0.199668288230896
        ],
        [
          -0.04333333298563957,
          0.25857576727867126,
          -0.9650185108184814
        ]
      ],
      "width": 0.07395849376916885,
      "height": 0.019999999552965164,
      "depth": 0.029999999329447746,
      "object_id": -1,
      "frame": "RealSense D455 aligned color camera frame",
      "rank": 22,
      "distance_to_object_center": 0.08107700456747469
    },
    {
      "score": 0.1374371349811554,
      "translation_camera": [
        0.0335797518491745,
        0.0011008504079654813,
        0.3760000169277191
      ],
      "rotation_matrix_camera": [
        [
          0.32332366704940796,
          -0.5531456470489502,
          -0.7677836418151855
        ],
        [
          -0.38744980096817017,
          0.6628532409667969,
          -0.6407091617584229
        ],
        [
          0.8633333444595337,
          0.5046340823173523,
          -2.2058255666479454e-08
        ]
      ],
      "width": 0.070437490940094,
      "height": 0.019999999552965164,
      "depth": 0.009999999776482582,
      "object_id": -1,
      "frame": "RealSense D455 aligned color camera frame",
      "rank": 23,
      "distance_to_object_center": 0.03528261584060322
    },
    {
      "score": 0.13645732402801514,
      "translation_camera": [
        0.05958045274019241,
        0.04574819654226303,
        0.37400001287460327
      ],
      "rotation_matrix_camera": [
        [
          0.05689249932765961,
          -0.11523131281137466,
          -0.9917080998420715
        ],
        [
          -0.43903547525405884,
          0.8892316222190857,
          -0.1285107433795929
        ],
        [
          0.8966667056083679,
          0.44270631670951843,
          -1.9351308111481558e-08
        ]
      ],
      "width": 0.0686669647693634,
      "height": 0.019999999552965164,
      "depth": 0.009999999776482582,
      "object_id": -1,
      "frame": "RealSense D455 aligned color camera frame",
      "rank": 24,
      "distance_to_object_center": 0.07506933004078926
    },
    {
      "score": 0.13523219525814056,
      "translation_camera": [
        0.037847232073545456,
        0.04284416884183884,
        0.3360000252723694
      ],
      "rotation_matrix_camera": [
        [
          0.8544597029685974,
          -0.49094492197036743,
          -0.16991698741912842
        ],
        [
          -0.517707347869873,
          -0.8319324851036072,
          -0.199668288230896
        ],
        [
          -0.04333333298563957,
          0.25857576727867126,
          -0.9650185108184814
        ]
      ],
      "width": 0.07427127659320831,
      "height": 0.019999999552965164,
      "depth": 0.029999999329447746,
      "object_id": -1,
      "frame": "RealSense D455 aligned color camera frame",
      "rank": 25,
      "distance_to_object_center": 0.08041780047598042
    },
    {
      "score": 0.13294684886932373,
      "translation_camera": [
        0.08079714328050613,
        -0.06560835242271423,
        0.37800002098083496
      ],
      "rotation_matrix_camera": [
        [
          0.6660667061805725,
          -0.7401613593101501,
          -0.09228425472974777
        ],
        [
          -0.06173091381788254,
          0.0685979425907135,
          -0.9957327246665955
        ],
        [
          0.7433333396911621,
          0.6689212322235107,
          -2.9239474841347146e-08
        ]
      ],
      "width": 0.06540995091199875,
      "height": 0.019999999552965164,
      "depth": 0.009999999776482582,
      "object_id": -1,
      "frame": "RealSense D455 aligned color camera frame",
      "rank": 26,
      "distance_to_object_center": 0.04781966478886235
    },
    {
      "score": 0.13134625554084778,
      "translation_camera": [
        0.061684153974056244,
        0.04197724908590317,
        0.3750000298023224
      ],
      "rotation_matrix_camera": [
        [
          0.05689249932765961,
          -0.11523131281137466,
          -0.9917080998420715
        ],
        [
          -0.43903547525405884,
          0.8892316222190857,
          -0.1285107433795929
        ],
        [
          0.8966667056083679,
          0.44270631670951843,
          -1.9351308111481558e-08
        ]
      ],
      "width": 0.065750852227211,
      "height": 0.019999999552965164,
      "depth": 0.009999999776482582,
      "object_id": -1,
      "frame": "RealSense D455 aligned color camera frame",
      "rank": 27,
      "distance_to_object_center": 0.071662938098225
    },
    {
      "score": 0.13111627101898193,
      "translation_camera": [
        0.061684153974056244,
        0.046843837946653366,
        0.3750000298023224
      ],
      "rotation_matrix_camera": [
        [
          0.05689249932765961,
          -0.11523131281137466,
          -0.9917080998420715
        ],
        [
          -0.43903547525405884,
          0.8892316222190857,
          -0.1285107433795929
        ],
        [
          0.8966667056083679,
          0.44270631670951843,
          -1.9351308111481558e-08
        ]
      ],
      "width": 0.06787905097007751,
      "height": 0.019999999552965164,
      "depth": 0.009999999776482582,
      "object_id": -1,
      "frame": "RealSense D455 aligned color camera frame",
      "rank": 28,
      "distance_to_object_center": 0.07647094313124399
    },
    {
      "score": 0.13080371916294098,
      "translation_camera": [
        0.05594591423869133,
        -0.08373261988162994,
        0.3630000352859497
      ],
      "rotation_matrix_camera": [
        [
          0.4980229139328003,
          -0.6140506863594055,
          -0.6123030185699463
        ],
        [
          -0.3856969475746155,
          0.47555533051490784,
          -0.790623128414154
        ],
        [
          0.7766667008399963,
          0.6299118399620056,
          -2.7534321489497415e-08
        ]
      ],
      "width": 0.06299977004528046,
      "height": 0.019999999552965164,
      "depth": 0.019999999552965164,
      "object_id": -1,
      "frame": "RealSense D455 aligned color camera frame",
      "rank": 29,
      "distance_to_object_center": 0.05559942277806818
    },
    {
      "score": 0.12769626080989838,
      "translation_camera": [
        0.07335051894187927,
        0.007911143824458122,
        0.3750000298023224
      ],
      "rotation_matrix_camera": [
        [
          0.14391817152500153,
          -0.43786168098449707,
          -0.8874484300613403
        ],
        [
          -0.2771056890487671,
          0.8430759906768799,
          -0.4609070420265198
        ],
        [
          0.949999988079071,
          0.31224989891052246,
          -1.3648876695526724e-08
        ]
      ],
      "width": 0.07123421877622604,
      "height": 0.019999999552965164,
      "depth": 0.019999999552965164,
      "object_id": -1,
      "frame": "RealSense D455 aligned color camera frame",
      "rank": 30,
      "distance_to_object_center": 0.043043642282834145
    },
    {
      "score": 0.1272868514060974,
      "translation_camera": [
        0.034462641924619675,
        -0.04172804206609726,
        0.3750000298023224
      ],
      "rotation_matrix_camera": [
        [
          0.14391817152500153,
          -0.43786168098449707,
          -0.8874484300613403
        ],
        [
          -0.2771056890487671,
          0.8430759906768799,
          -0.4609070420265198
        ],
        [
          0.949999988079071,
          0.31224989891052246,
          -1.3648876695526724e-08
        ]
      ],
      "width": 0.06873451918363571,
      "height": 0.019999999552965164,
      "depth": 0.019999999552965164,
      "object_id": -1,
      "frame": "RealSense D455 aligned color camera frame",
      "rank": 31,
      "distance_to_object_center": 0.021892888020307446
    },
    {
      "score": 0.12715187668800354,
      "translation_camera": [
        0.07179929316043854,
        -0.06746354699134827,
        0.3720000088214874
      ],
      "rotation_matrix_camera": [
        [
          0.6660667061805725,
          -0.7401613593101501,
          -0.09228425472974777
        ],
        [
          -0.06173091381788254,
          0.0685979425907135,
          -0.9957327246665955
        ],
        [
          0.7433333396911621,
          0.6689212322235107,
          -2.9239474841347146e-08
        ]
      ],
      "width": 0.06583273410797119,
      "height": 0.019999999552965164,
      "depth": 0.009999999776482582,
      "object_id": -1,
      "frame": "RealSense D455 aligned color camera frame",
      "rank": 32,
      "distance_to_object_center": 0.043800398441825115
    },
    {
      "score": 0.12603488564491272,
      "translation_camera": [
        0.06265635043382645,
        0.04489720240235329,
        0.3750000298023224
      ],
      "rotation_matrix_camera": [
        [
          0.05689249932765961,
          -0.11523131281137466,
          -0.9917080998420715
        ],
        [
          -0.43903547525405884,
          0.8892316222190857,
          -0.1285107433795929
        ],
        [
          0.8966667056083679,
          0.44270631670951843,
          -1.9351308111481558e-08
        ]
      ],
      "width": 0.06644470989704132,
      "height": 0.019999999552965164,
      "depth": 0.009999999776482582,
      "object_id": -1,
      "frame": "RealSense D455 aligned color camera frame",
      "rank": 33,
      "distance_to_object_center": 0.07468739506825138
    },
    {
      "score": 0.12409881502389908,
      "translation_camera": [
        0.0694948062300682,
        -0.06518016010522842,
        0.37000003457069397
      ],
      "rotation_matrix_camera": [
        [
          0.6660667061805725,
          -0.7401613593101501,
          -0.09228425472974777
        ],
        [
          -0.06173091381788254,
          0.0685979425907135,
          -0.9957327246665955
        ],
        [
          0.7433333396911621,
          0.6689212322235107,
          -2.9239474841347146e-08
        ]
      ],
      "width": 0.06527084112167358,
      "height": 0.019999999552965164,
      "depth": 0.009999999776482582,
      "object_id": -1,
      "frame": "RealSense D455 aligned color camera frame",
      "rank": 34,
      "distance_to_object_center": 0.040671446795711635
    },
    {
      "score": 0.12379783391952515,
      "translation_camera": [
        0.07083486765623093,
        -0.0645669549703598,
        0.3720000088214874
      ],
      "rotation_matrix_camera": [
        [
          0.6660667061805725,
          -0.7401613593101501,
          -0.09228425472974777
        ],
        [
          -0.06173091381788254,
          0.0685979425907135,
          -0.9957327246665955
        ],
        [
          0.7433333396911621,
          0.6689212322235107,
          -2.9239474841347146e-08
        ]
      ],
      "width": 0.06537380069494247,
      "height": 0.019999999552965164,
      "depth": 0.009999999776482582,
      "object_id": -1,
      "frame": "RealSense D455 aligned color camera frame",
      "rank": 35,
      "distance_to_object_center": 0.04079489655473125
    },
    {
      "score": 0.12352578341960907,
      "translation_camera": [
        0.055791791528463364,
        -0.0863206759095192,
        0.3620000183582306
      ],
      "rotation_matrix_camera": [
        [
          0.4980229139328003,
          -0.6140506863594055,
          -0.6123030185699463
        ],
        [
          -0.3856969475746155,
          0.47555533051490784,
          -0.790623128414154
        ],
        [
          0.7766667008399963,
          0.6299118399620056,
          -2.7534321489497415e-08
        ]
      ],
      "width": 0.06401455402374268,
      "height": 0.019999999552965164,
      "depth": 0.019999999552965164,
      "object_id": -1,
      "frame": "RealSense D455 aligned color camera frame",
      "rank": 36,
      "distance_to_object_center": 0.05827633003936658
    },
    {
      "score": 0.12306638062000275,
      "translation_camera": [
        0.027254346758127213,
        0.012056240811944008,
        0.3830000162124634
      ],
      "rotation_matrix_camera": [
        [
          0.8618829250335693,
          0.2416844666004181,
          -0.44580990076065063
        ],
        [
          -0.4292526841163635,
          -0.12036871165037155,
          -0.8951276540756226
        ],
        [
          -0.27000001072883606,
          0.9628603458404541,
          -4.2087961560355325e-08
        ]
      ],
      "width": 0.06178617849946022,
      "height": 0.019999999552965164,
      "depth": 0.029999999329447746,
      "object_id": -1,
      "frame": "RealSense D455 aligned color camera frame",
      "rank": 37,
      "distance_to_object_center": 0.04916789263755357
    },
    {
      "score": 0.12290532886981964,
      "translation_camera": [
        0.07315491139888763,
        -0.06588480621576309,
        0.37400001287460327
      ],
      "rotation_matrix_camera": [
        [
          0.6660667061805725,
          -0.7401613593101501,
          -0.09228425472974777
        ],
        [
          -0.06173091381788254,
          0.0685979425907135,
          -0.9957327246665955
        ],
        [
          0.7433333396911621,
          0.6689212322235107,
          -2.9239474841347146e-08
        ]
      ],
      "width": 0.06562890112400055,
      "height": 0.019999999552965164,
      "depth": 0.009999999776482582,
      "object_id": -1,
      "frame": "RealSense D455 aligned color camera frame",
      "rank": 38,
      "distance_to_object_center": 0.04322003478457992
    },
    {
      "score": 0.12255878001451492,
      "translation_camera": [
        0.07412451505661011,
        -0.06782624870538712,
        0.37400001287460327
      ],
      "rotation_matrix_camera": [
        [
          0.6660667061805725,
          -0.7401613593101501,
          -0.09228425472974777
        ],
        [
          -0.06173091381788254,
          0.0685979425907135,
          -0.9957327246665955
        ],
        [
          0.7433333396911621,
          0.6689212322235107,
          -2.9239474841347146e-08
        ]
      ],
      "width": 0.06684022396802902,
      "height": 0.019999999552965164,
      "depth": 0.009999999776482582,
      "object_id": -1,
      "frame": "RealSense D455 aligned color camera frame",
      "rank": 39,
      "distance_to_object_center": 0.045376606420787766
    },
    {
      "score": 0.12252357602119446,
      "translation_camera": [
        0.033669061958789825,
        -0.0918545201420784,
        0.37700003385543823
      ],
      "rotation_matrix_camera": [
        [
          0.05689249932765961,
          -0.11523131281137466,
          -0.9917080998420715
        ],
        [
          -0.43903547525405884,
          0.8892316222190857,
          -0.1285107433795929
        ],
        [
          0.8966667056083679,
          0.44270631670951843,
          -1.9351308111481558e-08
        ]
      ],
      "width": 0.060174647718667984,
      "height": 0.019999999552965164,
      "depth": 0.019999999552965164,
      "object_id": -1,
      "frame": "RealSense D455 aligned color camera frame",
      "rank": 40,
      "distance_to_object_center": 0.06590182449004434
    },
    {
      "score": 0.12205007672309875,
      "translation_camera": [
        0.06930698454380035,
        -0.06787722557783127,
        0.36900001764297485
      ],
      "rotation_matrix_camera": [
        [
          0.6660667061805725,
          -0.7401613593101501,
          -0.09228425472974777
        ],
        [
          -0.06173091381788254,
          0.0685979425907135,
          -0.9957327246665955
        ],
        [
          0.7433333396911621,
          0.6689212322235107,
          -2.9239474841347146e-08
        ]
      ],
      "width": 0.06586169451475143,
      "height": 0.019999999552965164,
      "depth": 0.009999999776482582,
      "object_id": -1,
      "frame": "RealSense D455 aligned color camera frame",
      "rank": 41,
      "distance_to_object_center": 0.04303604634719951
    },
    {
      "score": 0.12174505740404129,
      "translation_camera": [
        0.07785721868276596,
        -0.06560835242271423,
        0.37800002098083496
      ],
      "rotation_matrix_camera": [
        [
          0.6660667061805725,
          -0.7401613593101501,
          -0.09228425472974777
        ],
        [
          -0.06173091381788254,
          0.0685979425907135,
          -0.9957327246665955
        ],
        [
          0.7433333396911621,
          0.6689212322235107,
          -2.9239474841347146e-08
        ]
      ],
      "width": 0.06820479780435562,
      "height": 0.019999999552965164,
      "depth": 0.009999999776482582,
      "object_id": -1,
      "frame": "RealSense D455 aligned color camera frame",
      "rank": 42,
      "distance_to_object_center": 0.04606956447294737
    },
    {
      "score": 0.12082882970571518,
      "translation_camera": [
        0.06003924086689949,
        -0.07945714145898819,
        0.36500000953674316
      ],
      "rotation_matrix_camera": [
        [
          0.6660667061805725,
          -0.7401613593101501,
          -0.09228425472974777
        ],
        [
          -0.06173091381788254,
          0.0685979425907135,
          -0.9957327246665955
        ],
        [
          0.7433333396911621,
          0.6689212322235107,
          -2.9239474841347146e-08
        ]
      ],
      "width": 0.07441671192646027,
      "height": 0.019999999552965164,
      "depth": 0.009999999776482582,
      "object_id": -1,
      "frame": "RealSense D455 aligned color camera frame",
      "rank": 43,
      "distance_to_object_center": 0.05166884589554808
    },
    {
      "score": 0.11968524008989334,
      "translation_camera": [
        0.07626710832118988,
        -0.06800761073827744,
        0.3750000298023224
      ],
      "rotation_matrix_camera": [
        [
          0.6660667061805725,
          -0.7401613593101501,
          -0.09228425472974777
        ],
        [
          -0.06173091381788254,
          0.0685979425907135,
          -0.9957327246665955
        ],
        [
          0.7433333396911621,
          0.6689212322235107,
          -2.9239474841347146e-08
        ]
      ],
      "width": 0.06806197017431259,
      "height": 0.019999999552965164,
      "depth": 0.009999999776482582,
      "object_id": -1,
      "frame": "RealSense D455 aligned color camera frame",
      "rank": 44,
      "distance_to_object_center": 0.04673634701625824
    },
    {
      "score": 0.11722923815250397,
      "translation_camera": [
        0.026398545131087303,
        0.010120652616024017,
        0.3850000202655792
      ],
      "rotation_matrix_camera": [
        [
          0.8618829250335693,
          0.2416844666004181,
          -0.44580990076065063
        ],
        [
          -0.4292526841163635,
          -0.12036871165037155,
          -0.8951276540756226
        ],
        [
          -0.27000001072883606,
          0.9628603458404541,
          -4.2087961560355325e-08
        ]
      ],
      "width": 0.060792576521635056,
      "height": 0.019999999552965164,
      "depth": 0.029999999329447746,
      "object_id": -1,
      "frame": "RealSense D455 aligned color camera frame",
      "rank": 45,
      "distance_to_object_center": 0.04859250545303082
    },
    {
      "score": 0.11722742021083832,
      "translation_camera": [
        0.06702841818332672,
        -0.06560422480106354,
        0.367000013589859
      ],
      "rotation_matrix_camera": [
        [
          0.6660667061805725,
          -0.7401613593101501,
          -0.09228425472974777
        ],
        [
          -0.06173091381788254,
          0.0685979425907135,
          -0.9957327246665955
        ],
        [
          0.7433333396911621,
          0.6689212322235107,
          -2.9239474841347146e-08
        ]
      ],
      "width": 0.06566612422466278,
      "height": 0.019999999552965164,
      "depth": 0.009999999776482582,
      "object_id": -1,
      "frame": "RealSense D455 aligned color camera frame",
      "rank": 46,
      "distance_to_object_center": 0.04013684551425804
    },
    {
      "score": 0.11669155210256577,
      "translation_camera": [
        0.0317142978310585,
        0.00012526985665317625,
        0.37700003385543823
      ],
      "rotation_matrix_camera": [
        [
          0.32332366704940796,
          -0.5531456470489502,
          -0.7677836418151855
        ],
        [
          -0.38744980096817017,
          0.6628532409667969,
          -0.6407091617584229
        ],
        [
          0.8633333444595337,
          0.5046340823173523,
          -2.2058255666479454e-08
        ]
      ],
      "width": 0.06723026186227798,
      "height": 0.019999999552965164,
      "depth": 0.009999999776482582,
      "object_id": -1,
      "frame": "RealSense D455 aligned color camera frame",
      "rank": 47,
      "distance_to_object_center": 0.035643223815909036
    },
    {
      "score": 0.1157655268907547,
      "translation_camera": [
        0.07256811112165451,
        -0.07017099857330322,
        0.3710000216960907
      ],
      "rotation_matrix_camera": [
        [
