{
  "success": true,
  "method": "graspnet_baseline_d455",
  "num_candidates": 292,
  "object_center_camera": [
    0.06043160653994403,
    -0.08260177617465507,
    0.4920000433921814
  ],
  "candidates": [
    {
      "score": 0.3818848729133606,
      "translation_camera": [
        0.0851806029677391,
        -0.06684917211532593,
        0.4870000183582306
      ],
      "rotation_matrix_camera": [
        [
          0.4980229139328003,
          -0.6140506863594055,
          -0.6123030185699463
        ],
        [
          -0.3856969475746155,
          0.47555533051490784,
          -0.790623128414154
        ],
        [
          0.7766667008399963,
          0.6299118399620056,
          -2.7534321489497415e-08
        ]
      ],
      "width": 0.06808073818683624,
      "height": 0.019999999552965164,
      "depth": 0.019999999552965164,
      "object_id": -1,
      "frame": "RealSense D455 aligned color camera frame",
      "rank": 0,
      "distance_to_object_center": 0.029760000154118633
    },
    {
      "score": 0.37602537870407104,
      "translation_camera": [
        0.08503091335296631,
        0.01707570068538189,
        0.5010000467300415
      ],
      "rotation_matrix_camera": [
        [
          0.4980229139328003,
          -0.6140506863594055,
          -0.6123030185699463
        ],
        [
          -0.3856969475746155,
          0.47555533051490784,
          -0.790623128414154
        ],
        [
          0.7766667008399963,
          0.6299118399620056,
          -2.7534321489497415e-08
        ]
      ],
      "width": 0.06911195814609528,
      "height": 0.019999999552965164,
      "depth": 0.019999999552965164,
      "object_id": -1,
      "frame": "RealSense D455 aligned color camera frame",
      "rank": 1,
      "distance_to_object_center": 0.10306175502554718
    },
    {
      "score": 0.3721970319747925,
      "translation_camera": [
        0.07979992032051086,
        -0.06531547755002975,
        0.48500004410743713
      ],
      "rotation_matrix_camera": [
        [
          0.4980229139328003,
          -0.6140506863594055,
          -0.6123030185699463
        ],
        [
          -0.3856969475746155,
          0.47555533051490784,
          -0.790623128414154
        ],
        [
          0.7766667008399963,
          0.6299118399620056,
          -2.7534321489497415e-08
        ]
      ],
      "width": 0.06699031591415405,
      "height": 0.019999999552965164,
      "depth": 0.029999999329447746,
      "object_id": -1,
      "frame": "RealSense D455 aligned color camera frame",
      "rank": 2,
      "distance_to_object_center": 0.02688768656520375
    },
    {
      "score": 0.36017850041389465,
      "translation_camera": [
        0.04531923308968544,
        -0.09327150881290436,
        0.4930000305175781
      ],
      "rotation_matrix_camera": [
        [
          0.32332366704940796,
          -0.5531456470489502,
          -0.7677836418151855
        ],
        [
          -0.38744980096817017,
          0.6628532409667969,
          -0.6407091617584229
        ],
        [
          0.8633333444595337,
          0.5046340823173523,
          -2.2058255666479454e-08
        ]
      ],
      "width": 0.07596045732498169,
      "height": 0.019999999552965164,
      "depth": 0.019999999552965164,
      "object_id": -1,
      "frame": "RealSense D455 aligned color camera frame",
      "rank": 3,
      "distance_to_object_center": 0.018526386591096553
    },
    {
      "score": 0.3517049551010132,
      "translation_camera": [
        0.045227307826280594,
        -0.09052763879299164,
        0.4920000433921814
      ],
      "rotation_matrix_camera": [
        [
          0.32332366704940796,
          -0.5531456470489502,
          -0.7677836418151855
        ],
        [
          -0.38744980096817017,
          0.6628532409667969,
          -0.6407091617584229
        ],
        [
          0.8633333444595337,
          0.5046340823173523,
          -2.2058255666479454e-08
        ]
      ],
      "width": 0.07369208335876465,
      "height": 0.019999999552965164,
      "depth": 0.019999999552965164,
      "object_id": -1,
      "frame": "RealSense D455 aligned color camera frame",
      "rank": 4,
      "distance_to_object_center": 0.01714613652164979
    },
    {
      "score": 0.34761175513267517,
      "translation_camera": [
        0.08374538272619247,
        -0.07049719989299774,
        0.48600003123283386
      ],
      "rotation_matrix_camera": [
        [
          0.4980229139328003,
          -0.6140506863594055,
          -0.6123030185699463
        ],
        [
          -0.3856969475746155,
          0.47555533051490784,
          -0.790623128414154
        ],
        [
          0.7766667008399963,
          0.6299118399620056,
          -2.7534321489497415e-08
        ]
      ],
      "width": 0.06628159433603287,
      "height": 0.019999999552965164,
      "depth": 0.029999999329447746,
      "object_id": -1,
      "frame": "RealSense D455 aligned color camera frame",
      "rank": 5,
      "distance_to_object_center": 0.026945372013265367
    },
    {
      "score": 0.34584861993789673,
      "translation_camera": [
        0.07555649429559708,
        -0.09369315952062607,
        0.4820000231266022
      ],
      "rotation_matrix_camera": [
        [
          0.4980229139328003,
          -0.7503672242164612,
          0.43465185165405273
        ],
        [
          -0.3856969475746155,
          -0.6406006217002869,
          -0.6639794111251831
        ],
        [
          0.7766667008399963,
          0.16303308308124542,
          -0.6084481477737427
        ]
      ],
      "width": 0.08157515525817871,
      "height": 0.019999999552965164,
      "depth": 0.029999999329447746,
      "object_id": -1,
      "frame": "RealSense D455 aligned color camera frame",
      "rank": 6,
      "distance_to_object_center": 0.021255150421965525
    },
    {
      "score": 0.32527342438697815,
      "translation_camera": [
        0.07951385527849197,
        -0.15535558760166168,
        0.4910000264644623
      ],
      "rotation_matrix_camera": [
        [
          0.4980229139328003,
          -0.6140506863594055,
          -0.6123030185699463
        ],
        [
          -0.3856969475746155,
          0.47555533051490784,
          -0.790623128414154
        ],
        [
          0.7766667008399963,
          0.6299118399620056,
          -2.7534321489497415e-08
        ]
      ],
      "width": 0.06441405415534973,
      "height": 0.019999999552965164,
      "depth": 0.019999999552965164,
      "object_id": -1,
      "frame": "RealSense D455 aligned color camera frame",
      "rank": 7,
      "distance_to_object_center": 0.07522133558992407
    },
    {
      "score": 0.31646087765693665,
      "translation_camera": [
        0.06449618190526962,
        -0.16878777742385864,
        0.4930000305175781
      ],
      "rotation_matrix_camera": [
        [
          0.5313771963119507,
          -0.7907350063323975,
          -0.3039349615573883
        ],
        [
          -0.16952382028102875,
          0.2522660195827484,
          -0.9526927471160889
        ],
        [
          0.8300000429153442,
          0.557763397693634,
          -2.4380613083963e-08
        ]
      ],
      "width": 0.06716246157884598,
      "height": 0.019999999552965164,
      "depth": 0.019999999552965164,
      "object_id": -1,
      "frame": "RealSense D455 aligned color camera frame",
      "rank": 8,
      "distance_to_object_center": 0.08628758635214623
    },
    {
      "score": 0.3157999813556671,
      "translation_camera": [
        0.07696729898452759,
        -0.15663033723831177,
        0.4910000264644623
      ],
      "rotation_matrix_camera": [
        [
          0.4980229139328003,
          -0.6140506863594055,
          -0.6123030185699463
        ],
        [
          -0.3856969475746155,
          0.47555533051490784,
          -0.790623128414154
        ],
        [
          0.7766667008399963,
          0.6299118399620056,
          -2.7534321489497415e-08
        ]
      ],
      "width": 0.0638112723827362,
      "height": 0.019999999552965164,
      "depth": 0.019999999552965164,
      "object_id": -1,
      "frame": "RealSense D455 aligned color camera frame",
      "rank": 9,
      "distance_to_object_center": 0.07585945565078311
    },
    {
      "score": 0.31478938460350037,
      "translation_camera": [
        0.07553986459970474,
        -0.15503919124603271,
        0.49000003933906555
      ],
      "rotation_matrix_camera": [
        [
          0.4980229139328003,
          -0.6140506863594055,
          -0.6123030185699463
        ],
        [
          -0.3856969475746155,
          0.47555533051490784,
          -0.790623128414154
        ],
        [
          0.7766667008399963,
          0.6299118399620056,
          -2.7534321489497415e-08
        ]
      ],
      "width": 0.06382621079683304,
      "height": 0.019999999552965164,
      "depth": 0.029999999329447746,
      "object_id": -1,
      "frame": "RealSense D455 aligned color camera frame",
      "rank": 10,
      "distance_to_object_center": 0.0740232300027218
    },
    {
      "score": 0.3088368773460388,
      "translation_camera": [
        0.08537035435438156,
        0.013226170092821121,
        0.503000020980835
      ],
      "rotation_matrix_camera": [
        [
          0.4980229139328003,
          -0.6140506863594055,
          -0.6123030185699463
        ],
        [
          -0.3856969475746155,
          0.47555533051490784,
          -0.790623128414154
        ],
        [
          0.7766667008399963,
          0.6299118399620056,
          -2.7534321489497415e-08
        ]
      ],
      "width": 0.0638316422700882,
      "height": 0.019999999552965164,
      "depth": 0.019999999552965164,
      "object_id": -1,
      "frame": "RealSense D455 aligned color camera frame",
      "rank": 11,
      "distance_to_object_center": 0.09962899143996841
    },
    {
      "score": 0.3056636154651642,
      "translation_camera": [
        0.03580332174897194,
        -0.0990811213850975,
        0.503000020980835
      ],
      "rotation_matrix_camera": [
        [
          0.32332366704940796,
          -0.5531456470489502,
          -0.7677836418151855
        ],
        [
          -0.38744980096817017,
          0.6628532409667969,
          -0.6407091617584229
        ],
        [
          0.8633333444595337,
          0.5046340823173523,
          -2.2058255666479454e-08
        ]
      ],
      "width": 0.06636400520801544,
      "height": 0.019999999552965164,
      "depth": 0.019999999552965164,
      "object_id": -1,
      "frame": "RealSense D455 aligned color camera frame",
      "rank": 12,
      "distance_to_object_center": 0.03160887117979761
    },
    {
      "score": 0.30301791429519653,
      "translation_camera": [
        0.05974368005990982,
        -0.1711025983095169,
        0.4960000216960907
      ],
      "rotation_matrix_camera": [
        [
          0.4980229139328003,
          0.4325112998485565,
          -0.7516031265258789
        ],
        [
          -0.3856969475746155,
          0.8867660760879517,
          0.2547228932380676
        ],
        [
          0.7766667008399963,
          0.16303318738937378,
          0.6084480881690979
        ]
      ],
      "width": 0.08213821053504944,
      "height": 0.019999999552965164,
      "depth": 0.019999999552965164,
      "object_id": -1,
      "frame": "RealSense D455 aligned color camera frame",
      "rank": 13,
      "distance_to_object_center": 0.08859384057495266
    },
    {
      "score": 0.30196335911750793,
      "translation_camera": [
        0.06269308179616928,
        -0.17343302071094513,
        0.49900004267692566
      ],
      "rotation_matrix_camera": [
        [
          0.4980229139328003,
          0.4325112998485565,
          -0.7516031265258789
        ],
        [
          -0.3856969475746155,
          0.8867660760879517,
          0.2547228932380676
        ],
        [
          0.7766667008399963,
          0.16303318738937378,
          0.6084480881690979
        ]
      ],
      "width": 0.083123579621315,
      "height": 0.019999999552965164,
      "depth": 0.019999999552965164,
      "object_id": -1,
      "frame": "RealSense D455 aligned color camera frame",
      "rank": 14,
      "distance_to_object_center": 0.09112864118559139
    },
    {
      "score": 0.29904162883758545,
      "translation_camera": [
        0.060105036944150925,
        -0.17343302071094513,
        0.49900004267692566
      ],
      "rotation_matrix_camera": [
        [
          0.4980229139328003,
          0.4325112998485565,
          -0.7516031265258789
        ],
        [
          -0.3856969475746155,
          0.8867660760879517,
          0.2547228932380676
        ],
        [
          0.7766667008399963,
          0.16303318738937378,
          0.6084480881690979
        ]
      ],
      "width": 0.08346397429704666,
      "height": 0.019999999552965164,
      "depth": 0.019999999552965164,
      "object_id": -1,
      "frame": "RealSense D455 aligned color camera frame",
      "rank": 15,
      "distance_to_object_center": 0.09110116147282996
    },
    {
      "score": 0.2990095615386963,
      "translation_camera": [
        0.0878865048289299,
        -0.07078731060028076,
        0.4880000352859497
      ],
      "rotation_matrix_camera": [
        [
          0.4980229139328003,
          -0.6140506863594055,
          -0.6123030185699463
        ],
        [
          -0.3856969475746155,
          0.47555533051490784,
          -0.790623128414154
        ],
        [
          0.7766667008399963,
          0.6299118399620056,
          -2.7534321489497415e-08
        ]
      ],
      "width": 0.06775107234716415,
      "height": 0.019999999552965164,
      "depth": 0.019999999552965164,
      "object_id": -1,
      "frame": "RealSense D455 aligned color camera frame",
      "rank": 16,
      "distance_to_object_center": 0.030155482117130112
    },
    {
      "score": 0.2942325472831726,
      "translation_camera": [
        0.08045805990695953,
        -0.15345323085784912,
        0.48900002241134644
      ],
      "rotation_matrix_camera": [
        [
          0.4980229139328003,
          -0.6140506863594055,
          -0.6123030185699463
        ],
        [
          -0.3856969475746155,
          0.47555533051490784,
          -0.790623128414154
        ],
        [
          0.7766667008399963,
          0.6299118399620056,
          -2.7534321489497415e-08
        ]
      ],
      "width": 0.06376050412654877,
      "height": 0.019999999552965164,
      "depth": 0.019999999552965164,
      "object_id": -1,
      "frame": "RealSense D455 aligned color camera frame",
      "rank": 17,
      "distance_to_object_center": 0.07368844950921004
    },
    {
      "score": 0.2896089553833008,
      "translation_camera": [
        0.07792187482118607,
        -0.15345323085784912,
        0.48900002241134644
      ],
      "rotation_matrix_camera": [
        [
          0.4980229139328003,
          -0.6140506863594055,
          -0.6123030185699463
        ],
        [
          -0.3856969475746155,
          0.47555533051490784,
          -0.790623128414154
        ],
        [
          0.7766667008399963,
          0.6299118399620056,
          -2.7534321489497415e-08
        ]
      ],
      "width": 0.06335897743701935,
      "height": 0.019999999552965164,
      "depth": 0.029999999329447746,
      "object_id": -1,
      "frame": "RealSense D455 aligned color camera frame",
      "rank": 18,
      "distance_to_object_center": 0.07303997700684176
    },
    {
      "score": 0.28860992193222046,
      "translation_camera": [
        0.07457231730222702,
        -0.1595040261745453,
        0.4920000433921814
      ],
      "rotation_matrix_camera": [
        [
          0.4980229139328003,
          -0.6140506863594055,
          -0.6123030185699463
        ],
        [
          -0.3856969475746155,
          0.47555533051490784,
          -0.790623128414154
        ],
        [
          0.7766667008399963,
          0.6299118399620056,
          -2.7534321489497415e-08
        ]
      ],
      "width": 0.06133120507001877,
      "height": 0.019999999552965164,
      "depth": 0.019999999552965164,
      "object_id": -1,
      "frame": "RealSense D455 aligned color camera frame",
      "rank": 19,
      "distance_to_object_center": 0.07819153250773488
    },
    {
      "score": 0.286484032869339,
      "translation_camera": [
        0.04395144060254097,
        -0.08669561892747879,
        0.4920000433921814
      ],
      "rotation_matrix_camera": [
        [
          0.32332366704940796,
          -0.5531456470489502,
          -0.7677836418151855
        ],
        [
          -0.38744980096817017,
          0.6628532409667969,
          -0.6407091617584229
        ],
        [
          0.8633333444595337,
          0.5046340823173523,
          -2.2058255666479454e-08
        ]
      ],
      "width": 0.0707506611943245,
      "height": 0.019999999552965164,
      "depth": 0.019999999552965164,
      "object_id": -1,
      "frame": "RealSense D455 aligned color camera frame",
      "rank": 20,
      "distance_to_object_center": 0.01698103111737292
    },
    {
      "score": 0.28494971990585327,
      "translation_camera": [
        0.07411760836839676,
        -0.15345323085784912,
        0.48900002241134644
      ],
      "rotation_matrix_camera": [
        [
          0.4980229139328003,
          -0.6140506863594055,
          -0.6123030185699463
        ],
        [
          -0.3856969475746155,
          0.47555533051490784,
          -0.790623128414154
        ],
        [
          0.7766667008399963,
          0.6299118399620056,
          -2.7534321489497415e-08
        ]
      ],
      "width": 0.06345269829034805,
      "height": 0.019999999552965164,
      "depth": 0.029999999329447746,
      "object_id": -1,
      "frame": "RealSense D455 aligned color camera frame",
      "rank": 21,
      "distance_to_object_center": 0.0722235100411117
    },
    {
      "score": 0.2792457938194275,
      "translation_camera": [
        0.08316396176815033,
        -0.15376703441143036,
        0.49000003933906555
      ],
      "rotation_matrix_camera": [
        [
          0.4980229139328003,
          -0.6140506863594055,
          -0.6123030185699463
        ],
        [
          -0.3856969475746155,
          0.47555533051490784,
          -0.790623128414154
        ],
        [
          0.7766667008399963,
          0.6299118399620056,
          -2.7534321489497415e-08
        ]
      ],
      "width": 0.06422784924507141,
      "height": 0.019999999552965164,
      "depth": 0.019999999552965164,
      "object_id": -1,
      "frame": "RealSense D455 aligned color camera frame",
      "rank": 22,
      "distance_to_object_center": 0.07473455673475793
    },
    {
      "score": 0.27658942341804504,
      "translation_camera": [
        0.039400674402713776,
        -0.0969976931810379,
        0.49900004267692566
      ],
      "rotation_matrix_camera": [
        [
          0.32332366704940796,
          -0.5531456470489502,
          -0.7677836418151855
        ],
        [
          -0.38744980096817017,
          0.6628532409667969,
          -0.6407091617584229
        ],
        [
          0.8633333444595337,
          0.5046340823173523,
          -2.2058255666479454e-08
        ]
      ],
      "width": 0.06435680389404297,
      "height": 0.019999999552965164,
      "depth": 0.019999999552965164,
      "object_id": -1,
      "frame": "RealSense D455 aligned color camera frame",
      "rank": 23,
      "distance_to_object_center": 0.02642995503215749
    },
    {
      "score": 0.2675873339176178,
      "translation_camera": [
        0.060105036944150925,
        -0.027039939537644386,
        0.49900004267692566
      ],
      "rotation_matrix_camera": [
        [
          0.4980229139328003,
          -0.6140506863594055,
          -0.6123030185699463
        ],
        [
          -0.3856969475746155,
          0.47555533051490784,
          -0.790623128414154
        ],
        [
          0.7766667008399963,
          0.6299118399620056,
          -2.7534321489497415e-08
        ]
      ],
      "width": 0.07567618042230606,
      "height": 0.019999999552965164,
      "depth": 0.029999999329447746,
      "object_id": -1,
      "frame": "RealSense D455 aligned color camera frame",
      "rank": 24,
      "distance_to_object_center": 0.05600200289422852
    },
    {
      "score": 0.2630622982978821,
      "translation_camera": [
        0.05751699209213257,
        -0.02963096834719181,
        0.49900004267692566
      ],
      "rotation_matrix_camera": [
        [
          0.4980229139328003,
          -0.6140506863594055,
          -0.6123030185699463
        ],
        [
          -0.3856969475746155,
          0.47555533051490784,
          -0.790623128414154
        ],
        [
          0.7766667008399963,
          0.6299118399620056,
          -2.7534321489497415e-08
        ]
      ],
      "width": 0.07331743091344833,
      "height": 0.019999999552965164,
      "depth": 0.029999999329447746,
      "object_id": -1,
      "frame": "RealSense D455 aligned color camera frame",
      "rank": 25,
      "distance_to_object_center": 0.05351076012597704
    },
    {
      "score": 0.2628481984138489,
      "translation_camera": [
        0.04368343949317932,
        -0.08108878135681152,
        0.48900002241134644
      ],
      "rotation_matrix_camera": [
        [
          0.32332366704940796,
          -0.5531456470489502,
          -0.7677836418151855
        ],
        [
          -0.38744980096817017,
          0.6628532409667969,
          -0.6407091617584229
        ],
        [
          0.8633333444595337,
          0.5046340823173523,
          -2.2058255666479454e-08
        ]
      ],
      "width": 0.07462047040462494,
      "height": 0.019999999552965164,
      "depth": 0.019999999552965164,
      "object_id": -1,
      "frame": "RealSense D455 aligned color camera frame",
      "rank": 26,
      "distance_to_object_center": 0.017081872808056113
    },
    {
      "score": 0.26219114661216736,
      "translation_camera": [
        0.07289887964725494,
        -0.014056573621928692,
        0.49800002574920654
      ],
      "rotation_matrix_camera": [
        [
          0.4980229139328003,
          -0.6140506863594055,
          -0.6123030185699463
        ],
        [
          -0.3856969475746155,
          0.47555533051490784,
          -0.790623128414154
        ],
        [
          0.7766667008399963,
          0.6299118399620056,
          -2.7534321489497415e-08
        ]
      ],
      "width": 0.07597655802965164,
      "height": 0.019999999552965164,
      "depth": 0.029999999329447746,
      "object_id": -1,
      "frame": "RealSense D455 aligned color camera frame",
      "rank": 27,
      "distance_to_object_center": 0.06992765890555165
    },
    {
      "score": 0.26203736662864685,
      "translation_camera": [
        0.03825938329100609,
        -0.09868716448545456,
        0.5010000467300415
      ],
      "rotation_matrix_camera": [
        [
          0.32332366704940796,
          -0.5531456470489502,
          -0.7677836418151855
        ],
        [
          -0.38744980096817017,
          0.6628532409667969,
          -0.6407091617584229
        ],
        [
          0.8633333444595337,
          0.5046340823173523,
          -2.2058255666479454e-08
        ]
      ],
      "width": 0.06870563328266144,
      "height": 0.019999999552965164,
      "depth": 0.019999999552965164,
      "object_id": -1,
      "frame": "RealSense D455 aligned color camera frame",
      "rank": 28,
      "distance_to_object_center": 0.02883309315684743
    },
    {
      "score": 0.26176542043685913,
      "translation_camera": [
        0.04053159058094025,
        -0.09531860053539276,
        0.4970000386238098
      ],
      "rotation_matrix_camera": [
        [
          0.32332366704940796,
          -0.5531456470489502,
          -0.7677836418151855
        ],
        [
          -0.38744980096817017,
          0.6628532409667969,
          -0.6407091617584229
        ],
        [
          0.8633333444595337,
          0.5046340823173523,
          -2.2058255666479454e-08
        ]
      ],
      "width": 0.06456157565116882,
      "height": 0.019999999552965164,
      "depth": 0.019999999552965164,
      "object_id": -1,
      "frame": "RealSense D455 aligned color camera frame",
      "rank": 29,
      "distance_to_object_center": 0.024139764068995453
    },
    {
      "score": 0.26072031259536743,
      "translation_camera": [
        0.060105036944150925,
        -0.02444891259074211,
        0.49900004267692566
      ],
      "rotation_matrix_camera": [
        [
          0.4980229139328003,
          -0.6140506863594055,
          -0.6123030185699463
        ],
        [
          -0.3856969475746155,
          0.47555533051490784,
          -0.790623128414154
        ],
        [
          0.7766667008399963,
          0.6299118399620056,
          -2.7534321489497415e-08
        ]
      ],
      "width": 0.07420847564935684,
      "height": 0.019999999552965164,
      "depth": 0.029999999329447746,
      "object_id": -1,
      "frame": "RealSense D455 aligned color camera frame",
      "rank": 30,
      "distance_to_object_center": 0.058573562130849674
    },
    {
      "score": 0.2587592303752899,
      "translation_camera": [
        0.03688640147447586,
        -0.0958939716219902,
        0.5000000596046448
      ],
      "rotation_matrix_camera": [
        [
          0.32332366704940796,
          -0.5531456470489502,
          -0.7677836418151855
        ],
        [
          -0.38744980096817017,
          0.6628532409667969,
          -0.6407091617584229
        ],
        [
          0.8633333444595337,
          0.5046340823173523,
          -2.2058255666479454e-08
        ]
      ],
      "width": 0.06415517628192902,
      "height": 0.019999999552965164,
      "depth": 0.019999999552965164,
      "object_id": -1,
      "frame": "RealSense D455 aligned color camera frame",
      "rank": 31,
      "distance_to_object_center": 0.028196797704434128
    },
    {
      "score": 0.2583369314670563,
      "translation_camera": [
        0.07160744816064835,
        -0.01793532632291317,
        0.49800002574920654
      ],
      "rotation_matrix_camera": [
        [
          0.4980229139328003,
          -0.6140506863594055,
          -0.6123030185699463
        ],
        [
          -0.3856969475746155,
          0.47555533051490784,
          -0.790623128414154
        ],
        [
          0.7766667008399963,
          0.6299118399620056,
          -2.7534321489497415e-08
        ]
      ],
      "width": 0.07370524108409882,
      "height": 0.019999999552965164,
      "depth": 0.029999999329447746,
      "object_id": -1,
      "frame": "RealSense D455 aligned color camera frame",
      "rank": 32,
      "distance_to_object_center": 0.06589877814226551
    },
    {
      "score": 0.25611722469329834,
      "translation_camera": [
        0.07419030368328094,
        -0.01793532632291317,
        0.49800002574920654
      ],
      "rotation_matrix_camera": [
        [
          0.4980229139328003,
          -0.6140506863594055,
          -0.6123030185699463
        ],
        [
          -0.3856969475746155,
          0.47555533051490784,
          -0.790623128414154
        ],
        [
          0.7766667008399963,
          0.6299118399620056,
          -2.7534321489497415e-08
        ]
      ],
      "width": 0.07291335612535477,
      "height": 0.019999999552965164,
      "depth": 0.019999999552965164,
      "object_id": -1,
      "frame": "RealSense D455 aligned color camera frame",
      "rank": 33,
      "distance_to_object_center": 0.066385625490723
    },
    {
      "score": 0.25502660870552063,
      "translation_camera": [
        0.07790783792734146,
        -0.012738026678562164,
        0.4970000386238098
      ],
      "rotation_matrix_camera": [
        [
          0.4980229139328003,
          -0.6140506863594055,
          -0.6123030185699463
        ],
        [
          -0.3856969475746155,
          0.47555533051490784,
          -0.790623128414154
        ],
        [
          0.7766667008399963,
          0.6299118399620056,
          -2.7534321489497415e-08
        ]
      ],
      "width": 0.07344354689121246,
      "height": 0.019999999552965164,
      "depth": 0.029999999329447746,
      "object_id": -1,
      "frame": "RealSense D455 aligned color camera frame",
      "rank": 34,
      "distance_to_object_center": 0.07218976457556142
    },
    {
      "score": 0.2532610595226288,
      "translation_camera": [
        0.07548173516988754,
        -0.015349491499364376,
        0.49800002574920654
      ],
      "rotation_matrix_camera": [
        [
          0.4980229139328003,
          -0.6140506863594055,
          -0.6123030185699463
        ],
        [
          -0.3856969475746155,
          0.47555533051490784,
          -0.790623128414154
        ],
        [
          0.7766667008399963,
          0.6299118399620056,
          -2.7534321489497415e-08
        ]
      ],
      "width": 0.07390406727790833,
      "height": 0.019999999552965164,
      "depth": 0.029999999329447746,
      "object_id": -1,
      "frame": "RealSense D455 aligned color camera frame",
      "rank": 35,
      "distance_to_object_center": 0.06917641183314438
    },
    {
      "score": 0.2500739097595215,
      "translation_camera": [
        0.042409446090459824,
        -0.10712907463312149,
        0.5040000081062317
      ],
      "rotation_matrix_camera": [
        [
          0.32332366704940796,
          -0.5531456470489502,
          -0.7677836418151855
        ],
        [
          -0.38744980096817017,
          0.6628532409667969,
          -0.6407091617584229
        ],
        [
          0.8633333444595337,
          0.5046340823173523,
          -2.2058255666479454e-08
        ]
      ],
      "width": 0.06647239625453949,
      "height": 0.019999999552965164,
      "depth": 0.019999999552965164,
      "object_id": -1,
      "frame": "RealSense D455 aligned color camera frame",
      "rank": 36,
      "distance_to_object_center": 0.03271675090952789
    },
    {
      "score": 0.24753478169441223,
      "translation_camera": [
        0.07289887964725494,
        -0.023106997832655907,
        0.49800002574920654
      ],
      "rotation_matrix_camera": [
        [
          0.4980229139328003,
          -0.6140506863594055,
          -0.6123030185699463
        ],
        [
          -0.3856969475746155,
          0.47555533051490784,
          -0.790623128414154
        ],
        [
          0.7766667008399963,
          0.6299118399620056,
          -2.7534321489497415e-08
        ]
      ],
      "width": 0.07269016653299332,
      "height": 0.019999999552965164,
      "depth": 0.019999999552965164,
      "object_id": -1,
      "frame": "RealSense D455 aligned color camera frame",
      "rank": 37,
      "distance_to_object_center": 0.061082414302158224
    },
    {
      "score": 0.23971500992774963,
      "translation_camera": [
        0.07806459069252014,
        -0.016642408445477486,
        0.49800002574920654
      ],
      "rotation_matrix_camera": [
        [
          0.4980229139328003,
          -0.6140506863594055,
          -0.6123030185699463
        ],
        [
          -0.3856969475746155,
          0.47555533051490784,
          -0.790623128414154
        ],
        [
          0.7766667008399963,
          0.6299118399620056,
          -2.7534321489497415e-08
        ]
      ],
      "width": 0.0718865841627121,
      "height": 0.019999999552965164,
      "depth": 0.019999999552965164,
      "object_id": -1,
      "frame": "RealSense D455 aligned color camera frame",
      "rank": 38,
      "distance_to_object_center": 0.06853874896467317
    },
    {
      "score": 0.23965340852737427,
      "translation_camera": [
        0.07031601667404175,
        -0.023106997832655907,
        0.49800002574920654
      ],
      "rotation_matrix_camera": [
        [
          0.4980229139328003,
          -0.6140506863594055,
          -0.6123030185699463
        ],
        [
          -0.3856969475746155,
          0.47555533051490784,
          -0.790623128414154
        ],
        [
          0.7766667008399963,
          0.6299118399620056,
          -2.7534321489497415e-08
        ]
      ],
      "width": 0.07246989011764526,
      "height": 0.019999999552965164,
      "depth": 0.019999999552965164,
      "object_id": -1,
      "frame": "RealSense D455 aligned color camera frame",
      "rank": 39,
      "distance_to_object_center": 0.060608002787975776
    },
    {
      "score": 0.2396063357591629,
      "translation_camera": [
        0.06034593656659126,
        -0.021945491433143616,
        0.5010000467300415
      ],
      "rotation_matrix_camera": [
        [
          0.4980229139328003,
          -0.6140506863594055,
          -0.6123030185699463
        ],
        [
          -0.3856969475746155,
          0.47555533051490784,
          -0.790623128414154
        ],
        [
          0.7766667008399963,
          0.6299118399620056,
          -2.7534321489497415e-08
        ]
      ],
      "width": 0.07413461804389954,
      "height": 0.019999999552965164,
      "depth": 0.029999999329447746,
      "object_id": -1,
      "frame": "RealSense D455 aligned color camera frame",
      "rank": 40,
      "distance_to_object_center": 0.061320406701759096
    },
    {
      "score": 0.23939423263072968,
      "translation_camera": [
        0.03385446220636368,
        -0.10771022737026215,
        0.5130000114440918
      ],
      "rotation_matrix_camera": [
        [
          0.32332366704940796,
          -0.5531456470489502,
          -0.7677836418151855
        ],
        [
          -0.38744980096817017,
          0.6628532409667969,
          -0.6407091617584229
        ],
        [
          0.8633333444595337,
          0.5046340823173523,
          -2.2058255666479454e-08
        ]
      ],
      "width": 0.06703099608421326,
      "height": 0.019999999552965164,
      "depth": 0.019999999552965164,
      "object_id": -1,
      "frame": "RealSense D455 aligned color camera frame",
      "rank": 41,
      "distance_to_object_center": 0.04216369979676122
    },
    {
      "score": 0.23825138807296753,
      "translation_camera": [
        0.0430225245654583,
        -0.09641453623771667,
        0.4960000216960907
      ],
      "rotation_matrix_camera": [
        [
          0.32332366704940796,
          -0.5531456470489502,
          -0.7677836418151855
        ],
        [
          -0.38744980096817017,
          0.6628532409667969,
          -0.6407091617584229
        ],
        [
          0.8633333444595337,
          0.5046340823173523,
          -2.2058255666479454e-08
        ]
      ],
      "width": 0.06556078791618347,
      "height": 0.019999999552965164,
      "depth": 0.019999999552965164,
      "object_id": -1,
      "frame": "RealSense D455 aligned color camera frame",
      "rank": 42,
      "distance_to_object_center": 0.022580263554392337
    },
    {
      "score": 0.23742003738880157,
      "translation_camera": [
        0.07175123691558838,
        -0.020562369376420975,
        0.49900004267692566
      ],
      "rotation_matrix_camera": [
        [
          0.4980229139328003,
          -0.6140506863594055,
          -0.6123030185699463
        ],
        [
          -0.3856969475746155,
          0.47555533051490784,
          -0.790623128414154
        ],
        [
          0.7766667008399963,
          0.6299118399620056,
          -2.7534321489497415e-08
        ]
      ],
      "width": 0.07181337475776672,
      "height": 0.019999999552965164,
      "depth": 0.019999999552965164,
      "object_id": -1,
      "frame": "RealSense D455 aligned color camera frame",
      "rank": 43,
      "distance_to_object_center": 0.06345094181889191
    },
    {
      "score": 0.23514239490032196,
      "translation_camera": [
        0.07661900669336319,
        -0.026931563392281532,
        0.4970000386238098
      ],
      "rotation_matrix_camera": [
        [
          0.4980229139328003,
          -0.6140506863594055,
          -0.6123030185699463
        ],
        [
          -0.3856969475746155,
          0.47555533051490784,
          -0.790623128414154
        ],
        [
          0.7766667008399963,
          0.6299118399620056,
          -2.7534321489497415e-08
        ]
      ],
      "width": 0.07322262972593307,
      "height": 0.019999999552965164,
      "depth": 0.019999999552965164,
      "object_id": -1,
      "frame": "RealSense D455 aligned color camera frame",
      "rank": 44,
      "distance_to_object_center": 0.0581911029907319
    },
    {
      "score": 0.23466923832893372,
      "translation_camera": [
        0.07548173516988754,
        -0.02052116207778454,
        0.49800002574920654
      ],
      "rotation_matrix_camera": [
        [
          0.4980229139328003,
          -0.6140506863594055,
          -0.6123030185699463
        ],
        [
          -0.3856969475746155,
          0.47555533051490784,
          -0.790623128414154
        ],
        [
          0.7766667008399963,
          0.6299118399620056,
          -2.7534321489497415e-08
        ]
      ],
      "width": 0.07232837378978729,
      "height": 0.019999999552965164,
      "depth": 0.019999999552965164,
      "object_id": -1,
      "frame": "RealSense D455 aligned color camera frame",
      "rank": 45,
      "distance_to_object_center": 0.0641600249899189
    },
    {
      "score": 0.2335626631975174,
      "translation_camera": [
        0.06746114045381546,
        -0.025589648634195328,
        0.4960000216960907
      ],
      "rotation_matrix_camera": [
        [
          0.4980229139328003,
          -0.6140506863594055,
          -0.6123030185699463
        ],
        [
          -0.3856969475746155,
          0.47555533051490784,
          -0.790623128414154
        ],
        [
          0.7766667008399963,
          0.6299118399620056,
          -2.7534321489497415e-08
        ]
      ],
      "width": 0.07749728113412857,
      "height": 0.019999999552965164,
      "depth": 0.029999999329447746,
      "object_id": -1,
      "frame": "RealSense D455 aligned color camera frame",
      "rank": 46,
      "distance_to_object_center": 0.057582956334037434
    },
    {
      "score": 0.23316720128059387,
      "translation_camera": [
        0.05740172415971756,
        -0.17308545112609863,
        0.49800002574920654
      ],
      "rotation_matrix_camera": [
        [
          0.4980229139328003,
          0.22324463725090027,
          -0.8379349708557129
        ],
        [
          -0.3856969475746155,
          0.9224773645401001,
          0.016531437635421753
        ],
        [
          0.7766667008399963,
          0.3149559199810028,
          0.5455196499824524
        ]
      ],
      "width": 0.08060913532972336,
      "height": 0.019999999552965164,
      "depth": 0.019999999552965164,
      "object_id": -1,
      "frame": "RealSense D455 aligned color camera frame",
      "rank": 47,
      "distance_to_object_center": 0.09073298963575
    },
    {
      "score": 0.23289425671100616,
      "translation_camera": [
        0.0578627847135067,
        -0.010259570553898811,
        0.5020000338554382
      ],
      "rotation_matrix_camera": [
        [
          0.4980229139328003,
          -0.6140506863594055,
          -0.6123030185699463
        ],
        [
