{
  "success": true,
  "method": "graspnet_baseline_d455",
  "num_candidates": 299,
  "object_center_camera": [
    0.00144173762242396,
    -0.027851700248441125,
    0.3880000114440918
  ],
  "candidates": [
    {
      "score": 0.6234722137451172,
      "translation_camera": [
        -0.0025403809268027544,
        -0.07063646614551544,
        0.3840000331401825
      ],
      "rotation_matrix_camera": [
        [
          0.5313771963119507,
          -0.7907350063323975,
          -0.3039349615573883
        ],
        [
          -0.16952382028102875,
          0.2522660195827484,
          -0.9526927471160889
        ],
        [
          0.8300000429153442,
          0.557763397693634,
          -2.4380613083963e-08
        ]
      ],
      "width": 0.07757310569286346,
      "height": 0.019999999552965164,
      "depth": 0.029999999329447746,
      "object_id": -1,
      "frame": "RealSense D455 aligned color camera frame",
      "rank": 0,
      "distance_to_object_center": 0.04315545489783759
    },
    {
      "score": 0.5936921834945679,
      "translation_camera": [
        -0.0025337652768939734,
        -0.06647618860006332,
        0.3830000162124634
      ],
      "rotation_matrix_camera": [
        [
          0.5313771963119507,
          -0.7907350063323975,
          -0.3039349615573883
        ],
        [
          -0.16952382028102875,
          0.2522660195827484,
          -0.9526927471160889
        ],
        [
          0.8300000429153442,
          0.557763397693634,
          -2.4380613083963e-08
        ]
      ],
      "width": 0.07541579753160477,
      "height": 0.019999999552965164,
      "depth": 0.029999999329447746,
      "object_id": -1,
      "frame": "RealSense D455 aligned color camera frame",
      "rank": 1,
      "distance_to_object_center": 0.03914914655574744
    },
    {
      "score": 0.587350070476532,
      "translation_camera": [
        0.0004450459673535079,
        -0.07045251876115799,
        0.3830000162124634
      ],
      "rotation_matrix_camera": [
        [
          0.5313771963119507,
          -0.7907350063323975,
          -0.3039349615573883
        ],
        [
          -0.16952382028102875,
          0.2522660195827484,
          -0.9526927471160889
        ],
        [
          0.8300000429153442,
          0.557763397693634,
          -2.4380613083963e-08
        ]
      ],
      "width": 0.07757139205932617,
      "height": 0.019999999552965164,
      "depth": 0.029999999329447746,
      "object_id": -1,
      "frame": "RealSense D455 aligned color camera frame",
      "rank": 2,
      "distance_to_object_center": 0.04290481423482724
    },
    {
      "score": 0.5320609211921692,
      "translation_camera": [
        0.0004450459673535079,
        -0.07741108536720276,
        0.3830000162124634
      ],
      "rotation_matrix_camera": [
        [
          0.5313771963119507,
          -0.7907350063323975,
          -0.3039349615573883
        ],
        [
          -0.16952382028102875,
          0.2522660195827484,
          -0.9526927471160889
        ],
        [
          0.8300000429153442,
          0.557763397693634,
          -2.4380613083963e-08
        ]
      ],
      "width": 0.07748064398765564,
      "height": 0.019999999552965164,
      "depth": 0.029999999329447746,
      "object_id": -1,
      "frame": "RealSense D455 aligned color camera frame",
      "rank": 3,
      "distance_to_object_center": 0.04982093937212873
    },
    {
      "score": 0.5174558162689209,
      "translation_camera": [
        -0.0005464605637826025,
        -0.06531114131212234,
        0.38200002908706665
      ],
      "rotation_matrix_camera": [
        [
          0.5313771963119507,
          -0.7907350063323975,
          -0.3039349615573883
        ],
        [
          -0.16952382028102875,
          0.2522660195827484,
          -0.9526927471160889
        ],
        [
          0.8300000429153442,
          0.557763397693634,
          -2.4380613083963e-08
        ]
      ],
      "width": 0.07324818521738052,
      "height": 0.019999999552965164,
      "depth": 0.029999999329447746,
      "object_id": -1,
      "frame": "RealSense D455 aligned color camera frame",
      "rank": 4,
      "distance_to_object_center": 0.03798897794249873
    },
    {
      "score": 0.4959838092327118,
      "translation_camera": [
        -0.020123334601521492,
        -0.07199738174676895,
        0.3970000147819519
      ],
      "rotation_matrix_camera": [
        [
          0.6660667061805725,
          -0.2901601493358612,
          -0.687140703201294
        ],
        [
          -0.06173091381788254,
          0.8966288566589355,
          -0.43845877051353455
        ],
        [
          0.7433333396911621,
          0.33446061611175537,
          0.5793027877807617
        ]
      ],
      "width": 0.08352304250001907,
      "height": 0.019999999552965164,
      "depth": 0.029999999329447746,
      "object_id": -1,
      "frame": "RealSense D455 aligned color camera frame",
      "rank": 5,
      "distance_to_object_center": 0.049948909848537046
    },
    {
      "score": 0.4863556921482086,
      "translation_camera": [
        -0.01690690405666828,
        -0.07247595489025116,
        0.39400002360343933
      ],
      "rotation_matrix_camera": [
        [
          0.5313771963119507,
          -0.13215208053588867,
          -0.8367640972137451
        ],
        [
          -0.16952382028102875,
          0.9511891603469849,
          -0.2578775882720947
        ],
        [
          0.8300000429153442,
          0.278881698846817,
          0.4830372631549835
        ]
      ],
      "width": 0.08267340064048767,
      "height": 0.019999999552965164,
      "depth": 0.029999999329447746,
      "object_id": -1,
      "frame": "RealSense D455 aligned color camera frame",
      "rank": 6,
      "distance_to_object_center": 0.048620951242413425
    },
    {
      "score": 0.46424466371536255,
      "translation_camera": [
        -0.01673526130616665,
        -0.08388715982437134,
        0.39000001549720764
      ],
      "rotation_matrix_camera": [
        [
          0.4980229139328003,
          -0.6140506863594055,
          -0.6123030185699463
        ],
        [
          -0.3856969475746155,
          0.47555533051490784,
          -0.790623128414154
        ],
        [
          0.7766667008399963,
          0.6299118399620056,
          -2.7534321489497415e-08
        ]
      ],
      "width": 0.07222301512956619,
      "height": 0.019999999552965164,
      "depth": 0.029999999329447746,
      "object_id": -1,
      "frame": "RealSense D455 aligned color camera frame",
      "rank": 7,
      "distance_to_object_center": 0.05894383798284748
    },
    {
      "score": 0.4561886191368103,
      "translation_camera": [
        -0.014675365760922432,
        -0.08468171954154968,
        0.3890000283718109
      ],
      "rotation_matrix_camera": [
        [
          0.4980229139328003,
          -0.6140506863594055,
          -0.6123030185699463
        ],
        [
          -0.3856969475746155,
          0.47555533051490784,
          -0.790623128414154
        ],
        [
          0.7766667008399963,
          0.6299118399620056,
          -2.7534321489497415e-08
        ]
      ],
      "width": 0.07050725072622299,
      "height": 0.019999999552965164,
      "depth": 0.029999999329447746,
      "object_id": -1,
      "frame": "RealSense D455 aligned color camera frame",
      "rank": 8,
      "distance_to_object_center": 0.059079710122683336
    },
    {
      "score": 0.45547977089881897,
      "translation_camera": [
        -0.0035267022904008627,
        -0.07840516418218613,
        0.3830000162124634
      ],
      "rotation_matrix_camera": [
        [
          0.5313771963119507,
          -0.7907350063323975,
          -0.3039349615573883
        ],
        [
          -0.16952382028102875,
          0.2522660195827484,
          -0.9526927471160889
        ],
        [
          0.8300000429153442,
          0.557763397693634,
          -2.4380613083963e-08
        ]
      ],
      "width": 0.0774560496211052,
      "height": 0.019999999552965164,
      "depth": 0.029999999329447746,
      "object_id": -1,
      "frame": "RealSense D455 aligned color camera frame",
      "rank": 9,
      "distance_to_object_center": 0.051042512312621476
    },
    {
      "score": 0.4422321319580078,
      "translation_camera": [
        0.006385951302945614,
        -0.07423451542854309,
        0.38200002908706665
      ],
      "rotation_matrix_camera": [
        [
          0.5313771963119507,
          -0.7907350063323975,
          -0.3039349615573883
        ],
        [
          -0.16952382028102875,
          0.2522660195827484,
          -0.9526927471160889
        ],
        [
          0.8300000429153442,
          0.557763397693634,
          -2.4380613083963e-08
        ]
      ],
      "width": 0.07713491469621658,
      "height": 0.019999999552965164,
      "depth": 0.029999999329447746,
      "object_id": -1,
      "frame": "RealSense D455 aligned color camera frame",
      "rank": 10,
      "distance_to_object_center": 0.04702989029579772
    },
    {
      "score": 0.44089436531066895,
      "translation_camera": [
        -0.005541362799704075,
        -0.0708204135298729,
        0.3850000202655792
      ],
      "rotation_matrix_camera": [
        [
          0.5313771963119507,
          -0.8424555659294128,
          -0.08892117440700531
        ],
        [
          -0.16952382028102875,
          -0.002904951572418213,
          -0.9855217337608337
        ],
        [
          0.8300000429153442,
          0.5387580394744873,
          -0.14435990154743195
        ]
      ],
      "width": 0.07815860211849213,
      "height": 0.019999999552965164,
      "depth": 0.029999999329447746,
      "object_id": -1,
      "frame": "RealSense D455 aligned color camera frame",
      "rank": 11,
      "distance_to_object_center": 0.043635695933931996
    },
    {
      "score": 0.41978126764297485,
      "translation_camera": [
        -0.0221817996352911,
        -0.060662779957056046,
        0.3970000147819519
      ],
      "rotation_matrix_camera": [
        [
          0.6660667061805725,
          -0.7401613593101501,
          -0.09228425472974777
        ],
        [
          -0.06173091381788254,
          0.0685979425907135,
          -0.9957327246665955
        ],
        [
          0.7433333396911621,
          0.6689212322235107,
          -2.9239474841347146e-08
        ]
      ],
      "width": 0.06831536442041397,
      "height": 0.019999999552965164,
      "depth": 0.019999999552965164,
      "object_id": -1,
      "frame": "RealSense D455 aligned color camera frame",
      "rank": 12,
      "distance_to_object_center": 0.04142026707172742
    },
    {
      "score": 0.4181930422782898,
      "translation_camera": [
        -0.01801936700940132,
        -0.07284385710954666,
        0.3960000276565552
      ],
      "rotation_matrix_camera": [
        [
          0.5313771963119507,
          -0.13215208053588867,
          -0.8367640972137451
        ],
        [
          -0.16952382028102875,
          0.9511891603469849,
          -0.2578775882720947
        ],
        [
          0.8300000429153442,
          0.278881698846817,
          0.4830372631549835
        ]
      ],
      "width": 0.08318482339382172,
      "height": 0.019999999552965164,
      "depth": 0.029999999329447746,
      "object_id": -1,
      "frame": "RealSense D455 aligned color camera frame",
      "rank": 13,
      "distance_to_object_center": 0.049669196006225574
    },
    {
      "score": 0.4177112579345703,
      "translation_camera": [
        -0.012625839561223984,
        -0.07540049403905869,
        0.3880000114440918
      ],
      "rotation_matrix_camera": [
        [
          0.5313771963119507,
          -0.3442196249961853,
          -0.7740485668182373
        ],
        [
          -0.16952382028102875,
          0.8520345687866211,
          -0.495276540517807
        ],
        [
          0.8300000429153442,
          0.3943983018398285,
          0.3943982720375061
        ]
      ],
      "width": 0.08282779902219772,
      "height": 0.019999999552965164,
      "depth": 0.029999999329447746,
      "object_id": -1,
      "frame": "RealSense D455 aligned color camera frame",
      "rank": 14,
      "distance_to_object_center": 0.049586132323065524
    },
    {
      "score": 0.41317468881607056,
      "translation_camera": [
        -0.004531440325081348,
        -0.07262982428073883,
        0.3840000331401825
      ],
      "rotation_matrix_camera": [
        [
          0.5313771963119507,
          -0.8424555659294128,
          -0.08892117440700531
        ],
        [
          -0.16952382028102875,
          -0.002904951572418213,
          -0.9855217337608337
        ],
        [
          0.8300000429153442,
          0.5387580394744873,
          -0.14435990154743195
        ]
      ],
      "width": 0.07802952080965042,
      "height": 0.019999999552965164,
      "depth": 0.029999999329447746,
      "object_id": -1,
      "frame": "RealSense D455 aligned color camera frame",
      "rank": 15,
      "distance_to_object_center": 0.0453515057421046
    },
    {
      "score": 0.40961235761642456,
      "translation_camera": [
        0.009356984868645668,
        -0.07423451542854309,
        0.38200002908706665
      ],
      "rotation_matrix_camera": [
        [
          0.5313771963119507,
          -0.7907350063323975,
          -0.3039349615573883
        ],
        [
          -0.16952382028102875,
          0.2522660195827484,
          -0.9526927471160889
        ],
        [
          0.8300000429153442,
          0.557763397693634,
          -2.4380613083963e-08
        ]
      ],
      "width": 0.07884083688259125,
      "height": 0.019999999552965164,
      "depth": 0.019999999552965164,
      "object_id": -1,
      "frame": "RealSense D455 aligned color camera frame",
      "rank": 16,
      "distance_to_object_center": 0.04743433852479584
    },
    {
      "score": 0.40907782316207886,
      "translation_camera": [
        -0.006539484951645136,
        -0.07381822913885117,
        0.3850000202655792
      ],
      "rotation_matrix_camera": [
        [
          0.5313771963119507,
          -0.8424555659294128,
          -0.08892117440700531
        ],
        [
          -0.16952382028102875,
          -0.002904951572418213,
          -0.9855217337608337
        ],
        [
          0.8300000429153442,
          0.5387580394744873,
          -0.14435990154743195
        ]
      ],
      "width": 0.07809635251760483,
      "height": 0.019999999552965164,
      "depth": 0.029999999329447746,
      "object_id": -1,
      "frame": "RealSense D455 aligned color camera frame",
      "rank": 17,
      "distance_to_object_center": 0.0467506324992602
    },
    {
      "score": 0.40890181064605713,
      "translation_camera": [
        -0.014675365760922432,
        -0.08064310252666473,
        0.3890000283718109
      ],
      "rotation_matrix_camera": [
        [
          0.4980229139328003,
          -0.6140506863594055,
          -0.6123030185699463
        ],
        [
          -0.3856969475746155,
          0.47555533051490784,
          -0.790623128414154
        ],
        [
          0.7766667008399963,
          0.6299118399620056,
          -2.7534321489497415e-08
        ]
      ],
      "width": 0.07634340226650238,
      "height": 0.019999999552965164,
      "depth": 0.029999999329447746,
      "object_id": -1,
      "frame": "RealSense D455 aligned color camera frame",
      "rank": 18,
      "distance_to_object_center": 0.05520591643860678
    },
    {
      "score": 0.4073858857154846,
      "translation_camera": [
        0.0004438839969225228,
        -0.08018343150615692,
        0.38200002908706665
      ],
      "rotation_matrix_camera": [
        [
          0.5313771963119507,
          -0.7907350063323975,
          -0.3039349615573883
        ],
        [
          -0.16952382028102875,
          0.2522660195827484,
          -0.9526927471160889
        ],
        [
          0.8300000429153442,
          0.557763397693634,
          -2.4380613083963e-08
        ]
      ],
      "width": 0.07646746933460236,
      "height": 0.019999999552965164,
      "depth": 0.029999999329447746,
      "object_id": -1,
      "frame": "RealSense D455 aligned color camera frame",
      "rank": 19,
      "distance_to_object_center": 0.05268401651898162
    },
    {
      "score": 0.4053454101085663,
      "translation_camera": [
        0.001434228615835309,
        -0.059362225234508514,
        0.38200002908706665
      ],
      "rotation_matrix_camera": [
        [
          0.5313771963119507,
          -0.7907350063323975,
          -0.3039349615573883
        ],
        [
          -0.16952382028102875,
          0.2522660195827484,
          -0.9526927471160889
        ],
        [
          0.8300000429153442,
          0.557763397693634,
          -2.4380613083963e-08
        ]
      ],
      "width": 0.06302785873413086,
      "height": 0.019999999552965164,
      "depth": 0.029999999329447746,
      "object_id": -1,
      "frame": "RealSense D455 aligned color camera frame",
      "rank": 20,
      "distance_to_object_center": 0.03207667422859437
    },
    {
      "score": 0.40410494804382324,
      "translation_camera": [
        -0.019094102084636688,
        -0.07508864253759384,
        0.3970000147819519
      ],
      "rotation_matrix_camera": [
        [
          0.5313771963119507,
          -0.13215208053588867,
          -0.8367640972137451
        ],
        [
          -0.16952382028102875,
          0.9511891603469849,
          -0.2578775882720947
        ],
        [
          0.8300000429153442,
          0.278881698846817,
          0.4830372631549835
        ]
      ],
      "width": 0.08197107166051865,
      "height": 0.019999999552965164,
      "depth": 0.029999999329447746,
      "object_id": -1,
      "frame": "RealSense D455 aligned color camera frame",
      "rank": 21,
      "distance_to_object_center": 0.052288139088939915
    },
    {
      "score": 0.40379229187965393,
      "translation_camera": [
        -0.0025403809268027544,
        -0.07462317496538162,
        0.3840000331401825
      ],
      "rotation_matrix_camera": [
        [
          0.5313771963119507,
          -0.8424555659294128,
          -0.08892117440700531
        ],
        [
          -0.16952382028102875,
          -0.002904951572418213,
          -0.9855217337608337
        ],
        [
          0.8300000429153442,
          0.5387580394744873,
          -0.14435990154743195
        ]
      ],
      "width": 0.07820248603820801,
      "height": 0.019999999552965164,
      "depth": 0.029999999329447746,
      "object_id": -1,
      "frame": "RealSense D455 aligned color camera frame",
      "rank": 22,
      "distance_to_object_center": 0.047110804936545556
    },
    {
      "score": 0.4031834602355957,
      "translation_camera": [
        0.00838854257017374,
        -0.07741108536720276,
        0.3830000162124634
      ],
      "rotation_matrix_camera": [
        [
          0.5313771963119507,
          -0.7907350063323975,
          -0.3039349615573883
        ],
        [
          -0.16952382028102875,
          0.2522660195827484,
          -0.9526927471160889
        ],
        [
          0.8300000429153442,
          0.557763397693634,
          -2.4380613083963e-08
        ]
      ],
      "width": 0.0762363076210022,
      "height": 0.019999999552965164,
      "depth": 0.019999999552965164,
      "object_id": -1,
      "frame": "RealSense D455 aligned color camera frame",
      "rank": 23,
      "distance_to_object_center": 0.05029304827357475
    },
    {
      "score": 0.40296420454978943,
      "translation_camera": [
        0.0004450459673535079,
        -0.07343476265668869,
        0.3830000162124634
      ],
      "rotation_matrix_camera": [
        [
          0.5313771963119507,
          -0.8424555659294128,
          -0.08892117440700531
        ],
        [
          -0.16952382028102875,
          -0.002904951572418213,
          -0.9855217337608337
        ],
        [
          0.8300000429153442,
          0.5387580394744873,
          -0.14435990154743195
        ]
      ],
      "width": 0.07901271432638168,
      "height": 0.019999999552965164,
      "depth": 0.029999999329447746,
      "object_id": -1,
      "frame": "RealSense D455 aligned color camera frame",
      "rank": 24,
      "distance_to_object_center": 0.045867296901886276
    },
    {
      "score": 0.39945128560066223,
      "translation_camera": [
        -0.0015368051826953888,
        -0.0821664035320282,
        0.38200002908706665
      ],
      "rotation_matrix_camera": [
        [
          0.5313771963119507,
          -0.7907350063323975,
          -0.3039349615573883
        ],
        [
          -0.16952382028102875,
          0.2522660195827484,
          -0.9526927471160889
        ],
        [
          0.8300000429153442,
          0.557763397693634,
          -2.4380613083963e-08
        ]
      ],
      "width": 0.07718782126903534,
      "height": 0.019999999552965164,
      "depth": 0.029999999329447746,
      "object_id": -1,
      "frame": "RealSense D455 aligned color camera frame",
      "rank": 25,
      "distance_to_object_center": 0.054726213995768484
    },
    {
      "score": 0.3990432620048523,
      "translation_camera": [
        -0.015764495357871056,
        -0.08004287630319595,
        0.39100003242492676
      ],
      "rotation_matrix_camera": [
        [
          0.5313771963119507,
          -0.7907350063323975,
          -0.3039349615573883
        ],
        [
          -0.16952382028102875,
          0.2522660195827484,
          -0.9526927471160889
        ],
        [
          0.8300000429153442,
          0.557763397693634,
          -2.4380613083963e-08
        ]
      ],
      "width": 0.08374516665935516,
      "height": 0.019999999552965164,
      "depth": 0.029999999329447746,
      "object_id": -1,
      "frame": "RealSense D455 aligned color camera frame",
      "rank": 26,
      "distance_to_object_center": 0.055036110302564584
    },
    {
      "score": 0.3938961327075958,
      "translation_camera": [
        -0.009533851407468319,
        -0.07481750845909119,
        0.3850000202655792
      ],
      "rotation_matrix_camera": [
        [
          0.5313771963119507,
          -0.3442196249961853,
          -0.7740485668182373
        ],
        [
          -0.16952382028102875,
          0.8520345687866211,
          -0.495276540517807
        ],
        [
          0.8300000429153442,
          0.3943983018398285,
          0.3943982720375061
        ]
      ],
      "width": 0.0802830159664154,
      "height": 0.019999999552965164,
      "depth": 0.029999999329447746,
      "object_id": -1,
      "frame": "RealSense D455 aligned color camera frame",
      "rank": 27,
      "distance_to_object_center": 0.048324431114124974
    },
    {
      "score": 0.3902968466281891,
      "translation_camera": [
        -0.013631739653646946,
        -0.08244991302490234,
        0.3880000114440918
      ],
      "rotation_matrix_camera": [
        [
          0.4980229139328003,
          -0.6140506863594055,
          -0.6123030185699463
        ],
        [
          -0.3856969475746155,
          0.47555533051490784,
          -0.790623128414154
        ],
        [
          0.7766667008399963,
          0.6299118399620056,
          -2.7534321489497415e-08
        ]
      ],
      "width": 0.07414858788251877,
      "height": 0.019999999552965164,
      "depth": 0.029999999329447746,
      "object_id": -1,
      "frame": "RealSense D455 aligned color camera frame",
      "rank": 28,
      "distance_to_object_center": 0.05664074995598098
    },
    {
      "score": 0.39009901881217957,
      "translation_camera": [
        -0.013666873797774315,
        -0.07761414349079132,
        0.3890000283718109
      ],
      "rotation_matrix_camera": [
        [
          0.5313771963119507,
          -0.3442196249961853,
          -0.7740485668182373
        ],
        [
          -0.16952382028102875,
          0.8520345687866211,
          -0.495276540517807
        ],
        [
          0.8300000429153442,
          0.3943983018398285,
          0.3943982720375061
        ]
      ],
      "width": 0.08325992524623871,
      "height": 0.019999999552965164,
      "depth": 0.029999999329447746,
      "object_id": -1,
      "frame": "RealSense D455 aligned color camera frame",
      "rank": 29,
      "distance_to_object_center": 0.05201510290627517
    },
    {
      "score": 0.38929909467697144,
      "translation_camera": [
        -0.013666873797774315,
        -0.0715562105178833,
        0.3890000283718109
      ],
      "rotation_matrix_camera": [
        [
          0.5313771963119507,
          -0.3442196249961853,
          -0.7740485668182373
        ],
        [
          -0.16952382028102875,
          0.8520345687866211,
          -0.495276540517807
        ],
        [
          0.8300000429153442,
          0.3943983018398285,
          0.3943982720375061
        ]
      ],
      "width": 0.08080305904150009,
      "height": 0.019999999552965164,
      "depth": 0.029999999329447746,
      "object_id": -1,
      "frame": "RealSense D455 aligned color camera frame",
      "rank": 30,
      "distance_to_object_center": 0.04625315546850882
    },
    {
      "score": 0.38154858350753784,
      "translation_camera": [
        -0.014713090844452381,
        -0.07376465946435928,
        0.39000001549720764
      ],
      "rotation_matrix_camera": [
        [
          0.5313771963119507,
          -0.3442196249961853,
          -0.7740485668182373
        ],
        [
          -0.16952382028102875,
          0.8520345687866211,
          -0.495276540517807
        ],
        [
          0.8300000429153442,
          0.3943983018398285,
          0.3943982720375061
        ]
      ],
      "width": 0.08332107961177826,
      "height": 0.019999999552965164,
      "depth": 0.029999999329447746,
      "object_id": -1,
      "frame": "RealSense D455 aligned color camera frame",
      "rank": 31,
      "distance_to_object_center": 0.04871322533942135
    },
    {
      "score": 0.37751632928848267,
      "translation_camera": [
        -0.011560044251382351,
        -0.08402865380048752,
        0.38600003719329834
      ],
      "rotation_matrix_camera": [
        [
          0.32332366704940796,
          -0.5531456470489502,
          -0.7677836418151855
        ],
        [
          -0.38744980096817017,
          0.6628532409667969,
          -0.6407091617584229
        ],
        [
          0.8633333444595337,
          0.5046340823173523,
          -2.2058255666479454e-08
        ]
      ],
      "width": 0.060852911323308945,
      "height": 0.019999999552965164,
      "depth": 0.029999999329447746,
      "object_id": -1,
      "frame": "RealSense D455 aligned color camera frame",
      "rank": 32,
      "distance_to_object_center": 0.0576965886278093
    },
    {
      "score": 0.36982205510139465,
      "translation_camera": [
        -0.021152567118406296,
        -0.06890612840652466,
        0.3970000147819519
      ],
      "rotation_matrix_camera": [
        [
          0.6660667061805725,
          -0.2901601493358612,
          -0.687140703201294
        ],
        [
          -0.06173091381788254,
          0.8966288566589355,
          -0.43845877051353455
        ],
        [
          0.7433333396911621,
          0.33446061611175537,
          0.5793027877807617
        ]
      ],
      "width": 0.0785847008228302,
      "height": 0.019999999552965164,
      "depth": 0.029999999329447746,
      "object_id": -1,
      "frame": "RealSense D455 aligned color camera frame",
      "rank": 33,
      "distance_to_object_center": 0.047717593591779545
    },
    {
      "score": 0.36925259232521057,
      "translation_camera": [
        -0.022293545305728912,
        -0.07028887420892715,
        0.39900001883506775
      ],
      "rotation_matrix_camera": [
        [
          0.6660667061805725,
          -0.2901601493358612,
          -0.687140703201294
        ],
        [
          -0.06173091381788254,
          0.8966288566589355,
          -0.43845877051353455
        ],
        [
          0.7433333396911621,
          0.33446061611175537,
          0.5793027877807617
        ]
      ],
      "width": 0.07997399568557739,
      "height": 0.019999999552965164,
      "depth": 0.029999999329447746,
      "object_id": -1,
      "frame": "RealSense D455 aligned color camera frame",
      "rank": 34,
      "distance_to_object_center": 0.04985255812928304
    },
    {
      "score": 0.3687114119529724,
      "translation_camera": [
        -0.02131241001188755,
        -0.07669427245855331,
        0.40000003576278687
      ],
      "rotation_matrix_camera": [
        [
          0.5313771963119507,
          -0.13215208053588867,
          -0.8367640972137451
        ],
        [
          -0.16952382028102875,
          0.9511891603469849,
          -0.2578775882720947
        ],
        [
          0.8300000429153442,
          0.278881698846817,
          0.4830372631549835
        ]
      ],
      "width": 0.08152183145284653,
      "height": 0.019999999552965164,
      "depth": 0.029999999329447746,
      "object_id": -1,
      "frame": "RealSense D455 aligned color camera frame",
      "rank": 35,
      "distance_to_object_center": 0.055202795928406934
    },
    {
      "score": 0.36180946230888367,
      "translation_camera": [
        -0.020224710926413536,
        -0.07443131506443024,
        0.39900001883506775
      ],
      "rotation_matrix_camera": [
        [
          0.5313771963119507,
          -0.13215208053588867,
          -0.8367640972137451
        ],
        [
          -0.16952382028102875,
          0.9511891603469849,
          -0.2578775882720947
        ],
        [
          0.8300000429153442,
          0.278881698846817,
          0.4830372631549835
        ]
      ],
      "width": 0.08131353557109833,
      "height": 0.019999999552965164,
      "depth": 0.029999999329447746,
      "object_id": -1,
      "frame": "RealSense D455 aligned color camera frame",
      "rank": 36,
      "distance_to_object_center": 0.052536612678463206
    },
    {
      "score": 0.35463225841522217,
      "translation_camera": [
        -0.023444896563887596,
        -0.07792680710554123,
        0.4010000228881836
      ],
      "rotation_matrix_camera": [
        [
          0.5313771963119507,
          -0.13215208053588867,
          -0.8367640972137451
        ],
        [
          -0.16952382028102875,
          0.9511891603469849,
          -0.2578775882720947
        ],
        [
          0.8300000429153442,
          0.278881698846817,
          0.4830372631549835
        ]
      ],
      "width": 0.08023159950971603,
      "height": 0.019999999552965164,
      "depth": 0.029999999329447746,
      "object_id": -1,
      "frame": "RealSense D455 aligned color camera frame",
      "rank": 37,
      "distance_to_object_center": 0.05740959140613877
    },
    {
      "score": 0.3512192368507385,
      "translation_camera": [
        0.005395606625825167,
        -0.05143033713102341,
        0.38200002908706665
      ],
      "rotation_matrix_camera": [
        [
          0.5313771963119507,
          -0.7907350063323975,
          -0.3039349615573883
        ],
        [
          -0.16952382028102875,
          0.2522660195827484,
          -0.9526927471160889
        ],
        [
          0.8300000429153442,
          0.557763397693634,
          -2.4380613083963e-08
        ]
      ],
      "width": 0.061394866555929184,
      "height": 0.019999999552965164,
      "depth": 0.029999999329447746,
      "object_id": -1,
      "frame": "RealSense D455 aligned color camera frame",
      "rank": 38,
      "distance_to_object_center": 0.024649239047510967
    },
    {
      "score": 0.35107043385505676,
      "translation_camera": [
        -0.011589991860091686,
        -0.07319723814725876,
        0.38700002431869507
      ],
      "rotation_matrix_camera": [
        [
          0.4980229139328003,
          -0.6140506863594055,
          -0.6123030185699463
        ],
        [
          -0.3856969475746155,
          0.47555533051490784,
          -0.790623128414154
        ],
        [
          0.7766667008399963,
          0.6299118399620056,
          -2.7534321489497415e-08
        ]
      ],
      "width": 0.07932022213935852,
      "height": 0.019999999552965164,
      "depth": 0.03999999910593033,
      "object_id": -1,
      "frame": "RealSense D455 aligned color camera frame",
      "rank": 39,
      "distance_to_object_center": 0.04719156444630262
    },
    {
      "score": 0.34841376543045044,
      "translation_camera": [
        -0.00853572878986597,
        -0.0798138678073883,
        0.3850000202655792
      ],
      "rotation_matrix_camera": [
        [
          0.5313771963119507,
          -0.8424555659294128,
          -0.08892117440700531
        ],
        [
          -0.16952382028102875,
          -0.002904951572418213,
          -0.9855217337608337
        ],
        [
          0.8300000429153442,
          0.5387580394744873,
          -0.14435990154743195
        ]
      ],
      "width": 0.07555025815963745,
      "height": 0.019999999552965164,
      "depth": 0.029999999329447746,
      "object_id": -1,
      "frame": "RealSense D455 aligned color camera frame",
      "rank": 40,
      "distance_to_object_center": 0.05299638327757499
    },
    {
      "score": 0.3458525538444519,
      "translation_camera": [
        -0.016863994300365448,
        -0.08249237388372421,
        0.3930000364780426
      ],
      "rotation_matrix_camera": [
        [
          0.5313771963119507,
          -0.7907350063323975,
          -0.3039349615573883
        ],
        [
          -0.16952382028102875,
          0.2522660195827484,
          -0.9526927471160889
        ],
        [
          0.8300000429153442,
          0.557763397693634,
          -2.4380613083963e-08
        ]
      ],
      "width": 0.08483735471963882,
      "height": 0.019999999552965164,
      "depth": 0.029999999329447746,
      "object_id": -1,
      "frame": "RealSense D455 aligned color camera frame",
      "rank": 41,
      "distance_to_object_center": 0.05784205465650997
    },
    {
      "score": 0.34482482075691223,
      "translation_camera": [
        -0.009533851407468319,
        -0.08580949902534485,
        0.3850000202655792
      ],
      "rotation_matrix_camera": [
        [
          0.32332366704940796,
          -0.5531456470489502,
          -0.7677836418151855
        ],
        [
          -0.38744980096817017,
          0.6628532409667969,
          -0.6407091617584229
        ],
        [
          0.8633333444595337,
          0.5046340823173523,
          -2.2058255666479454e-08
        ]
      ],
      "width": 0.06156320497393608,
      "height": 0.019999999552965164,
      "depth": 0.029999999329447746,
      "object_id": -1,
      "frame": "RealSense D455 aligned color camera frame",
      "rank": 42,
      "distance_to_object_center": 0.05906411720061774
    },
    {
      "score": 0.34417662024497986,
      "translation_camera": [
        0.004462922923266888,
        -0.02096514031291008,
        0.38700002431869507
      ],
      "rotation_matrix_camera": [
        [
          0.4980229139328003,
          -0.6140506863594055,
          -0.6123030185699463
        ],
        [
          -0.3856969475746155,
          0.47555533051490784,
          -0.790623128414154
        ],
        [
          0.7766667008399963,
          0.6299118399620056,
          -2.7534321489497415e-08
        ]
      ],
      "width": 0.06701406836509705,
      "height": 0.019999999552965164,
      "depth": 0.019999999552965164,
      "object_id": -1,
      "frame": "RealSense D455 aligned color camera frame",
      "rank": 43,
      "distance_to_object_center": 0.007586319438215737
    },
    {
      "score": 0.34342461824417114,
      "translation_camera": [
        -0.012593299150466919,
        -0.07821955531835556,
        0.38700002431869507
      ],
      "rotation_matrix_camera": [
        [
          0.4980229139328003,
          -0.6140506863594055,
          -0.6123030185699463
        ],
        [
          -0.3856969475746155,
          0.47555533051490784,
          -0.790623128414154
        ],
        [
          0.7766667008399963,
          0.6299118399620056,
          -2.7534321489497415e-08
        ]
      ],
      "width": 0.07738164067268372,
      "height": 0.019999999552965164,
      "depth": 0.03999999910593033,
      "object_id": -1,
      "frame": "RealSense D455 aligned color camera frame",
      "rank": 44,
      "distance_to_object_center": 0.05229630059393555
    },
    {
      "score": 0.3430057764053345,
      "translation_camera": [
        -0.020224710926413536,
        -0.07960935682058334,
        0.39900001883506775
      ],
      "rotation_matrix_camera": [
        [
          0.5313771963119507,
          -0.13215208053588867,
          -0.8367640972137451
        ],
        [
          -0.16952382028102875,
          0.9511891603469849,
          -0.2578775882720947
        ],
        [
          0.8300000429153442,
          0.278881698846817,
          0.4830372631549835
        ]
      ],
      "width": 0.08027533441781998,
      "height": 0.019999999552965164,
      "depth": 0.029999999329447746,
      "object_id": -1,
      "frame": "RealSense D455 aligned color camera frame",
      "rank": 45,
      "distance_to_object_center": 0.05717770692464647
    },
    {
      "score": 0.34142330288887024,
      "translation_camera": [
        0.0034327968023717403,
        -0.0377461276948452,
        0.3840000331401825
      ],
      "rotation_matrix_camera": [
        [
          0.4980229139328003,
          -0.6140506863594055,
          -0.6123030185699463
        ],
        [
          -0.3856969475746155,
          0.47555533051490784,
          -0.790623128414154
        ],
        [
          0.7766667008399963,
          0.6299118399620056,
          -2.7534321489497415e-08
        ]
      ],
      "width": 0.06742636114358902,
      "height": 0.019999999552965164,
      "depth": 0.019999999552965164,
      "object_id": -1,
      "frame": "RealSense D455 aligned color camera frame",
      "rank": 46,
      "distance_to_object_center": 0.01085651129884521
    },
    {
      "score": 0.33929643034935,
      "translation_camera": [
        -0.015764495357871056,
        -0.07090926915407181,
        0.39100003242492676
      ],
      "rotation_matrix_camera": [
        [
          0.5313771963119507,
          -0.3442196249961853,
          -0.7740485668182373
        ],
        [
          -0.16952382028102875,
          0.8520345687866211,
          -0.495276540517807
        ],
        [
          0.8300000429153442,
          0.3943983018398285,
          0.3943982720375061
        ]
      ],
      "width": 0.08130493760108948,
      "height": 0.019999999552965164,
      "depth": 0.029999999329447746,
      "object_id": -1,
      "frame": "RealSense D455 aligned color camera frame",
      "rank": 47,
      "distance_to_object_center": 0.04646513552461432
    },
    {
      "score": 0.33592167496681213,
      "translation_camera": [
        -0.02007264643907547,
        -0.06667691469192505,
        0.3960000276565552
      ],
      "rotation_matrix_camera": [
        [
          0.6660667061805725,
          -0.2901601493358612,
          -0.687140703201294
        ],
        [
