{
  "success": true,
  "method": "graspnet_baseline_d455",
  "num_candidates": 78,
  "object_center_camera": [
    0.10026464506181013,
    -0.02960076126843348,
    0.48100003600120544
  ],
  "candidates": [
    {
      "score": 0.2890564203262329,
      "translation_camera": [
        0.07323656231164932,
        0.016755251213908195,
        0.4920000433921814
      ],
      "rotation_matrix_camera": [
        [
          0.7653300762176514,
          0.14272962510585785,
          -0.6276130676269531
        ],
        [
          -0.6169755458831787,
          -0.11506243795156479,
          -0.7785254120826721
        ],
        [
          -0.18333333730697632,
          0.9830508232116699,
          -4.297051603430191e-08
        ]
      ],
      "width": 0.07183284312486649,
      "height": 0.019999999552965164,
      "depth": 0.019999999552965164,
      "object_id": -1,
      "frame": "RealSense D455 aligned color camera frame",
      "rank": 0,
      "distance_to_object_center": 0.05477588258544158
    },
    {
      "score": 0.2688404619693756,
      "translation_camera": [
        0.09840073436498642,
        -0.04820045083761215,
        0.4780000150203705
      ],
      "rotation_matrix_camera": [
        [
          0.4980229139328003,
          -0.6140506863594055,
          -0.6123030185699463
        ],
        [
          -0.3856969475746155,
          0.47555533051490784,
          -0.790623128414154
        ],
        [
          0.7766667008399963,
          0.6299118399620056,
          -2.7534321489497415e-08
        ]
      ],
      "width": 0.06898292154073715,
      "height": 0.019999999552965164,
      "depth": 0.029999999329447746,
      "object_id": -1,
      "frame": "RealSense D455 aligned color camera frame",
      "rank": 1,
      "distance_to_object_center": 0.018932055911627707
    },
    {
      "score": 0.24246352910995483,
      "translation_camera": [
        0.07451139390468597,
        0.01292636152356863,
        0.4920000433921814
      ],
      "rotation_matrix_camera": [
        [
          0.7653300762176514,
          0.14272962510585785,
          -0.6276130676269531
        ],
        [
          -0.6169755458831787,
          -0.11506243795156479,
          -0.7785254120826721
        ],
        [
          -0.18333333730697632,
          0.9830508232116699,
          -4.297051603430191e-08
        ]
      ],
      "width": 0.07058630138635635,
      "height": 0.019999999552965164,
      "depth": 0.019999999552965164,
      "object_id": -1,
      "frame": "RealSense D455 aligned color camera frame",
      "rank": 2,
      "distance_to_object_center": 0.05091940966595614
    },
    {
      "score": 0.23300066590309143,
      "translation_camera": [
        0.1321466714143753,
        0.04364601522684097,
        0.4930000305175781
      ],
      "rotation_matrix_camera": [
        [
          0.8544597029685974,
          0.03706137463450432,
          -0.5181940793991089
        ],
        [
          -0.517707347869873,
          -0.022455113008618355,
          -0.8552629947662354
        ],
        [
          -0.04333333298563957,
          0.9990606307983398,
          -4.367032602203835e-08
        ]
      ],
      "width": 0.07027871906757355,
      "height": 0.019999999552965164,
      "depth": 0.029999999329447746,
      "object_id": -1,
      "frame": "RealSense D455 aligned color camera frame",
      "rank": 3,
      "distance_to_object_center": 0.08078089959691787
    },
    {
      "score": 0.2309144139289856,
      "translation_camera": [
        0.07451139390468597,
        0.010373767465353012,
        0.4920000433921814
      ],
      "rotation_matrix_camera": [
        [
          0.6509329080581665,
          0.2224152833223343,
          -0.7258221507072449
        ],
        [
          -0.6868346929550171,
          -0.23468251526355743,
          -0.6878824234008789
        ],
        [
          -0.3233333230018616,
          0.9462851285934448,
          -4.1363435343555466e-08
        ]
      ],
      "width": 0.07082109153270721,
      "height": 0.019999999552965164,
      "depth": 0.019999999552965164,
      "object_id": -1,
      "frame": "RealSense D455 aligned color camera frame",
      "rank": 4,
      "distance_to_object_center": 0.04880771512017095
    },
    {
      "score": 0.23045572638511658,
      "translation_camera": [
        0.13423600792884827,
        0.04262493550777435,
        0.4960000216960907
      ],
      "rotation_matrix_camera": [
        [
          0.8544597029685974,
          0.03706137463450432,
          -0.5181940793991089
        ],
        [
          -0.517707347869873,
          -0.022455113008618355,
          -0.8552629947662354
        ],
        [
          -0.04333333298563957,
          0.9990606307983398,
          -4.367032602203835e-08
        ]
      ],
      "width": 0.0702114850282669,
      "height": 0.019999999552965164,
      "depth": 0.019999999552965164,
      "object_id": -1,
      "frame": "RealSense D455 aligned color camera frame",
      "rank": 5,
      "distance_to_object_center": 0.08121332612754792
    },
    {
      "score": 0.22761262953281403,
      "translation_camera": [
        0.1366141140460968,
        0.03907753899693489,
        0.5000000596046448
      ],
      "rotation_matrix_camera": [
        [
          0.8544597029685974,
          0.03706137463450432,
          -0.5181940793991089
        ],
        [
          -0.517707347869873,
          -0.022455113008618355,
          -0.8552629947662354
        ],
        [
          -0.04333333298563957,
          0.9990606307983398,
          -4.367032602203835e-08
        ]
      ],
      "width": 0.06861549615859985,
      "height": 0.019999999552965164,
      "depth": 0.019999999552965164,
      "object_id": -1,
      "frame": "RealSense D455 aligned color camera frame",
      "rank": 6,
      "distance_to_object_center": 0.0799937105009573
    },
    {
      "score": 0.22476406395435333,
      "translation_camera": [
        0.13241471350193024,
        0.04117157682776451,
        0.49400001764297485
      ],
      "rotation_matrix_camera": [
        [
          0.8544597029685974,
          0.03706137463450432,
          -0.5181940793991089
        ],
        [
          -0.517707347869873,
          -0.022455113008618355,
          -0.8552629947662354
        ],
        [
          -0.04333333298563957,
          0.9990606307983398,
          -4.367032602203835e-08
        ]
      ],
      "width": 0.06996085494756699,
      "height": 0.019999999552965164,
      "depth": 0.029999999329447746,
      "object_id": -1,
      "frame": "RealSense D455 aligned color camera frame",
      "rank": 7,
      "distance_to_object_center": 0.07881212002600428
    },
    {
      "score": 0.22201649844646454,
      "translation_camera": [
        0.09632498770952225,
        -0.04342145845293999,
        0.48000001907348633
      ],
      "rotation_matrix_camera": [
        [
          0.4980229139328003,
          -0.6140506863594055,
          -0.6123030185699463
        ],
        [
          -0.3856969475746155,
          0.47555533051490784,
          -0.790623128414154
        ],
        [
          0.7766667008399963,
          0.6299118399620056,
          -2.7534321489497415e-08
        ]
      ],
      "width": 0.06854907423257828,
      "height": 0.019999999552965164,
      "depth": 0.029999999329447746,
      "object_id": -1,
      "frame": "RealSense D455 aligned color camera frame",
      "rank": 8,
      "distance_to_object_center": 0.014405991967753794
    },
    {
      "score": 0.22172287106513977,
      "translation_camera": [
        0.13348691165447235,
        0.03762936592102051,
        0.49800002574920654
      ],
      "rotation_matrix_camera": [
        [
          0.8544597029685974,
          0.03706137463450432,
          -0.5181940793991089
        ],
        [
          -0.517707347869873,
          -0.022455113008618355,
          -0.8552629947662354
        ],
        [
          -0.04333333298563957,
          0.9990606307983398,
          -4.367032602203835e-08
        ]
      ],
      "width": 0.06961612403392792,
      "height": 0.019999999552965164,
      "depth": 0.019999999552965164,
      "object_id": -1,
      "frame": "RealSense D455 aligned color camera frame",
      "rank": 9,
      "distance_to_object_center": 0.07689348900197092
    },
    {
      "score": 0.21208283305168152,
      "translation_camera": [
        0.11772294342517853,
        -0.08257293701171875,
        0.476000040769577
      ],
      "rotation_matrix_camera": [
        [
          0.6540746092796326,
          0.42825940251350403,
          -0.6235225796699524
        ],
        [
          -0.309978187084198,
          0.9036558270454407,
          0.2954990267753601
        ],
        [
          0.690000057220459,
          0.0,
          0.7238094210624695
        ]
      ],
      "width": 0.08403230458498001,
      "height": 0.019999999552965164,
      "depth": 0.019999999552965164,
      "object_id": -1,
      "frame": "RealSense D455 aligned color camera frame",
      "rank": 10,
      "distance_to_object_center": 0.05599860299184435
    },
    {
      "score": 0.2050410807132721,
      "translation_camera": [
        0.12296716868877411,
        0.03679819405078888,
        0.4870000183582306
      ],
      "rotation_matrix_camera": [
        [
          0.8544597029685974,
          0.03706137463450432,
          -0.5181940793991089
        ],
        [
          -0.517707347869873,
          -0.022455113008618355,
          -0.8552629947662354
        ],
        [
          -0.04333333298563957,
          0.9990606307983398,
          -4.367032602203835e-08
        ]
      ],
      "width": 0.06788261234760284,
      "height": 0.019999999552965164,
      "depth": 0.019999999552965164,
      "object_id": -1,
      "frame": "RealSense D455 aligned color camera frame",
      "rank": 11,
      "distance_to_object_center": 0.07042886932786552
    },
    {
      "score": 0.20083707571029663,
      "translation_camera": [
        0.12675277888774872,
        0.04564147815108299,
        0.4870000183582306
      ],
      "rotation_matrix_camera": [
        [
          0.8544597029685974,
          0.03706137463450432,
          -0.5181940793991089
        ],
        [
          -0.517707347869873,
          -0.022455113008618355,
          -0.8552629947662354
        ],
        [
          -0.04333333298563957,
          0.9990606307983398,
          -4.367032602203835e-08
        ]
      ],
      "width": 0.06720473617315292,
      "height": 0.019999999552965164,
      "depth": 0.019999999552965164,
      "object_id": -1,
      "frame": "RealSense D455 aligned color camera frame",
      "rank": 12,
      "distance_to_object_center": 0.07999384735546405
    },
    {
      "score": 0.19882254302501678,
      "translation_camera": [
        0.09501048922538757,
        -0.045224957168102264,
        0.48600003123283386
      ],
      "rotation_matrix_camera": [
        [
          0.4980229139328003,
          -0.6140506863594055,
          -0.6123030185699463
        ],
        [
          -0.3856969475746155,
          0.47555533051490784,
          -0.790623128414154
        ],
        [
          0.7766667008399963,
          0.6299118399620056,
          -2.7534321489497415e-08
        ]
      ],
      "width": 0.07130745053291321,
      "height": 0.019999999552965164,
      "depth": 0.029999999329447746,
      "object_id": -1,
      "frame": "RealSense D455 aligned color camera frame",
      "rank": 13,
      "distance_to_object_center": 0.017225608940787753
    },
    {
      "score": 0.1916598677635193,
      "translation_camera": [
        0.12574860453605652,
        0.03813967853784561,
        0.4880000352859497
      ],
      "rotation_matrix_camera": [
        [
          0.8544597029685974,
          0.03706137463450432,
          -0.5181940793991089
        ],
        [
          -0.517707347869873,
          -0.022455113008618355,
          -0.8552629947662354
        ],
        [
          -0.04333333298563957,
          0.9990606307983398,
          -4.367032602203835e-08
        ]
      ],
      "width": 0.06730833649635315,
      "height": 0.019999999552965164,
      "depth": 0.019999999552965164,
      "object_id": -1,
      "frame": "RealSense D455 aligned color camera frame",
      "rank": 14,
      "distance_to_object_center": 0.07271313062727786
    },
    {
      "score": 0.19052937626838684,
      "translation_camera": [
        0.09607169032096863,
        -0.04764818027615547,
        0.48500004410743713
      ],
      "rotation_matrix_camera": [
        [
          0.4980229139328003,
          -0.6140506863594055,
          -0.6123030185699463
        ],
        [
          -0.3856969475746155,
          0.47555533051490784,
          -0.790623128414154
        ],
        [
          0.7766667008399963,
          0.6299118399620056,
          -2.7534321489497415e-08
        ]
      ],
      "width": 0.07208129018545151,
      "height": 0.019999999552965164,
      "depth": 0.029999999329447746,
      "object_id": -1,
      "frame": "RealSense D455 aligned color camera frame",
      "rank": 15,
      "distance_to_object_center": 0.018954953630883654
    },
    {
      "score": 0.1852397471666336,
      "translation_camera": [
        0.12422903627157211,
        0.040588174015283585,
        0.4870000183582306
      ],
      "rotation_matrix_camera": [
        [
          0.8544597029685974,
          0.03706137463450432,
          -0.5181940793991089
        ],
        [
          -0.517707347869873,
          -0.022455113008618355,
          -0.8552629947662354
        ],
        [
          -0.04333333298563957,
          0.9990606307983398,
          -4.367032602203835e-08
        ]
      ],
      "width": 0.06750886887311935,
      "height": 0.019999999552965164,
      "depth": 0.019999999552965164,
      "object_id": -1,
      "frame": "RealSense D455 aligned color camera frame",
      "rank": 16,
      "distance_to_object_center": 0.07440953212190593
    },
    {
      "score": 0.1845015287399292,
      "translation_camera": [
        0.09756872057914734,
        -0.045911792665719986,
        0.48000001907348633
      ],
      "rotation_matrix_camera": [
        [
          0.4980229139328003,
          -0.6140506863594055,
          -0.6123030185699463
        ],
        [
          -0.3856969475746155,
          0.47555533051490784,
          -0.790623128414154
        ],
        [
          0.7766667008399963,
          0.6299118399620056,
          -2.7534321489497415e-08
        ]
      ],
      "width": 0.06992098689079285,
      "height": 0.019999999552965164,
      "depth": 0.029999999329447746,
      "object_id": -1,
      "frame": "RealSense D455 aligned color camera frame",
      "rank": 17,
      "distance_to_object_center": 0.016562541710595374
    },
    {
      "score": 0.18408772349357605,
      "translation_camera": [
        0.12271466851234436,
        0.03294043615460396,
        0.48600003123283386
      ],
      "rotation_matrix_camera": [
        [
          0.8544597029685974,
          0.03706137463450432,
          -0.5181940793991089
        ],
        [
          -0.517707347869873,
          -0.022455113008618355,
          -0.8552629947662354
        ],
        [
          -0.04333333298563957,
          0.9990606307983398,
          -4.367032602203835e-08
        ]
      ],
      "width": 0.06816001981496811,
      "height": 0.019999999552965164,
      "depth": 0.019999999552965164,
      "object_id": -1,
      "frame": "RealSense D455 aligned color camera frame",
      "rank": 18,
      "distance_to_object_center": 0.06663636304866276
    },
    {
      "score": 0.18332822620868683,
      "translation_camera": [
        0.11994879692792892,
        0.0316145233809948,
        0.48500004410743713
      ],
      "rotation_matrix_camera": [
        [
          0.8544597029685974,
          0.03706137463450432,
          -0.5181940793991089
        ],
        [
          -0.517707347869873,
          -0.022455113008618355,
          -0.8552629947662354
        ],
        [
          -0.04333333298563957,
          0.9990606307983398,
          -4.367032602203835e-08
        ]
      ],
      "width": 0.06715107709169388,
      "height": 0.019999999552965164,
      "depth": 0.019999999552965164,
      "object_id": -1,
      "frame": "RealSense D455 aligned color camera frame",
      "rank": 19,
      "distance_to_object_center": 0.06442652384110814
    },
    {
      "score": 0.18327219784259796,
      "translation_camera": [
        0.11994879692792892,
        0.02909824624657631,
        0.48500004410743713
      ],
      "rotation_matrix_camera": [
        [
          0.8544597029685974,
          0.03706137463450432,
          -0.5181940793991089
        ],
        [
          -0.517707347869873,
          -0.022455113008618355,
          -0.8552629947662354
        ],
        [
          -0.04333333298563957,
          0.9990606307983398,
          -4.367032602203835e-08
        ]
      ],
      "width": 0.06693857908248901,
      "height": 0.019999999552965164,
      "depth": 0.019999999552965164,
      "object_id": -1,
      "frame": "RealSense D455 aligned color camera frame",
      "rank": 20,
      "distance_to_object_center": 0.06204062687292516
    },
    {
      "score": 0.1829211413860321,
      "translation_camera": [
        0.12549090385437012,
        0.04311482608318329,
        0.4870000183582306
      ],
      "rotation_matrix_camera": [
        [
          0.8544597029685974,
          0.03706137463450432,
          -0.5181940793991089
        ],
        [
          -0.517707347869873,
          -0.022455113008618355,
          -0.8552629947662354
        ],
        [
          -0.04333333298563957,
          0.9990606307983398,
          -4.367032602203835e-08
        ]
      ],
      "width": 0.06770983338356018,
      "height": 0.019999999552965164,
      "depth": 0.019999999552965164,
      "object_id": -1,
      "frame": "RealSense D455 aligned color camera frame",
      "rank": 21,
      "distance_to_object_center": 0.07720052179127049
    },
    {
      "score": 0.17005802690982819,
      "translation_camera": [
        0.11994879692792892,
        0.034130796790122986,
        0.48500004410743713
      ],
      "rotation_matrix_camera": [
        [
          0.8544597029685974,
          0.03706137463450432,
          -0.5181940793991089
        ],
        [
          -0.517707347869873,
          -0.022455113008618355,
          -0.8552629947662354
        ],
        [
          -0.04333333298563957,
          0.9990606307983398,
          -4.367032602203835e-08
        ]
      ],
      "width": 0.06743591278791428,
      "height": 0.019999999552965164,
      "depth": 0.019999999552965164,
      "object_id": -1,
      "frame": "RealSense D455 aligned color camera frame",
      "rank": 22,
      "distance_to_object_center": 0.06682198285077673
    },
    {
      "score": 0.16245976090431213,
      "translation_camera": [
        0.1252332329750061,
        0.026636777445673943,
        0.48600003123283386
      ],
      "rotation_matrix_camera": [
        [
          0.7653300762176514,
          0.14272962510585785,
          -0.6276130676269531
        ],
        [
          -0.6169755458831787,
          -0.11506243795156479,
          -0.7785254120826721
        ],
        [
          -0.18333333730697632,
          0.9830508232116699,
          -4.297051603430191e-08
        ]
      ],
      "width": 0.06593909859657288,
      "height": 0.019999999552965164,
      "depth": 0.019999999552965164,
      "object_id": -1,
      "frame": "RealSense D455 aligned color camera frame",
      "rank": 23,
      "distance_to_object_center": 0.06173403514525869
    },
    {
      "score": 0.16089580953121185,
      "translation_camera": [
        0.07398083806037903,
        0.007900657132267952,
        0.4970000386238098
      ],
      "rotation_matrix_camera": [
        [
          0.6509329080581665,
          0.2224152833223343,
          -0.7258221507072449
        ],
        [
          -0.6868346929550171,
          -0.23468251526355743,
          -0.6878824234008789
        ],
        [
          -0.3233333230018616,
          0.9462851285934448,
          -4.1363435343555466e-08
        ]
      ],
      "width": 0.06789582222700119,
      "height": 0.019999999552965164,
      "depth": 0.019999999552965164,
      "object_id": -1,
      "frame": "RealSense D455 aligned color camera frame",
      "rank": 24,
      "distance_to_object_center": 0.04850974104730197
    },
    {
      "score": 0.15796615183353424,
      "translation_camera": [
        0.08436566591262817,
        -0.040512748062610626,
        0.49000003933906555
      ],
      "rotation_matrix_camera": [
        [
          0.32332366704940796,
          -0.5531456470489502,
          -0.7677836418151855
        ],
        [
          -0.38744980096817017,
          0.6628532409667969,
          -0.6407091617584229
        ],
        [
          0.8633333444595337,
          0.5046340823173523,
          -2.2058255666479454e-08
        ]
      ],
      "width": 0.07492727786302567,
      "height": 0.019999999552965164,
      "depth": 0.009999999776482582,
      "object_id": -1,
      "frame": "RealSense D455 aligned color camera frame",
      "rank": 25,
      "distance_to_object_center": 0.021280250324277484
    },
    {
      "score": 0.15332213044166565,
      "translation_camera": [
        0.13033835589885712,
        0.044742655009031296,
        0.4910000264644623
      ],
      "rotation_matrix_camera": [
        [
          0.8544597029685974,
          0.03706137463450432,
          -0.5181940793991089
        ],
        [
          -0.517707347869873,
          -0.022455113008618355,
          -0.8552629947662354
        ],
        [
          -0.04333333298563957,
          0.9990606307983398,
          -4.367032602203835e-08
        ]
      ],
      "width": 0.06978900730609894,
      "height": 0.019999999552965164,
      "depth": 0.029999999329447746,
      "object_id": -1,
      "frame": "RealSense D455 aligned color camera frame",
      "rank": 26,
      "distance_to_object_center": 0.08081690068655169
    },
    {
      "score": 0.1529819220304489,
      "translation_camera": [
        0.07674778997898102,
        0.011602706275880337,
        0.49000003933906555
      ],
      "rotation_matrix_camera": [
        [
          0.7653300762176514,
          0.14272962510585785,
          -0.6276130676269531
        ],
        [
          -0.6169755458831787,
          -0.11506243795156479,
          -0.7785254120826721
        ],
        [
          -0.18333333730697632,
          0.9830508232116699,
          -4.297051603430191e-08
        ]
      ],
      "width": 0.06351464986801147,
      "height": 0.019999999552965164,
      "depth": 0.019999999552965164,
      "object_id": -1,
      "frame": "RealSense D455 aligned color camera frame",
      "rank": 27,
      "distance_to_object_center": 0.048288386499691624
    },
    {
      "score": 0.1493493765592575,
      "translation_camera": [
        0.1037873923778534,
        0.043740272521972656,
        0.48000001907348633
      ],
      "rotation_matrix_camera": [
        [
          0.14391817152500153,
          -0.43786168098449707,
          -0.8874484300613403
        ],
        [
          -0.2771056890487671,
          0.8430759906768799,
          -0.4609070420265198
        ],
        [
          0.949999988079071,
          0.31224989891052246,
          -1.3648876695526724e-08
        ]
      ],
      "width": 0.06698472797870636,
      "height": 0.019999999552965164,
      "depth": 0.009999999776482582,
      "object_id": -1,
      "frame": "RealSense D455 aligned color camera frame",
      "rank": 28,
      "distance_to_object_center": 0.07343239761817605
    },
    {
      "score": 0.14494039118289948,
      "translation_camera": [
        0.1290661096572876,
        0.039647843688726425,
        0.4910000264644623
      ],
      "rotation_matrix_camera": [
        [
          0.8544597029685974,
          0.03706137463450432,
          -0.5181940793991089
        ],
        [
          -0.517707347869873,
          -0.022455113008618355,
          -0.8552629947662354
        ],
        [
          -0.04333333298563957,
          0.9990606307983398,
          -4.367032602203835e-08
        ]
      ],
      "width": 0.06909444183111191,
      "height": 0.019999999552965164,
      "depth": 0.029999999329447746,
      "object_id": -1,
      "frame": "RealSense D455 aligned color camera frame",
      "rank": 29,
      "distance_to_object_center": 0.0756630257168094
    },
    {
      "score": 0.14394226670265198,
      "translation_camera": [
        0.11397422105073929,
        0.01762840338051319,
        0.48100003600120544
      ],
      "rotation_matrix_camera": [
        [
          0.14391817152500153,
          -0.43786168098449707,
          -0.8874484300613403
        ],
        [
          -0.2771056890487671,
          0.8430759906768799,
          -0.4609070420265198
        ],
        [
          0.949999988079071,
          0.31224989891052246,
          -1.3648876695526724e-08
        ]
      ],
      "width": 0.07129740715026855,
      "height": 0.019999999552965164,
      "depth": 0.029999999329447746,
      "object_id": -1,
      "frame": "RealSense D455 aligned color camera frame",
      "rank": 30,
      "distance_to_object_center": 0.04917871965833939
    },
    {
      "score": 0.1434365063905716,
      "translation_camera": [
        0.11326336115598679,
        -0.00852111168205738,
        0.4780000150203705
      ],
      "rotation_matrix_camera": [
        [
          -0.01589503511786461,
          0.9961710572242737,
          0.08596863597631454
        ],
        [
          -0.18111571669578552,
          -0.08742573112249374,
          0.9795682430267334
        ],
        [
          0.9833333492279053,
          0.0,
          0.1818118691444397
        ]
      ],
      "width": 0.08485344797372818,
      "height": 0.019999999552965164,
      "depth": 0.009999999776482582,
      "object_id": -1,
      "frame": "RealSense D455 aligned color camera frame",
      "rank": 31,
      "distance_to_object_center": 0.024946309800587006
    },
    {
      "score": 0.1423664540052414,
      "translation_camera": [
        0.1272733360528946,
        0.04329188913106918,
        0.48900002241134644
      ],
      "rotation_matrix_camera": [
        [
          0.8544597029685974,
          0.03706137463450432,
          -0.5181940793991089
        ],
        [
          -0.517707347869873,
          -0.022455113008618355,
          -0.8552629947662354
        ],
        [
          -0.04333333298563957,
          0.9990606307983398,
          -4.367032602203835e-08
        ]
      ],
      "width": 0.06680022925138474,
      "height": 0.019999999552965164,
      "depth": 0.029999999329447746,
      "object_id": -1,
      "frame": "RealSense D455 aligned color camera frame",
      "rank": 32,
      "distance_to_object_center": 0.07814606614461436
    },
    {
      "score": 0.14117835462093353,
      "translation_camera": [
        0.12574860453605652,
        0.03434191644191742,
        0.4880000352859497
      ],
      "rotation_matrix_camera": [
        [
          0.8544597029685974,
          0.03706137463450432,
          -0.5181940793991089
        ],
        [
          -0.517707347869873,
          -0.022455113008618355,
          -0.8552629947662354
        ],
        [
          -0.04333333298563957,
          0.9990606307983398,
          -4.367032602203835e-08
        ]
      ],
      "width": 0.06790457665920258,
      "height": 0.019999999552965164,
      "depth": 0.029999999329447746,
      "object_id": -1,
      "frame": "RealSense D455 aligned color camera frame",
      "rank": 33,
      "distance_to_object_center": 0.06918885902543312
    },
    {
      "score": 0.14022983610630035,
      "translation_camera": [
        0.1025436595082283,
        0.03751443699002266,
        0.48000001907348633
      ],
      "rotation_matrix_camera": [
        [
          0.14391817152500153,
          -0.43786168098449707,
          -0.8874484300613403
        ],
        [
          -0.2771056890487671,
          0.8430759906768799,
          -0.4609070420265198
        ],
        [
          0.949999988079071,
          0.31224989891052246,
          -1.3648876695526724e-08
        ]
      ],
      "width": 0.07093600183725357,
      "height": 0.019999999552965164,
      "depth": 0.009999999776482582,
      "object_id": -1,
      "frame": "RealSense D455 aligned color camera frame",
      "rank": 34,
      "distance_to_object_center": 0.06716132650547174
    },
    {
      "score": 0.13970015943050385,
      "translation_camera": [
        0.09547742456197739,
        -0.0461030937731266,
        0.4820000231266022
      ],
      "rotation_matrix_camera": [
        [
          0.4980229139328003,
          -0.6140506863594055,
          -0.6123030185699463
        ],
        [
          -0.3856969475746155,
          0.47555533051490784,
          -0.790623128414154
        ],
        [
          0.7766667008399963,
          0.6299118399620056,
          -2.7534321489497415e-08
        ]
      ],
      "width": 0.07375909388065338,
      "height": 0.019999999552965164,
      "depth": 0.03999999910593033,
      "object_id": -1,
      "frame": "RealSense D455 aligned color camera frame",
      "rank": 35,
      "distance_to_object_center": 0.01721175274225229
    },
    {
      "score": 0.13765351474285126,
      "translation_camera": [
        0.1037873923778534,
        0.04000477120280266,
        0.48000001907348633
      ],
      "rotation_matrix_camera": [
        [
          0.14391817152500153,
          -0.43786168098449707,
          -0.8874484300613403
        ],
        [
          -0.2771056890487671,
          0.8430759906768799,
          -0.4609070420265198
        ],
        [
          0.949999988079071,
          0.31224989891052246,
          -1.3648876695526724e-08
        ]
      ],
      "width": 0.07023144513368607,
      "height": 0.019999999552965164,
      "depth": 0.009999999776482582,
      "object_id": -1,
      "frame": "RealSense D455 aligned color camera frame",
      "rank": 36,
      "distance_to_object_center": 0.06970179289740489
    },
    {
      "score": 0.13760045170783997,
      "translation_camera": [
        0.07427854835987091,
        0.004049084149301052,
        0.49900004267692566
      ],
      "rotation_matrix_camera": [
        [
          -0.10681723058223724,
          0.00249303737655282,
          -0.9942755699157715
        ],
        [
          -0.9940048456192017,
          0.023199768736958504,
          0.10684632509946823
        ],
        [
          0.023333333432674408,
          0.9997277855873108,
          -4.3699490248627626e-08
        ]
      ],
      "width": 0.0697827935218811,
      "height": 0.019999999552965164,
      "depth": 0.019999999552965164,
      "object_id": -1,
      "frame": "RealSense D455 aligned color camera frame",
      "rank": 37,
      "distance_to_object_center": 0.046169140762699255
    },
    {
      "score": 0.135232076048851,
      "translation_camera": [
        0.09442400932312012,
        -0.04243989288806915,
        0.4830000400543213
      ],
      "rotation_matrix_camera": [
        [
          0.4980229139328003,
          -0.6140506863594055,
          -0.6123030185699463
        ],
        [
          -0.3856969475746155,
          0.47555533051490784,
          -0.790623128414154
        ],
        [
          0.7766667008399963,
          0.6299118399620056,
          -2.7534321489497415e-08
        ]
      ],
      "width": 0.07071513682603836,
      "height": 0.019999999552965164,
      "depth": 0.03999999910593033,
      "object_id": -1,
      "frame": "RealSense D455 aligned color camera frame",
      "rank": 38,
      "distance_to_object_center": 0.01424627469870181
    },
    {
      "score": 0.13252386450767517,
      "translation_camera": [
        0.09297959506511688,
        -0.03985131159424782,
        0.4820000231266022
      ],
      "rotation_matrix_camera": [
        [
          0.4980229139328003,
          -0.6140506863594055,
          -0.6123030185699463
        ],
        [
          -0.3856969475746155,
          0.47555533051490784,
          -0.790623128414154
        ],
        [
          0.7766667008399963,
          0.6299118399620056,
          -2.7534321489497415e-08
        ]
      ],
      "width": 0.07034023106098175,
      "height": 0.019999999552965164,
      "depth": 0.03999999910593033,
      "object_id": -1,
      "frame": "RealSense D455 aligned color camera frame",
      "rank": 39,
      "distance_to_object_center": 0.01261529665474942
    },
    {
      "score": 0.12878262996673584,
      "translation_camera": [
        0.11719327419996262,
        0.02150498516857624,
        0.484000027179718
      ],
      "rotation_matrix_camera": [
        [
          0.14391817152500153,
          -0.43786168098449707,
          -0.8874484300613403
        ],
        [
          -0.2771056890487671,
          0.8430759906768799,
          -0.4609070420265198
        ],
        [
          0.949999988079071,
          0.31224989891052246,
          -1.3648876695526724e-08
        ]
      ],
      "width": 0.06892869621515274,
      "height": 0.019999999552965164,
      "depth": 0.019999999552965164,
      "object_id": -1,
      "frame": "RealSense D455 aligned color camera frame",
      "rank": 40,
      "distance_to_object_center": 0.053920086706645706
    },
    {
      "score": 0.1280922293663025,
      "translation_camera": [
        0.10005619376897812,
        0.03875960409641266,
        0.48000001907348633
      ],
      "rotation_matrix_camera": [
        [
          0.14391817152500153,
          -0.43786168098449707,
          -0.8874484300613403
        ],
        [
          -0.2771056890487671,
          0.8430759906768799,
          -0.4609070420265198
        ],
        [
          0.949999988079071,
          0.31224989891052246,
          -1.3648876695526724e-08
        ]
      ],
      "width": 0.07087305188179016,
      "height": 0.019999999552965164,
      "depth": 0.009999999776482582,
      "object_id": -1,
      "frame": "RealSense D455 aligned color camera frame",
      "rank": 41,
      "distance_to_object_center": 0.06836799718152099
    },
    {
      "score": 0.12705765664577484,
      "translation_camera": [
        0.10108888894319534,
        0.04116400331258774,
        0.4790000319480896
      ],
      "rotation_matrix_camera": [
        [
          0.14391817152500153,
          -0.43786168098449707,
          -0.8874484300613403
        ],
        [
          -0.2771056890487671,
          0.8430759906768799,
          -0.4609070420265198
        ],
        [
          0.949999988079071,
          0.31224989891052246,
          -1.3648876695526724e-08
        ]
      ],
      "width": 0.071298748254776,
      "height": 0.019999999552965164,
      "depth": 0.009999999776482582,
      "object_id": -1,
      "frame": "RealSense D455 aligned color camera frame",
      "rank": 42,
      "distance_to_object_center": 0.07079781988448398
    },
    {
      "score": 0.12282682955265045,
      "translation_camera": [
        0.07511717081069946,
        0.005311414133757353,
        0.4960000216960907
      ],
      "rotation_matrix_camera": [
        [
          -0.10681723058223724,
          0.00249303737655282,
          -0.9942755699157715
        ],
        [
          -0.9940048456192017,
          0.023199768736958504,
          0.10684632509946823
        ],
        [
          0.023333333432674408,
          0.9997277855873108,
          -4.3699490248627626e-08
        ]
      ],
      "width": 0.06599906086921692,
      "height": 0.019999999552965164,
      "depth": 0.019999999552965164,
      "object_id": -1,
      "frame": "RealSense D455 aligned color camera frame",
      "rank": 43,
      "distance_to_object_center": 0.04556594148451642
    },
    {
      "score": 0.1208711713552475,
      "translation_camera": [
        0.07466283440589905,
        0.020625978708267212,
        0.4930000305175781
      ],
      "rotation_matrix_camera": [
        [
          -0.1557886302471161,
          0.39417675137519836,
          -0.9057342410087585
        ],
        [
          -0.33291125297546387,
          0.8423328399658203,
          0.42384597659111023
        ],
        [
          0.9300000071525574,
          0.3675594925880432,
          -1.6066536545622512e-08
        ]
      ],
      "width": 0.06795111298561096,
      "height": 0.019999999552965164,
      "depth": 0.019999999552965164,
      "object_id": -1,
      "frame": "RealSense D455 aligned color camera frame",
      "rank": 44,
      "distance_to_object_center": 0.057638337813830126
    },
    {
      "score": 0.11341966688632965,
      "translation_camera": [
        0.11468508094549179,
        0.020249439403414726,
        0.484000027179718
      ],
      "rotation_matrix_camera": [
        [
          0.14391817152500153,
          -0.43786168098449707,
          -0.8874484300613403
        ],
        [
          -0.2771056890487671,
          0.8430759906768799,
          -0.4609070420265198
        ],
        [
          0.949999988079071,
          0.31224989891052246,
          -1.3648876695526724e-08
        ]
      ],
      "width": 0.06913996487855911,
      "height": 0.019999999552965164,
      "depth": 0.019999999552965164,
      "object_id": -1,
      "frame": "RealSense D455 aligned color camera frame",
      "rank": 45,
      "distance_to_object_center": 0.05198068319260591
    },
    {
      "score": 0.10878711938858032,
      "translation_camera": [
        0.11546009033918381,
        0.032669324427843094,
        0.4820000231266022
      ],
      "rotation_matrix_camera": [
        [
          0.14391817152500153,
          -0.43786168098449707,
          -0.8874484300613403
        ],
        [
          -0.2771056890487671,
          0.8430759906768799,
          -0.4609070420265198
        ],
        [
          0.949999988079071,
          0.31224989891052246,
          -1.3648876695526724e-08
        ]
      ],
      "width": 0.0645533949136734,
      "height": 0.019999999552965164,
      "depth": 0.019999999552965164,
      "object_id": -1,
      "frame": "RealSense D455 aligned color camera frame",
      "rank": 46,
      "distance_to_object_center": 0.06410510981232499
    },
    {
      "score": 0.10408812016248703,
      "translation_camera": [
        0.11092278361320496,
        0.020249439403414726,
        0.484000027179718
      ],
      "rotation_matrix_camera": [
        [
          0.14391817152500153,
          -0.43786168098449707,
          -0.8874484300613403
        ],
        [
          -0.2771056890487671,
          0.8430759906768799,
          -0.4609070420265198
        ],
        [
          0.949999988079071,
          0.31224989891052246,
          -1.3648876695526724e-08
        ]
      ],
      "width": 0.06972348690032959,
      "height": 0.019999999552965164,
      "depth": 0.019999999552965164,
      "object_id": -1,
      "frame": "RealSense D455 aligned color camera frame",
      "rank": 47,
      "distance_to_object_center": 0.051065040599958575
    },
    {
      "score": 0.10240740329027176,
      "translation_camera": [
        0.1037873923778534,
        -0.10194433480501175,
        0.48000001907348633
      ],
      "rotation_matrix_camera": [
        [
          0.05689249932765961,
          0.9917080998420715,
          -0.11523126810789108
