{
  "success": true,
  "method": "graspnet_baseline_d455",
  "num_candidates": 271,
  "object_center_camera": [
    -0.028750765819117736,
    -0.11326561938930862,
    0.45600003004074097
  ],
  "candidates": [
    {
      "score": 0.4145303964614868,
      "translation_camera": [
        -0.01981944777071476,
        -0.1616845726966858,
        0.4620000422000885
      ],
      "rotation_matrix_camera": [
        [
          0.4980229139328003,
          -0.6140506863594055,
          -0.6123030185699463
        ],
        [
          -0.3856969475746155,
          0.47555533051490784,
          -0.790623128414154
        ],
        [
          0.7766667008399963,
          0.6299118399620056,
          -2.7534321489497415e-08
        ]
      ],
      "width": 0.0734734907746315,
      "height": 0.019999999552965164,
      "depth": 0.019999999552965164,
      "object_id": -1,
      "frame": "RealSense D455 aligned color camera frame",
      "rank": 0,
      "distance_to_object_center": 0.04960003656627702
    },
    {
      "score": 0.3459320068359375,
      "translation_camera": [
        -0.026010315865278244,
        -0.09569133073091507,
        0.445000022649765
      ],
      "rotation_matrix_camera": [
        [
          -0.22638584673404694,
          0.8128176331520081,
          -0.5367280840873718
        ],
        [
          -0.14400814473628998,
          0.5170480608940125,
          0.843755304813385
        ],
        [
          0.9633333683013916,
          0.26830747723579407,
          -1.1728092275120616e-08
        ]
      ],
      "width": 0.07097470015287399,
      "height": 0.019999999552965164,
      "depth": 0.019999999552965164,
      "object_id": -1,
      "frame": "RealSense D455 aligned color camera frame",
      "rank": 1,
      "distance_to_object_center": 0.02091329362868424
    },
    {
      "score": 0.3345378637313843,
      "translation_camera": [
        -0.024396061897277832,
        -0.15671944618225098,
        0.4580000340938568
      ],
      "rotation_matrix_camera": [
        [
          0.05689249932765961,
          -0.11523131281137466,
          -0.9917080998420715
        ],
        [
          -0.43903547525405884,
          0.8892316222190857,
          -0.1285107433795929
        ],
        [
          0.8966667056083679,
          0.44270631670951843,
          -1.9351308111481558e-08
        ]
      ],
      "width": 0.07589094340801239,
      "height": 0.019999999552965164,
      "depth": 0.019999999552965164,
      "object_id": -1,
      "frame": "RealSense D455 aligned color camera frame",
      "rank": 2,
      "distance_to_object_center": 0.043717256608922776
    },
    {
      "score": 0.32972925901412964,
      "translation_camera": [
        -0.012197352014482021,
        -0.0947490856051445,
        0.44600003957748413
      ],
      "rotation_matrix_camera": [
        [
          -0.34101662039756775,
          0.6214070320129395,
          -0.7053799033164978
        ],
        [
          -0.33935707807540894,
          0.6183831095695496,
          0.708829402923584
        ],
        [
          0.8766666650772095,
          0.4810982644557953,
          -2.102947327387028e-08
        ]
      ],
      "width": 0.08289989829063416,
      "height": 0.019999999552965164,
      "depth": 0.029999999329447746,
      "object_id": -1,
      "frame": "RealSense D455 aligned color camera frame",
      "rank": 3,
      "distance_to_object_center": 0.026774565192227182
    },
    {
      "score": 0.3256794512271881,
      "translation_camera": [
        -0.008807789534330368,
        -0.08976053446531296,
        0.45000001788139343
      ],
      "rotation_matrix_camera": [
        [
          0.32332366704940796,
          -0.5531456470489502,
          -0.7677836418151855
        ],
        [
          -0.38744980096817017,
          0.6628532409667969,
          -0.6407091617584229
        ],
        [
          0.8633333444595337,
          0.5046340823173523,
          -2.2058255666479454e-08
        ]
      ],
      "width": 0.0772799551486969,
      "height": 0.019999999552965164,
      "depth": 0.019999999552965164,
      "object_id": -1,
      "frame": "RealSense D455 aligned color camera frame",
      "rank": 4,
      "distance_to_object_center": 0.03140400398503602
    },
    {
      "score": 0.322550892829895,
      "translation_camera": [
        -0.02255023829638958,
        -0.09569133073091507,
        0.445000022649765
      ],
      "rotation_matrix_camera": [
        [
          -0.22638584673404694,
          0.8128176331520081,
          -0.5367280840873718
        ],
        [
          -0.14400814473628998,
          0.5170480608940125,
          0.843755304813385
        ],
        [
          0.9633333683013916,
          0.26830747723579407,
          -1.1728092275120616e-08
        ]
      ],
      "width": 0.06780779361724854,
      "height": 0.019999999552965164,
      "depth": 0.019999999552965164,
      "object_id": -1,
      "frame": "RealSense D455 aligned color camera frame",
      "rank": 5,
      "distance_to_object_center": 0.02164029403705447
    },
    {
      "score": 0.3141683042049408,
      "translation_camera": [
        -0.012170003727078438,
        -0.09915539622306824,
        0.445000022649765
      ],
      "rotation_matrix_camera": [
        [
          -0.34101662039756775,
          0.6214070320129395,
          -0.7053799033164978
        ],
        [
          -0.33935707807540894,
          0.6183831095695496,
          0.708829402923584
        ],
        [
          0.8766666650772095,
          0.4810982644557953,
          -2.102947327387028e-08
        ]
      ],
      "width": 0.08313226699829102,
      "height": 0.019999999552965164,
      "depth": 0.029999999329447746,
      "object_id": -1,
      "frame": "RealSense D455 aligned color camera frame",
      "rank": 6,
      "distance_to_object_center": 0.02439303654642939
    },
    {
      "score": 0.3074732720851898,
      "translation_camera": [
        -0.04792691767215729,
        -0.09687349945306778,
        0.45600003004074097
      ],
      "rotation_matrix_camera": [
        [
          0.14391817152500153,
          -0.43786168098449707,
          -0.8874484300613403
        ],
        [
          -0.2771056890487671,
          0.8430759906768799,
          -0.4609070420265198
        ],
        [
          0.949999988079071,
          0.31224989891052246,
          -1.3648876695526724e-08
        ]
      ],
      "width": 0.07437737286090851,
      "height": 0.019999999552965164,
      "depth": 0.029999999329447746,
      "object_id": -1,
      "frame": "RealSense D455 aligned color camera frame",
      "rank": 7,
      "distance_to_object_center": 0.02522749285789091
    },
    {
      "score": 0.3049047589302063,
      "translation_camera": [
        -0.01674572564661503,
        -0.10354094952344894,
        0.4440000355243683
      ],
      "rotation_matrix_camera": [
        [
          -0.34101662039756775,
          0.6214070320129395,
          -0.7053799033164978
        ],
        [
          -0.33935707807540894,
          0.6183831095695496,
          0.708829402923584
        ],
        [
          0.8766666650772095,
          0.4810982644557953,
          -2.102947327387028e-08
        ]
      ],
      "width": 0.07778168469667435,
      "height": 0.019999999552965164,
      "depth": 0.029999999329447746,
      "object_id": -1,
      "frame": "RealSense D455 aligned color camera frame",
      "rank": 8,
      "distance_to_object_center": 0.019562465640515194
    },
    {
      "score": 0.3021811842918396,
      "translation_camera": [
        -0.012170003727078438,
        -0.11647572368383408,
        0.445000022649765
      ],
      "rotation_matrix_camera": [
        [
          0.05689249932765961,
          -0.11523131281137466,
          -0.9917080998420715
        ],
        [
          -0.43903547525405884,
          0.8892316222190857,
          -0.1285107433795929
        ],
        [
          0.8966667056083679,
          0.44270631670951843,
          -1.9351308111481558e-08
        ]
      ],
      "width": 0.056321725249290466,
      "height": 0.019999999552965164,
      "depth": 0.019999999552965164,
      "object_id": -1,
      "frame": "RealSense D455 aligned color camera frame",
      "rank": 9,
      "distance_to_object_center": 0.02015506397251231
    },
    {
      "score": 0.29173368215560913,
      "translation_camera": [
        0.002874430501833558,
        -0.11974512040615082,
        0.4530000388622284
      ],
      "rotation_matrix_camera": [
        [
          -0.10681723058223724,
          0.00249303737655282,
          -0.9942755699157715
        ],
        [
          -0.9940048456192017,
          0.023199768736958504,
          0.10684632509946823
        ],
        [
          0.023333333432674408,
          0.9997277855873108,
          -4.3699490248627626e-08
        ]
      ],
      "width": 0.06974871456623077,
      "height": 0.019999999552965164,
      "depth": 0.029999999329447746,
      "object_id": -1,
      "frame": "RealSense D455 aligned color camera frame",
      "rank": 10,
      "distance_to_object_center": 0.03242124184600466
    },
    {
      "score": 0.28901365399360657,
      "translation_camera": [
        0.004048524424433708,
        -0.12209600955247879,
        0.4530000388622284
      ],
      "rotation_matrix_camera": [
        [
          -0.10681723058223724,
          0.00249303737655282,
          -0.9942755699157715
        ],
        [
          -0.9940048456192017,
          0.023199768736958504,
          0.10684632509946823
        ],
        [
          0.023333333432674408,
          0.9997277855873108,
          -4.3699490248627626e-08
        ]
      ],
      "width": 0.06492137163877487,
      "height": 0.019999999552965164,
      "depth": 0.029999999329447746,
      "object_id": -1,
      "frame": "RealSense D455 aligned color camera frame",
      "rank": 11,
      "distance_to_object_center": 0.03409940143148696
    },
    {
      "score": 0.2863038182258606,
      "translation_camera": [
        -0.03523718938231468,
        -0.09915539622306824,
        0.445000022649765
      ],
      "rotation_matrix_camera": [
        [
          0.32332366704940796,
          -0.5531456470489502,
          -0.7677836418151855
        ],
        [
          -0.38744980096817017,
          0.6628532409667969,
          -0.6407091617584229
        ],
        [
          0.8633333444595337,
          0.5046340823173523,
          -2.2058255666479454e-08
        ]
      ],
      "width": 0.08270365744829178,
      "height": 0.019999999552965164,
      "depth": 0.029999999329447746,
      "object_id": -1,
      "frame": "RealSense D455 aligned color camera frame",
      "rank": 12,
      "distance_to_object_center": 0.01903082370902082
    },
    {
      "score": 0.27370789647102356,
      "translation_camera": [
        -0.015630081295967102,
        -0.09915539622306824,
        0.445000022649765
      ],
      "rotation_matrix_camera": [
        [
          -0.34101662039756775,
          0.6214070320129395,
          -0.7053799033164978
        ],
        [
          -0.33935707807540894,
          0.6183831095695496,
          0.708829402923584
        ],
        [
          0.8766666650772095,
          0.4810982644557953,
          -2.102947327387028e-08
        ]
      ],
      "width": 0.08218780159950256,
      "height": 0.019999999552965164,
      "depth": 0.029999999329447746,
      "object_id": -1,
      "frame": "RealSense D455 aligned color camera frame",
      "rank": 13,
      "distance_to_object_center": 0.022186728527628336
    },
    {
      "score": 0.27321523427963257,
      "translation_camera": [
        -0.022651586681604385,
        -0.09148188680410385,
        0.44700002670288086
      ],
      "rotation_matrix_camera": [
        [
          0.14391817152500153,
          0.8874484300613403,
          -0.4378616511821747
        ],
        [
          -0.2771056890487671,
          0.4609070122241974,
          0.8430759906768799
        ],
        [
          0.949999988079071,
          0.0,
          0.31224989891052246
        ]
      ],
      "width": 0.08497375249862671,
      "height": 0.019999999552965164,
      "depth": 0.029999999329447746,
      "object_id": -1,
      "frame": "RealSense D455 aligned color camera frame",
      "rank": 14,
      "distance_to_object_center": 0.024346068503491143
    },
    {
      "score": 0.2683528661727905,
      "translation_camera": [
        -0.02024351991713047,
        -0.09453663975000381,
        0.445000022649765
      ],
      "rotation_matrix_camera": [
        [
          -0.22638584673404694,
          0.8128176331520081,
          -0.5367280840873718
        ],
        [
          -0.14400814473628998,
          0.5170480608940125,
          0.843755304813385
        ],
        [
          0.9633333683013916,
          0.26830747723579407,
          -1.1728092275120616e-08
        ]
      ],
      "width": 0.06543755531311035,
      "height": 0.019999999552965164,
      "depth": 0.019999999552965164,
      "object_id": -1,
      "frame": "RealSense D455 aligned color camera frame",
      "rank": 15,
      "distance_to_object_center": 0.02332698166861497
    },
    {
      "score": 0.26763755083084106,
      "translation_camera": [
        -0.017896493896842003,
        -0.10123676061630249,
        0.4440000355243683
      ],
      "rotation_matrix_camera": [
        [
          -0.34101662039756775,
          0.6214070320129395,
          -0.7053799033164978
        ],
        [
          -0.33935707807540894,
          0.6183831095695496,
          0.708829402923584
        ],
        [
          0.8766666650772095,
          0.4810982644557953,
          -2.102947327387028e-08
        ]
      ],
      "width": 0.07837267220020294,
      "height": 0.019999999552965164,
      "depth": 0.029999999329447746,
      "object_id": -1,
      "frame": "RealSense D455 aligned color camera frame",
      "rank": 16,
      "distance_to_object_center": 0.02016205670899188
    },
    {
      "score": 0.2620101273059845,
      "translation_camera": [
        -0.04506358131766319,
        -0.10166258364915848,
        0.45100003480911255
      ],
      "rotation_matrix_camera": [
        [
          0.14391817152500153,
          -0.43786168098449707,
          -0.8874484300613403
        ],
        [
          -0.2771056890487671,
          0.8430759906768799,
          -0.4609070420265198
        ],
        [
          0.949999988079071,
          0.31224989891052246,
          -1.3648876695526724e-08
        ]
      ],
      "width": 0.07413297146558762,
      "height": 0.019999999552965164,
      "depth": 0.019999999552965164,
      "object_id": -1,
      "frame": "RealSense D455 aligned color camera frame",
      "rank": 17,
      "distance_to_object_center": 0.02063342773736573
    },
    {
      "score": 0.25608617067337036,
      "translation_camera": [
        -0.03762827813625336,
        -0.09822093695402145,
        0.44600003957748413
      ],
      "rotation_matrix_camera": [
        [
          0.32332366704940796,
          -0.5531456470489502,
          -0.7677836418151855
        ],
        [
          -0.38744980096817017,
          0.6628532409667969,
          -0.6407091617584229
        ],
        [
          0.8633333444595337,
          0.5046340823173523,
          -2.2058255666479454e-08
        ]
      ],
      "width": 0.08041076362133026,
      "height": 0.019999999552965164,
      "depth": 0.029999999329447746,
      "object_id": -1,
      "frame": "RealSense D455 aligned color camera frame",
      "rank": 18,
      "distance_to_object_center": 0.020128400427872072
    },
    {
      "score": 0.25348520278930664,
      "translation_camera": [
        -0.0018139013554900885,
        -0.11570566892623901,
        0.45100003480911255
      ],
      "rotation_matrix_camera": [
        [
          0.05689249932765961,
          -0.11523131281137466,
          -0.9917080998420715
        ],
        [
          -0.43903547525405884,
          0.8892316222190857,
          -0.1285107433795929
        ],
        [
          0.8966667056083679,
          0.44270631670951843,
          -1.9351308111481558e-08
        ]
      ],
      "width": 0.07753536850214005,
      "height": 0.019999999552965164,
      "depth": 0.019999999552965164,
      "object_id": -1,
      "frame": "RealSense D455 aligned color camera frame",
      "rank": 19,
      "distance_to_object_center": 0.02750542603180011
    },
    {
      "score": 0.253126859664917,
      "translation_camera": [
        -0.01797710917890072,
        -0.09127723425626755,
        0.44600003957748413
      ],
      "rotation_matrix_camera": [
        [
          -0.22638584673404694,
          0.8128176331520081,
          -0.5367280840873718
        ],
        [
          -0.14400814473628998,
          0.5170480608940125,
          0.843755304813385
        ],
        [
          0.9633333683013916,
          0.26830747723579407,
          -1.1728092275120616e-08
        ]
      ],
      "width": 0.06818006932735443,
      "height": 0.019999999552965164,
      "depth": 0.019999999552965164,
      "object_id": -1,
      "frame": "RealSense D455 aligned color camera frame",
      "rank": 20,
      "distance_to_object_center": 0.02644920731185458
    },
    {
      "score": 0.2476786971092224,
      "translation_camera": [
        -0.005308834835886955,
        -0.10260482132434845,
        0.45000001788139343
      ],
      "rotation_matrix_camera": [
        [
          -0.01589503511786461,
          0.08596859127283096,
          -0.9961710572242737
        ],
        [
          -0.18111571669578552,
          0.9795682430267334,
          0.08742568641901016
        ],
        [
          0.9833333492279053,
          0.1818118691444397,
          -7.947249081041718e-09
        ]
      ],
      "width": 0.0676056295633316,
      "height": 0.019999999552965164,
      "depth": 0.019999999552965164,
      "object_id": -1,
      "frame": "RealSense D455 aligned color camera frame",
      "rank": 21,
      "distance_to_object_center": 0.026441953209185062
    },
    {
      "score": 0.24740028381347656,
      "translation_camera": [
        -0.01566520519554615,
        -0.09127723425626755,
        0.44600003957748413
      ],
      "rotation_matrix_camera": [
        [
          -0.22638584673404694,
          0.8128176331520081,
          -0.5367280840873718
        ],
        [
          -0.14400814473628998,
          0.5170480608940125,
          0.843755304813385
        ],
        [
          0.9633333683013916,
          0.26830747723579407,
          -1.1728092275120616e-08
        ]
      ],
      "width": 0.0660649761557579,
      "height": 0.019999999552965164,
      "depth": 0.019999999552965164,
      "object_id": -1,
      "frame": "RealSense D455 aligned color camera frame",
      "rank": 22,
      "distance_to_object_center": 0.027472182054895763
    },
    {
      "score": 0.24109454452991486,
      "translation_camera": [
        -0.017198313027620316,
        -0.08622441440820694,
        0.45600003004074097
      ],
      "rotation_matrix_camera": [
        [
          0.32332366704940796,
          -0.5531456470489502,
          -0.7677836418151855
        ],
        [
          -0.38744980096817017,
          0.6628532409667969,
          -0.6407091617584229
        ],
        [
          0.8633333444595337,
          0.5046340823173523,
          -2.2058255666479454e-08
        ]
      ],
      "width": 0.07116051763296127,
      "height": 0.019999999552965164,
      "depth": 0.019999999552965164,
      "object_id": -1,
      "frame": "RealSense D455 aligned color camera frame",
      "rank": 23,
      "distance_to_object_center": 0.02940554254438668
    },
    {
      "score": 0.2372402548789978,
      "translation_camera": [
        -0.018420489504933357,
        -0.08404184877872467,
        0.4570000171661377
      ],
      "rotation_matrix_camera": [
        [
          0.32332366704940796,
          -0.5531456470489502,
          -0.7677836418151855
        ],
        [
          -0.38744980096817017,
          0.6628532409667969,
          -0.6407091617584229
        ],
        [
          0.8633333444595337,
          0.5046340823173523,
          -2.2058255666479454e-08
        ]
      ],
      "width": 0.07163803279399872,
      "height": 0.019999999552965164,
      "depth": 0.019999999552965164,
      "object_id": -1,
      "frame": "RealSense D455 aligned color camera frame",
      "rank": 24,
      "distance_to_object_center": 0.03101198722556148
    },
    {
      "score": 0.23666636645793915,
      "translation_camera": [
        -0.002982811536639929,
        -0.1028328388929367,
        0.45100003480911255
      ],
      "rotation_matrix_camera": [
        [
          -0.01589503511786461,
          0.08596859127283096,
          -0.9961710572242737
        ],
        [
          -0.18111571669578552,
          0.9795682430267334,
          0.08742568641901016
        ],
        [
          0.9833333492279053,
          0.1818118691444397,
          -7.947249081041718e-09
        ]
      ],
      "width": 0.06573732197284698,
      "height": 0.019999999552965164,
      "depth": 0.019999999552965164,
      "object_id": -1,
      "frame": "RealSense D455 aligned color camera frame",
      "rank": 25,
      "distance_to_object_center": 0.02824589048172586
    },
    {
      "score": 0.23365643620491028,
      "translation_camera": [
        -0.014867105521261692,
        -0.08641350269317627,
        0.4570000171661377
      ],
      "rotation_matrix_camera": [
        [
          0.32332366704940796,
          -0.5531456470489502,
          -0.7677836418151855
        ],
        [
          -0.38744980096817017,
          0.6628532409667969,
          -0.6407091617584229
        ],
        [
          0.8633333444595337,
          0.5046340823173523,
          -2.2058255666479454e-08
        ]
      ],
      "width": 0.06995751708745956,
      "height": 0.019999999552965164,
      "depth": 0.019999999552965164,
      "object_id": -1,
      "frame": "RealSense D455 aligned color camera frame",
      "rank": 26,
      "distance_to_object_center": 0.03024553138200639
    },
    {
      "score": 0.2335813045501709,
      "translation_camera": [
        -0.021198831498622894,
        -0.16429361701011658,
        0.4660000205039978
      ],
      "rotation_matrix_camera": [
        [
          0.4980229139328003,
          -0.6140506863594055,
          -0.6123030185699463
        ],
        [
          -0.3856969475746155,
          0.47555533051490784,
          -0.790623128414154
        ],
        [
          0.7766667008399963,
          0.6299118399620056,
          -2.7534321489497415e-08
        ]
      ],
      "width": 0.07112229615449905,
      "height": 0.019999999552965164,
      "depth": 0.019999999552965164,
      "object_id": -1,
      "frame": "RealSense D455 aligned color camera frame",
      "rank": 27,
      "distance_to_object_center": 0.05254415345626454
    },
    {
      "score": 0.23213191330432892,
      "translation_camera": [
        -0.0006449910579249263,
        -0.10400309413671494,
        0.45100003480911255
      ],
      "rotation_matrix_camera": [
        [
          -0.01589503511786461,
          0.08596859127283096,
          -0.9961710572242737
        ],
        [
          -0.18111571669578552,
          0.9795682430267334,
          0.08742568641901016
        ],
        [
          0.9833333492279053,
          0.1818118691444397,
          -7.947249081041718e-09
        ]
      ],
      "width": 0.06576479226350784,
      "height": 0.019999999552965164,
      "depth": 0.019999999552965164,
      "object_id": -1,
      "frame": "RealSense D455 aligned color camera frame",
      "rank": 28,
      "distance_to_object_center": 0.030012145896255827
    },
    {
      "score": 0.231449693441391,
      "translation_camera": [
        -0.004142516292631626,
        -0.11778443306684494,
        0.45000001788139343
      ],
      "rotation_matrix_camera": [
        [
          0.05689249932765961,
          -0.11523131281137466,
          -0.9917080998420715
        ],
        [
          -0.43903547525405884,
          0.8892316222190857,
          -0.1285107433795929
        ],
        [
          0.8966667056083679,
          0.44270631670951843,
          -1.9351308111481558e-08
        ]
      ],
      "width": 0.0742519199848175,
      "height": 0.019999999552965164,
      "depth": 0.019999999552965164,
      "object_id": -1,
      "frame": "RealSense D455 aligned color camera frame",
      "rank": 29,
      "distance_to_object_center": 0.02572908408246223
    },
    {
      "score": 0.2221819907426834,
      "translation_camera": [
        -0.04389467090368271,
        -0.10400309413671494,
        0.45100003480911255
      ],
      "rotation_matrix_camera": [
        [
          0.14391817152500153,
          -0.43786168098449707,
          -0.8874484300613403
        ],
        [
          -0.2771056890487671,
          0.8430759906768799,
          -0.4609070420265198
        ],
        [
          0.949999988079071,
          0.31224989891052246,
          -1.3648876695526724e-08
        ]
      ],
      "width": 0.07640762627124786,
      "height": 0.019999999552965164,
      "depth": 0.019999999552965164,
      "object_id": -1,
      "frame": "RealSense D455 aligned color camera frame",
      "rank": 30,
      "distance_to_object_center": 0.01844267300533075
    },
    {
      "score": 0.22199706733226776,
      "translation_camera": [
        -0.03878423199057579,
        -0.10053550451993942,
        0.44600003957748413
      ],
      "rotation_matrix_camera": [
        [
          0.32332366704940796,
          -0.5531456470489502,
          -0.7677836418151855
        ],
        [
          -0.38744980096817017,
          0.6628532409667969,
          -0.6407091617584229
        ],
        [
          0.8633333444595337,
          0.5046340823173523,
          -2.2058255666479454e-08
        ]
      ],
      "width": 0.08086187392473221,
      "height": 0.019999999552965164,
      "depth": 0.029999999329447746,
      "object_id": -1,
      "frame": "RealSense D455 aligned color camera frame",
      "rank": 31,
      "distance_to_object_center": 0.01904536891914556
    },
    {
      "score": 0.21709629893302917,
      "translation_camera": [
        -0.043991997838020325,
        -0.09602373093366623,
        0.4520000219345093
      ],
      "rotation_matrix_camera": [
        [
          0.14391817152500153,
          -0.43786168098449707,
          -0.8874484300613403
        ],
        [
          -0.2771056890487671,
          0.8430759906768799,
          -0.4609070420265198
        ],
        [
          0.949999988079071,
          0.31224989891052246,
          -1.3648876695526724e-08
        ]
      ],
      "width": 0.0769900381565094,
      "height": 0.019999999552965164,
      "depth": 0.029999999329447746,
      "object_id": -1,
      "frame": "RealSense D455 aligned color camera frame",
      "rank": 32,
      "distance_to_object_center": 0.02335760980538795
    },
    {
      "score": 0.20056664943695068,
      "translation_camera": [
        -0.023650331422686577,
        -0.09778048098087311,
        0.4440000355243683
      ],
      "rotation_matrix_camera": [
        [
          -0.22638584673404694,
          0.8128176331520081,
          -0.5367280840873718
        ],
        [
          -0.14400814473628998,
          0.5170480608940125,
          0.843755304813385
        ],
        [
          0.9633333683013916,
          0.26830747723579407,
          -1.1728092275120616e-08
        ]
      ],
      "width": 0.06618022173643112,
      "height": 0.019999999552965164,
      "depth": 0.019999999552965164,
      "object_id": -1,
      "frame": "RealSense D455 aligned color camera frame",
      "rank": 33,
      "distance_to_object_center": 0.020243611608447672
    },
    {
      "score": 0.1948292851448059,
      "translation_camera": [
        -0.011041400954127312,
        -0.09706365317106247,
        0.44600003957748413
      ],
      "rotation_matrix_camera": [
        [
          -0.22638584673404694,
          0.8128176331520081,
          -0.5367280840873718
        ],
        [
          -0.14400814473628998,
          0.5170480608940125,
          0.843755304813385
        ],
        [
          0.9633333683013916,
          0.26830747723579407,
          -1.1728092275120616e-08
        ]
      ],
      "width": 0.06721460074186325,
      "height": 0.019999999552965164,
      "depth": 0.019999999552965164,
      "object_id": -1,
      "frame": "RealSense D455 aligned color camera frame",
      "rank": 34,
      "distance_to_object_center": 0.026002406091048088
    },
    {
      "score": 0.1930719017982483,
      "translation_camera": [
        -0.025951866060495377,
        -0.09893257170915604,
        0.4440000355243683
      ],
      "rotation_matrix_camera": [
        [
          -0.22638584673404694,
          0.8128176331520081,
          -0.5367280840873718
        ],
        [
          -0.14400814473628998,
          0.5170480608940125,
          0.843755304813385
        ],
        [
          0.9633333683013916,
          0.26830747723579407,
          -1.1728092275120616e-08
        ]
      ],
      "width": 0.06643062829971313,
      "height": 0.019999999552965164,
      "depth": 0.019999999552965164,
      "object_id": -1,
      "frame": "RealSense D455 aligned color camera frame",
      "rank": 35,
      "distance_to_object_center": 0.01890158628404818
    },
    {
      "score": 0.18853461742401123,
      "translation_camera": [
        -0.01874294877052307,
        -0.16394105553627014,
        0.4650000333786011
      ],
      "rotation_matrix_camera": [
        [
          0.4980229139328003,
          -0.6140506863594055,
          -0.6123030185699463
        ],
        [
          -0.3856969475746155,
          0.47555533051490784,
          -0.790623128414154
        ],
        [
          0.7766667008399963,
          0.6299118399620056,
          -2.7534321489497415e-08
        ]
      ],
      "width": 0.06749682873487473,
      "height": 0.019999999552965164,
      "depth": 0.019999999552965164,
      "object_id": -1,
      "frame": "RealSense D455 aligned color camera frame",
      "rank": 36,
      "distance_to_object_center": 0.05243239734023621
    },
    {
      "score": 0.1850481927394867,
      "translation_camera": [
        -0.007607509382069111,
        -0.10331127047538757,
        0.4480000138282776
      ],
      "rotation_matrix_camera": [
        [
          -0.01589503511786461,
          0.08596859127283096,
          -0.9961710572242737
        ],
        [
          -0.18111571669578552,
          0.9795682430267334,
          0.08742568641901016
        ],
        [
          0.9833333492279053,
          0.1818118691444397,
          -7.947249081041718e-09
        ]
      ],
      "width": 0.06938842684030533,
      "height": 0.019999999552965164,
      "depth": 0.029999999329447746,
      "object_id": -1,
      "frame": "RealSense D455 aligned color camera frame",
      "rank": 37,
      "distance_to_object_center": 0.024700741172332386
    },
    {
      "score": 0.17839643359184265,
      "translation_camera": [
        -0.005308834835886955,
        -0.11544910818338394,
        0.45000001788139343
      ],
      "rotation_matrix_camera": [
        [
          0.05689249932765961,
          -0.11523131281137466,
          -0.9917080998420715
        ],
        [
          -0.43903547525405884,
          0.8892316222190857,
          -0.1285107433795929
        ],
        [
          0.8966667056083679,
          0.44270631670951843,
          -1.9351308111481558e-08
        ]
      ],
      "width": 0.076641745865345,
      "height": 0.019999999552965164,
      "depth": 0.019999999552965164,
      "object_id": -1,
      "frame": "RealSense D455 aligned color camera frame",
      "rank": 38,
      "distance_to_object_center": 0.02429592347388191
    },
    {
      "score": 0.17478930950164795,
      "translation_camera": [
        -0.06386695802211761,
        -0.001081530237570405,
        0.4780000150203705
      ],
      "rotation_matrix_camera": [
        [
          -0.1557886302471161,
          0.39417675137519836,
          -0.9057342410087585
        ],
        [
          -0.33291125297546387,
          0.8423328399658203,
          0.42384597659111023
        ],
        [
          0.9300000071525574,
          0.3675594925880432,
          -1.6066536545622512e-08
        ]
      ],
      "width": 0.05015366151928902,
      "height": 0.019999999552965164,
      "depth": 0.009999999776482582,
      "object_id": -1,
      "frame": "RealSense D455 aligned color camera frame",
      "rank": 39,
      "distance_to_object_center": 0.1195927094464671
    },
    {
      "score": 0.17295312881469727,
      "translation_camera": [
        -0.015630081295967102,
        -0.09338194876909256,
        0.445000022649765
      ],
      "rotation_matrix_camera": [
        [
          -0.34101662039756775,
          0.6214070320129395,
          -0.7053799033164978
        ],
        [
          -0.33935707807540894,
          0.6183831095695496,
          0.708829402923584
        ],
        [
          0.8766666650772095,
          0.4810982644557953,
          -2.102947327387028e-08
        ]
      ],
      "width": 0.0815754309296608,
      "height": 0.019999999552965164,
      "depth": 0.03999999910593033,
      "object_id": -1,
      "frame": "RealSense D455 aligned color camera frame",
      "rank": 40,
      "distance_to_object_center": 0.02623952900283871
    },
    {
      "score": 0.17214199900627136,
      "translation_camera": [
        -0.013353304006159306,
        -0.09243451803922653,
        0.44600003957748413
      ],
      "rotation_matrix_camera": [
        [
          -0.34101662039756775,
          0.6214070320129395,
          -0.7053799033164978
        ],
        [
          -0.33935707807540894,
          0.6183831095695496,
          0.708829402923584
        ],
        [
          0.8766666650772095,
          0.4810982644557953,
          -2.102947327387028e-08
        ]
      ],
      "width": 0.08037645369768143,
      "height": 0.019999999552965164,
      "depth": 0.03999999910593033,
      "object_id": -1,
      "frame": "RealSense D455 aligned color camera frame",
      "rank": 41,
      "distance_to_object_center": 0.027767182482278118
    },
    {
      "score": 0.17213521897792816,
      "translation_camera": [
        -0.06524205952882767,
        0.0014020311646163464,
        0.4790000319480896
      ],
      "rotation_matrix_camera": [
        [
          -0.1557886302471161,
          0.39417675137519836,
          -0.9057342410087585
        ],
        [
          -0.33291125297546387,
          0.8423328399658203,
          0.42384597659111023
        ],
        [
          0.9300000071525574,
          0.3675594925880432,
          -1.6066536545622512e-08
        ]
      ],
      "width": 0.05436379835009575,
      "height": 0.019999999552965164,
      "depth": 0.009999999776482582,
      "object_id": -1,
      "frame": "RealSense D455 aligned color camera frame",
      "rank": 42,
      "distance_to_object_center": 0.12251238585507755
    },
    {
      "score": 0.17106519639492035,
      "translation_camera": [
        -0.022839365527033806,
        -0.17362932860851288,
        0.4750000238418579
      ],
      "rotation_matrix_camera": [
        [
          0.32332366704940796,
          -0.5531456470489502,
          -0.7677836418151855
        ],
        [
          -0.38744980096817017,
          0.6628532409667969,
          -0.6407091617584229
        ],
        [
          0.8633333444595337,
          0.5046340823173523,
          -2.2058255666479454e-08
        ]
      ],
      "width": 0.0807463675737381,
      "height": 0.019999999552965164,
      "depth": 0.009999999776482582,
      "object_id": -1,
      "frame": "RealSense D455 aligned color camera frame",
      "rank": 43,
      "distance_to_object_center": 0.06355880590883042
    },
    {
      "score": 0.16846045851707458,
      "translation_camera": [
        -0.06648354232311249,
        0.00015911913942545652,
        0.4790000319480896
      ],
      "rotation_matrix_camera": [
        [
          -0.1557886302471161,
          0.39417675137519836,
          -0.9057342410087585
        ],
        [
          -0.33291125297546387,
          0.8423328399658203,
          0.42384597659111023
        ],
        [
          0.9300000071525574,
          0.3675594925880432,
          -1.6066536545622512e-08
        ]
      ],
      "width": 0.05325576663017273,
      "height": 0.019999999552965164,
      "depth": 0.009999999776482582,
      "object_id": -1,
      "frame": "RealSense D455 aligned color camera frame",
      "rank": 44,
      "distance_to_object_center": 0.12172893584004647
    },
    {
      "score": 0.16767755150794983,
      "translation_camera": [
        -0.06662233173847198,
        0.0026504648849368095,
        0.48000001907348633
      ],
      "rotation_matrix_camera": [
        [
          -0.1557886302471161,
          0.39417675137519836,
          -0.9057342410087585
        ],
        [
          -0.33291125297546387,
          0.8423328399658203,
          0.42384597659111023
        ],
        [
          0.9300000071525574,
          0.3675594925880432,
          -1.6066536545622512e-08
        ]
      ],
      "width": 0.05607226490974426,
      "height": 0.019999999552965164,
      "depth": 0.009999999776482582,
      "object_id": -1,
      "frame": "RealSense D455 aligned color camera frame",
      "rank": 45,
      "distance_to_object_center": 0.12428513013321368
    },
    {
      "score": 0.16606447100639343,
      "translation_camera": [
        -0.01793679967522621,
        -0.09338194876909256,
        0.445000022649765
      ],
      "rotation_matrix_camera": [
        [
          -0.22638584673404694,
          0.8712289333343506,
          0.43555670976638794
        ],
        [
          -0.14400814473628998,
          -0.4721894860267639,
          0.8696543574333191
        ],
        [
          0.9633333683013916,
          0.13415373861789703,
          0.2323610931634903
        ]
      ],
      "width": 0.0684148371219635,
      "height": 0.019999999552965164,
      "depth": 0.019999999552965164,
      "object_id": -1,
      "frame": "RealSense D455 aligned color camera frame",
      "rank": 46,
      "distance_to_object_center": 0.025165499869782067
    },
    {
      "score": 0.16468912363052368,
      "translation_camera": [
        -0.05878815799951553,
        -0.0010792675893753767,
        0.47700002789497375
      ],
      "rotation_matrix_camera": [
        [
          -0.01589503511786461,
          0.08596859127283096,
          -0.9961710572242737
        ],
        [
          -0.18111571669578552,
          0.9795682430267334,
          0.08742568641901016
        ],
        [
          0.9833333492279053,
          0.1818118691444397,
          -7.947249081041718e-09
        ]
      ],
      "width": 0.04739096015691757,
      "height": 0.019999999552965164,
      "depth": 0.009999999776482582,
      "object_id": -1,
      "frame": "RealSense D455 aligned color camera frame",
      "rank": 47,
      "distance_to_object_center": 0.11802127930612849
    },
    {
      "score": 0.1639082431793213,
      "translation_camera": [
        -0.022887447848916054,
        -0.1752299964427948,
        0.476000040769577
      ],
      "rotation_matrix_camera": [
        [
