{
  "success": true,
  "method": "graspnet_baseline_d455",
  "num_candidates": 697,
  "object_center_camera": [
    0.06168415431228343,
    -0.031186998131938704,
    0.37800002098083496
  ],
  "candidates": [
    {
      "score": 0.5724145174026489,
      "translation_camera": [
        0.06038815900683403,
        -0.0782942920923233,
        0.37300002574920654
      ],
      "rotation_matrix_camera": [
        [
          0.5313771963119507,
          -0.7907350063323975,
          -0.3039349615573883
        ],
        [
          -0.16952382028102875,
          0.2522660195827484,
          -0.9526927471160889
        ],
        [
          0.8300000429153442,
          0.557763397693634,
          -2.4380613083963e-08
        ]
      ],
      "width": 0.07191695272922516,
      "height": 0.019999999552965164,
      "depth": 0.019999999552965164,
      "object_id": -1,
      "frame": "RealSense D455 aligned color camera frame",
      "rank": 0,
      "distance_to_object_center": 0.047389626506421645
    },
    {
      "score": 0.5129810571670532,
      "translation_camera": [
        0.056671638041734695,
        -0.07656274735927582,
        0.37400001287460327
      ],
      "rotation_matrix_camera": [
        [
          0.5313771963119507,
          -0.7907350063323975,
          -0.3039349615573883
        ],
        [
          -0.16952382028102875,
          0.2522660195827484,
          -0.9526927471160889
        ],
        [
          0.8300000429153442,
          0.557763397693634,
          -2.4380613083963e-08
        ]
      ],
      "width": 0.07178539037704468,
      "height": 0.019999999552965164,
      "depth": 0.019999999552965164,
      "object_id": -1,
      "frame": "RealSense D455 aligned color camera frame",
      "rank": 1,
      "distance_to_object_center": 0.045826673479040785
    },
    {
      "score": 0.48804521560668945,
      "translation_camera": [
        0.061355169862508774,
        -0.08216679841279984,
        0.37300002574920654
      ],
      "rotation_matrix_camera": [
        [
          0.5313771963119507,
          -0.7907350063323975,
          -0.3039349615573883
        ],
        [
          -0.16952382028102875,
          0.2522660195827484,
          -0.9526927471160889
        ],
        [
          0.8300000429153442,
          0.557763397693634,
          -2.4380613083963e-08
        ]
      ],
      "width": 0.07169394195079803,
      "height": 0.019999999552965164,
      "depth": 0.019999999552965164,
      "object_id": -1,
      "frame": "RealSense D455 aligned color camera frame",
      "rank": 2,
      "distance_to_object_center": 0.05122546456364246
    },
    {
      "score": 0.477987676858902,
      "translation_camera": [
        0.06697719544172287,
        -0.07615332305431366,
        0.3720000088214874
      ],
      "rotation_matrix_camera": [
        [
          0.6660667061805725,
          -0.7401613593101501,
          -0.09228425472974777
        ],
        [
          -0.06173091381788254,
          0.0685979425907135,
          -0.9957327246665955
        ],
        [
          0.7433333396911621,
          0.6689212322235107,
          -2.9239474841347146e-08
        ]
      ],
      "width": 0.07737471163272858,
      "height": 0.019999999552965164,
      "depth": 0.019999999552965164,
      "object_id": -1,
      "frame": "RealSense D455 aligned color camera frame",
      "rank": 3,
      "distance_to_object_center": 0.045672604560445806
    },
    {
      "score": 0.4055803418159485,
      "translation_camera": [
        0.03978321701288223,
        -0.07761414349079132,
        0.3890000283718109
      ],
      "rotation_matrix_camera": [
        [
          0.5313771963119507,
          -0.13215208053588867,
          -0.8367640972137451
        ],
        [
          -0.16952382028102875,
          0.9511891603469849,
          -0.2578775882720947
        ],
        [
          0.8300000429153442,
          0.278881698846817,
          0.4830372631549835
        ]
      ],
      "width": 0.07781204581260681,
      "height": 0.019999999552965164,
      "depth": 0.029999999329447746,
      "object_id": -1,
      "frame": "RealSense D455 aligned color camera frame",
      "rank": 4,
      "distance_to_object_center": 0.05249886706745069
    },
    {
      "score": 0.39331382513046265,
      "translation_camera": [
        0.04512721300125122,
        -0.062499865889549255,
        0.3830000162124634
      ],
      "rotation_matrix_camera": [
        [
          0.05689249932765961,
          -0.11523131281137466,
          -0.9917080998420715
        ],
        [
          -0.43903547525405884,
          0.8892316222190857,
          -0.1285107433795929
        ],
        [
          0.8966667056083679,
          0.44270631670951843,
          -1.9351308111481558e-08
        ]
      ],
      "width": 0.07008717209100723,
      "height": 0.019999999552965164,
      "depth": 0.029999999329447746,
      "object_id": -1,
      "frame": "RealSense D455 aligned color camera frame",
      "rank": 5,
      "distance_to_object_center": 0.035771887636786494
    },
    {
      "score": 0.3784313499927521,
      "translation_camera": [
        0.06812425702810287,
        -0.08603929728269577,
        0.37300002574920654
      ],
      "rotation_matrix_camera": [
        [
          0.5313771963119507,
          -0.7907350063323975,
          -0.3039349615573883
        ],
        [
          -0.16952382028102875,
          0.2522660195827484,
          -0.9526927471160889
        ],
        [
          0.8300000429153442,
          0.557763397693634,
          -2.4380613083963e-08
        ]
      ],
      "width": 0.07452419400215149,
      "height": 0.019999999552965164,
      "depth": 0.019999999552965164,
      "object_id": -1,
      "frame": "RealSense D455 aligned color camera frame",
      "rank": 6,
      "distance_to_object_center": 0.05545493303062187
    },
    {
      "score": 0.37043097615242004,
      "translation_camera": [
        0.046867065131664276,
        -0.05821793153882027,
        0.38100001215934753
      ],
      "rotation_matrix_camera": [
        [
          0.05689249932765961,
          -0.11523131281137466,
          -0.9917080998420715
        ],
        [
          -0.43903547525405884,
          0.8892316222190857,
          -0.1285107433795929
        ],
        [
          0.8966667056083679,
          0.44270631670951843,
          -1.9351308111481558e-08
        ]
      ],
      "width": 0.07183584570884705,
      "height": 0.019999999552965164,
      "depth": 0.029999999329447746,
      "object_id": -1,
      "frame": "RealSense D455 aligned color camera frame",
      "rank": 7,
      "distance_to_object_center": 0.030971235682562624
    },
    {
      "score": 0.36069631576538086,
      "translation_camera": [
        0.04500938951969147,
        -0.0563877671957016,
        0.38200002908706665
      ],
      "rotation_matrix_camera": [
        [
          0.05689249932765961,
          -0.11523131281137466,
          -0.9917080998420715
        ],
        [
          -0.43903547525405884,
          0.8892316222190857,
          -0.1285107433795929
        ],
        [
          0.8966667056083679,
          0.44270631670951843,
          -1.9351308111481558e-08
        ]
      ],
      "width": 0.07229837775230408,
      "height": 0.019999999552965164,
      "depth": 0.029999999329447746,
      "object_id": -1,
      "frame": "RealSense D455 aligned color camera frame",
      "rank": 8,
      "distance_to_object_center": 0.03048157816031337
    },
    {
      "score": 0.35851794481277466,
      "translation_camera": [
        0.0673372894525528,
        -0.06006047874689102,
        0.37400001287460327
      ],
      "rotation_matrix_camera": [
        [
          0.6540746092796326,
          -0.6235225796699524,
          -0.42825937271118164
        ],
        [
          -0.309978187084198,
          0.2954989969730377,
          -0.9036558270454407
        ],
        [
          0.690000057220459,
          0.7238094210624695,
          -3.1638712982839934e-08
        ]
      ],
      "width": 0.06038081273436546,
      "height": 0.019999999552965164,
      "depth": 0.019999999552965164,
      "object_id": -1,
      "frame": "RealSense D455 aligned color camera frame",
      "rank": 9,
      "distance_to_object_center": 0.02969235397515823
    },
    {
      "score": 0.3563411831855774,
      "translation_camera": [
        0.04336662217974663,
        -0.08281168341636658,
        0.3850000202655792
      ],
      "rotation_matrix_camera": [
        [
          0.6660667061805725,
          -0.7401613593101501,
          -0.09228425472974777
        ],
        [
          -0.06173091381788254,
          0.0685979425907135,
          -0.9957327246665955
        ],
        [
          0.7433333396911621,
          0.6689212322235107,
          -2.9239474841347146e-08
        ]
      ],
      "width": 0.08136153221130371,
      "height": 0.019999999552965164,
      "depth": 0.029999999329447746,
      "object_id": -1,
      "frame": "RealSense D455 aligned color camera frame",
      "rank": 10,
      "distance_to_object_center": 0.05522354664569419
    },
    {
      "score": 0.3553515076637268,
      "translation_camera": [
        0.048714376986026764,
        -0.05707883834838867,
        0.3800000250339508
      ],
      "rotation_matrix_camera": [
        [
          0.05689249932765961,
          -0.11523131281137466,
          -0.9917080998420715
        ],
        [
          -0.43903547525405884,
          0.8892316222190857,
          -0.1285107433795929
        ],
        [
          0.8966667056083679,
          0.44270631670951843,
          -1.9351308111481558e-08
        ]
      ],
      "width": 0.07386448234319687,
      "height": 0.019999999552965164,
      "depth": 0.03999999910593033,
      "object_id": -1,
      "frame": "RealSense D455 aligned color camera frame",
      "rank": 11,
      "distance_to_object_center": 0.02902761667618162
    },
    {
      "score": 0.3544604480266571,
      "translation_camera": [
        0.04512721300125122,
        -0.059517621994018555,
        0.3830000162124634
      ],
      "rotation_matrix_camera": [
        [
          0.05689249932765961,
          -0.11523131281137466,
          -0.9917080998420715
        ],
        [
          -0.43903547525405884,
          0.8892316222190857,
          -0.1285107433795929
        ],
        [
          0.8966667056083679,
          0.44270631670951843,
          -1.9351308111481558e-08
        ]
      ],
      "width": 0.0709424614906311,
      "height": 0.019999999552965164,
      "depth": 0.029999999329447746,
      "object_id": -1,
      "frame": "RealSense D455 aligned color camera frame",
      "rank": 12,
      "distance_to_object_center": 0.03319271766981306
    },
    {
      "score": 0.3527398109436035,
      "translation_camera": [
        0.046867065131664276,
        -0.055251263082027435,
        0.38100001215934753
      ],
      "rotation_matrix_camera": [
        [
          0.05689249932765961,
          -0.11523131281137466,
          -0.9917080998420715
        ],
        [
          -0.43903547525405884,
          0.8892316222190857,
          -0.1285107433795929
        ],
        [
          0.8966667056083679,
          0.44270631670951843,
          -1.9351308111481558e-08
        ]
      ],
      "width": 0.07294625043869019,
      "height": 0.019999999552965164,
      "depth": 0.029999999329447746,
      "object_id": -1,
      "frame": "RealSense D455 aligned color camera frame",
      "rank": 13,
      "distance_to_object_center": 0.028418918460167402
    },
    {
      "score": 0.34895026683807373,
      "translation_camera": [
        0.06812425702810287,
        -0.07926241308450699,
        0.37300002574920654
      ],
      "rotation_matrix_camera": [
        [
          0.6660667061805725,
          -0.7401613593101501,
          -0.09228425472974777
        ],
        [
          -0.06173091381788254,
          0.0685979425907135,
          -0.9957327246665955
        ],
        [
          0.7433333396911621,
          0.6689212322235107,
          -2.9239474841347146e-08
        ]
      ],
      "width": 0.07652339339256287,
      "height": 0.019999999552965164,
      "depth": 0.019999999552965164,
      "object_id": -1,
      "frame": "RealSense D455 aligned color camera frame",
      "rank": 14,
      "distance_to_object_center": 0.048761874432472735
    },
    {
      "score": 0.34418585896492004,
      "translation_camera": [
        0.06539807468652725,
        -0.0581190325319767,
        0.37400001287460327
      ],
      "rotation_matrix_camera": [
        [
          0.6540746092796326,
          -0.6235225796699524,
          -0.42825937271118164
        ],
        [
          -0.309978187084198,
          0.2954989969730377,
          -0.9036558270454407
        ],
        [
          0.690000057220459,
          0.7238094210624695,
          -3.1638712982839934e-08
        ]
      ],
      "width": 0.06028054282069206,
      "height": 0.019999999552965164,
      "depth": 0.029999999329447746,
      "object_id": -1,
      "frame": "RealSense D455 aligned color camera frame",
      "rank": 15,
      "distance_to_object_center": 0.027479587812064662
    },
    {
      "score": 0.3423437178134918,
      "translation_camera": [
        0.049437958747148514,
        -0.07738160341978073,
        0.37800002098083496
      ],
      "rotation_matrix_camera": [
        [
          0.05689249932765961,
          -0.11523131281137466,
          -0.9917080998420715
        ],
        [
          -0.43903547525405884,
          0.8892316222190857,
          -0.1285107433795929
        ],
        [
          0.8966667056083679,
          0.44270631670951843,
          -1.9351308111481558e-08
        ]
      ],
      "width": 0.0785897895693779,
      "height": 0.019999999552965164,
      "depth": 0.029999999329447746,
      "object_id": -1,
      "frame": "RealSense D455 aligned color camera frame",
      "rank": 16,
      "distance_to_object_center": 0.047790280010887705
    },
    {
      "score": 0.34028494358062744,
      "translation_camera": [
        0.0442495122551918,
        -0.0576796680688858,
        0.3840000331401825
      ],
      "rotation_matrix_camera": [
        [
          0.05689249932765961,
          -0.11523131281137466,
          -0.9917080998420715
        ],
        [
          -0.43903547525405884,
          0.8892316222190857,
          -0.1285107433795929
        ],
        [
          0.8966667056083679,
          0.44270631670951843,
          -1.9351308111481558e-08
        ]
      ],
      "width": 0.07184701412916183,
      "height": 0.019999999552965164,
      "depth": 0.029999999329447746,
      "object_id": -1,
      "frame": "RealSense D455 aligned color camera frame",
      "rank": 17,
      "distance_to_object_center": 0.03227736745707815
    },
    {
      "score": 0.33438485860824585,
      "translation_camera": [
        0.048714376986026764,
        -0.05411995202302933,
        0.3800000250339508
      ],
      "rotation_matrix_camera": [
        [
          0.05689249932765961,
          -0.11523131281137466,
          -0.9917080998420715
        ],
        [
          -0.43903547525405884,
          0.8892316222190857,
          -0.1285107433795929
        ],
        [
          0.8966667056083679,
          0.44270631670951843,
          -1.9351308111481558e-08
        ]
      ],
      "width": 0.07381163537502289,
      "height": 0.019999999552965164,
      "depth": 0.029999999329447746,
      "object_id": -1,
      "frame": "RealSense D455 aligned color camera frame",
      "rank": 18,
      "distance_to_object_center": 0.026422254148275273
    },
    {
      "score": 0.33340707421302795,
      "translation_camera": [
        0.06830689311027527,
        -0.056177590042352676,
        0.37400001287460327
      ],
      "rotation_matrix_camera": [
        [
          0.6540746092796326,
          -0.6235225796699524,
          -0.42825937271118164
        ],
        [
          -0.309978187084198,
          0.2954989969730377,
          -0.9036558270454407
        ],
        [
          0.690000057220459,
          0.7238094210624695,
          -3.1638712982839934e-08
        ]
      ],
      "width": 0.0623166486620903,
      "height": 0.019999999552965164,
      "depth": 0.019999999552965164,
      "object_id": -1,
      "frame": "RealSense D455 aligned color camera frame",
      "rank": 19,
      "distance_to_object_center": 0.026160856600447813
    },
    {
      "score": 0.3284212350845337,
      "translation_camera": [
        0.06601277738809586,
        -0.08291203528642654,
        0.3720000088214874
      ],
      "rotation_matrix_camera": [
        [
          0.5313771963119507,
          -0.7907350063323975,
          -0.3039349615573883
        ],
        [
          -0.16952382028102875,
          0.2522660195827484,
          -0.9526927471160889
        ],
        [
          0.8300000429153442,
          0.557763397693634,
          -2.4380613083963e-08
        ]
      ],
      "width": 0.07375960052013397,
      "height": 0.019999999552965164,
      "depth": 0.029999999329447746,
      "object_id": -1,
      "frame": "RealSense D455 aligned color camera frame",
      "rank": 20,
      "distance_to_object_center": 0.05225147454644626
    },
    {
      "score": 0.32633766531944275,
      "translation_camera": [
        0.049437958747148514,
        -0.05775952339172363,
        0.37800002098083496
      ],
      "rotation_matrix_camera": [
        [
          0.05689249932765961,
          -0.11523131281137466,
          -0.9917080998420715
        ],
        [
          -0.43903547525405884,
          0.8892316222190857,
          -0.1285107433795929
        ],
        [
          0.8966667056083679,
          0.44270631670951843,
          -1.9351308111481558e-08
        ]
      ],
      "width": 0.0758998915553093,
      "height": 0.019999999552965164,
      "depth": 0.03999999910593033,
      "object_id": -1,
      "frame": "RealSense D455 aligned color camera frame",
      "rank": 21,
      "distance_to_object_center": 0.02925864666216533
    },
    {
      "score": 0.3248794376850128,
      "translation_camera": [
        0.047854818403720856,
        -0.07799573987722397,
        0.38100001215934753
      ],
      "rotation_matrix_camera": [
        [
          0.05689249932765961,
          -0.11523131281137466,
          -0.9917080998420715
        ],
        [
          -0.43903547525405884,
          0.8892316222190857,
          -0.1285107433795929
        ],
        [
          0.8966667056083679,
          0.44270631670951843,
          -1.9351308111481558e-08
        ]
      ],
      "width": 0.07872840762138367,
      "height": 0.019999999552965164,
      "depth": 0.029999999329447746,
      "object_id": -1,
      "frame": "RealSense D455 aligned color camera frame",
      "rank": 22,
      "distance_to_object_center": 0.04890101003578375
    },
    {
      "score": 0.3236650228500366,
      "translation_camera": [
        0.054050326347351074,
        -0.060381658375263214,
        0.3760000169277191
      ],
      "rotation_matrix_camera": [
        [
          0.6540746092796326,
          -0.6235225796699524,
          -0.42825937271118164
        ],
        [
          -0.309978187084198,
          0.2954989969730377,
          -0.9036558270454407
        ],
        [
          0.690000057220459,
          0.7238094210624695,
          -3.1638712982839934e-08
        ]
      ],
      "width": 0.057765740901231766,
      "height": 0.019999999552965164,
      "depth": 0.019999999552965164,
      "object_id": -1,
      "frame": "RealSense D455 aligned color camera frame",
      "rank": 23,
      "distance_to_object_center": 0.030242412806087676
    },
    {
      "score": 0.321643203496933,
      "translation_camera": [
        0.06909126788377762,
        -0.06280426681041718,
        0.37300002574920654
      ],
      "rotation_matrix_camera": [
        [
          0.6540746092796326,
          -0.6235225796699524,
          -0.42825937271118164
        ],
        [
          -0.309978187084198,
          0.2954989969730377,
          -0.9036558270454407
        ],
        [
          0.690000057220459,
          0.7238094210624695,
          -3.1638712982839934e-08
        ]
      ],
      "width": 0.06126057356595993,
      "height": 0.019999999552965164,
      "depth": 0.019999999552965164,
      "object_id": -1,
      "frame": "RealSense D455 aligned color camera frame",
      "rank": 24,
      "distance_to_object_center": 0.032856003446317325
    },
    {
      "score": 0.31910252571105957,
      "translation_camera": [
        0.0673372894525528,
        -0.05326542630791664,
        0.37400001287460327
      ],
      "rotation_matrix_camera": [
        [
          0.6540746092796326,
          -0.6235225796699524,
          -0.42825937271118164
        ],
        [
          -0.309978187084198,
          0.2954989969730377,
          -0.9036558270454407
        ],
        [
          0.690000057220459,
          0.7238094210624695,
          -3.1638712982839934e-08
        ]
      ],
      "width": 0.06293250620365143,
      "height": 0.019999999552965164,
      "depth": 0.029999999329447746,
      "object_id": -1,
      "frame": "RealSense D455 aligned color camera frame",
      "rank": 25,
      "distance_to_object_center": 0.023139036118340884
    },
    {
      "score": 0.3101598024368286,
      "translation_camera": [
        0.06442847102880478,
        -0.055206868797540665,
        0.37400001287460327
      ],
      "rotation_matrix_camera": [
        [
          0.6540746092796326,
          -0.6235225796699524,
          -0.42825937271118164
        ],
        [
          -0.309978187084198,
          0.2954989969730377,
          -0.9036558270454407
        ],
        [
          0.690000057220459,
          0.7238094210624695,
          -3.1638712982839934e-08
        ]
      ],
      "width": 0.061498574912548065,
      "height": 0.019999999552965164,
      "depth": 0.029999999329447746,
      "object_id": -1,
      "frame": "RealSense D455 aligned color camera frame",
      "rank": 26,
      "distance_to_object_center": 0.02450480617925274
    },
    {
      "score": 0.3032521903514862,
      "translation_camera": [
        0.0522393174469471,
        -0.06739180535078049,
        0.37700003385543823
      ],
      "rotation_matrix_camera": [
        [
          0.6540746092796326,
          -0.6235225796699524,
          -0.42825937271118164
        ],
        [
          -0.309978187084198,
          0.2954989969730377,
          -0.9036558270454407
        ],
        [
          0.690000057220459,
          0.7238094210624695,
          -3.1638712982839934e-08
        ]
      ],
      "width": 0.07214753329753876,
      "height": 0.019999999552965164,
      "depth": 0.029999999329447746,
      "object_id": -1,
      "frame": "RealSense D455 aligned color camera frame",
      "rank": 27,
      "distance_to_object_center": 0.037429840814746644
    },
    {
      "score": 0.3015207052230835,
      "translation_camera": [
        0.07121570408344269,
        -0.06103119999170303,
        0.37400001287460327
      ],
      "rotation_matrix_camera": [
        [
          0.6540746092796326,
          -0.6235225796699524,
          -0.42825937271118164
        ],
        [
          -0.309978187084198,
          0.2954989969730377,
          -0.9036558270454407
        ],
        [
          0.690000057220459,
          0.7238094210624695,
          -3.1638712982839934e-08
        ]
      ],
      "width": 0.062371913343667984,
      "height": 0.019999999552965164,
      "depth": 0.019999999552965164,
      "object_id": -1,
      "frame": "RealSense D455 aligned color camera frame",
      "rank": 28,
      "distance_to_object_center": 0.03158364910102007
    },
    {
      "score": 0.29905104637145996,
      "translation_camera": [
        0.07295931130647659,
        -0.07635803520679474,
        0.37300002574920654
      ],
      "rotation_matrix_camera": [
        [
          0.6660667061805725,
          0.09228428453207016,
          -0.7401613593101501
        ],
        [
          -0.06173091381788254,
          0.9957327246665955,
          0.06859798729419708
        ],
        [
          0.7433333396911621,
          0.0,
          0.6689212322235107
        ]
      ],
      "width": 0.08496052771806717,
      "height": 0.019999999552965164,
      "depth": 0.019999999552965164,
      "object_id": -1,
      "frame": "RealSense D455 aligned color camera frame",
      "rank": 29,
      "distance_to_object_center": 0.04682469122138477
    },
    {
      "score": 0.2980423867702484,
      "translation_camera": [
        0.08462317287921906,
        -0.0563877671957016,
        0.38200002908706665
      ],
      "rotation_matrix_camera": [
        [
          0.6540746092796326,
          -0.6235225796699524,
          -0.42825937271118164
        ],
        [
          -0.309978187084198,
          0.2954989969730377,
          -0.9036558270454407
        ],
        [
          0.690000057220459,
          0.7238094210624695,
          -3.1638712982839934e-08
        ]
      ],
      "width": 0.07028527557849884,
      "height": 0.019999999552965164,
      "depth": 0.029999999329447746,
      "object_id": -1,
      "frame": "RealSense D455 aligned color camera frame",
      "rank": 30,
      "distance_to_object_center": 0.03431147620067148
    },
    {
      "score": 0.29771003127098083,
      "translation_camera": [
        0.054050326347351074,
        -0.06428530812263489,
        0.3760000169277191
      ],
      "rotation_matrix_camera": [
        [
          0.6540746092796326,
          -0.6235225796699524,
          -0.42825937271118164
        ],
        [
          -0.309978187084198,
          0.2954989969730377,
          -0.9036558270454407
        ],
        [
          0.690000057220459,
          0.7238094210624695,
          -3.1638712982839934e-08
        ]
      ],
      "width": 0.06436298042535782,
      "height": 0.019999999552965164,
      "depth": 0.029999999329447746,
      "object_id": -1,
      "frame": "RealSense D455 aligned color camera frame",
      "rank": 31,
      "distance_to_object_center": 0.034026070443865276
    },
    {
      "score": 0.2942275404930115,
      "translation_camera": [
        0.04247855022549629,
        -0.06499315798282623,
        0.38600003719329834
      ],
      "rotation_matrix_camera": [
        [
          0.05689249932765961,
          -0.11523131281137466,
          -0.9917080998420715
        ],
        [
          -0.43903547525405884,
          0.8892316222190857,
          -0.1285107433795929
        ],
        [
          0.8966667056083679,
          0.44270631670951843,
          -1.9351308111481558e-08
        ]
      ],
      "width": 0.06708759069442749,
      "height": 0.019999999552965164,
      "depth": 0.019999999552965164,
      "object_id": -1,
      "frame": "RealSense D455 aligned color camera frame",
      "rank": 32,
      "distance_to_object_center": 0.03969523814769036
    },
    {
      "score": 0.2929370701313019,
      "translation_camera": [
        0.08002832531929016,
        -0.061847127974033356,
        0.3790000379085541
      ],
      "rotation_matrix_camera": [
        [
          0.6540746092796326,
          -0.6235225796699524,
          -0.42825937271118164
        ],
        [
          -0.309978187084198,
          0.2954989969730377,
          -0.9036558270454407
        ],
        [
          0.690000057220459,
          0.7238094210624695,
          -3.1638712982839934e-08
        ]
      ],
      "width": 0.06852730363607407,
      "height": 0.019999999552965164,
      "depth": 0.029999999329447746,
      "object_id": -1,
      "frame": "RealSense D455 aligned color camera frame",
      "rank": 33,
      "distance_to_object_center": 0.035742862304579556
    },
    {
      "score": 0.29176902770996094,
      "translation_camera": [
        0.06328919529914856,
        -0.059899888932704926,
        0.37300002574920654
      ],
      "rotation_matrix_camera": [
        [
          0.6540746092796326,
          -0.6235225796699524,
          -0.42825937271118164
        ],
        [
          -0.309978187084198,
          0.2954989969730377,
          -0.9036558270454407
        ],
        [
          0.690000057220459,
          0.7238094210624695,
          -3.1638712982839934e-08
        ]
      ],
      "width": 0.05629513040184975,
      "height": 0.019999999552965164,
      "depth": 0.029999999329447746,
      "object_id": -1,
      "frame": "RealSense D455 aligned color camera frame",
      "rank": 34,
      "distance_to_object_center": 0.029189145363003512
    },
    {
      "score": 0.28897625207901,
      "translation_camera": [
        0.054050326347351074,
        -0.0701407864689827,
        0.3760000169277191
      ],
      "rotation_matrix_camera": [
        [
          0.6540746092796326,
          -0.6235225796699524,
          -0.42825937271118164
        ],
        [
          -0.309978187084198,
          0.2954989969730377,
          -0.9036558270454407
        ],
        [
          0.690000057220459,
          0.7238094210624695,
          -3.1638712982839934e-08
        ]
      ],
      "width": 0.07312420755624771,
      "height": 0.019999999552965164,
      "depth": 0.029999999329447746,
      "object_id": -1,
      "frame": "RealSense D455 aligned color camera frame",
      "rank": 35,
      "distance_to_object_center": 0.0397450999673908
    },
    {
      "score": 0.2888936996459961,
      "translation_camera": [
        0.05764124169945717,
        -0.055206868797540665,
        0.37400001287460327
      ],
      "rotation_matrix_camera": [
        [
          0.9810783267021179,
          -0.00981128215789795,
          -0.19336247444152832
        ],
        [
          -0.1933528035879135,
          0.0019335818942636251,
          -0.9811273813247681
        ],
        [
          0.009999999776482582,
          0.9999499917030334,
          -4.3709203367825467e-08
        ]
      ],
      "width": 0.06602771580219269,
      "height": 0.019999999552965164,
      "depth": 0.029999999329447746,
      "object_id": -1,
      "frame": "RealSense D455 aligned color camera frame",
      "rank": 36,
      "distance_to_object_center": 0.02468399064246125
    },
    {
      "score": 0.28850340843200684,
      "translation_camera": [
        0.0642562061548233,
        -0.06280426681041718,
        0.37300002574920654
      ],
      "rotation_matrix_camera": [
        [
          0.6540746092796326,
          -0.6235225796699524,
          -0.42825937271118164
        ],
        [
          -0.309978187084198,
          0.2954989969730377,
          -0.9036558270454407
        ],
        [
          0.690000057220459,
          0.7238094210624695,
          -3.1638712982839934e-08
        ]
      ],
      "width": 0.0593084879219532,
      "height": 0.019999999552965164,
      "depth": 0.029999999329447746,
      "object_id": -1,
      "frame": "RealSense D455 aligned color camera frame",
      "rank": 37,
      "distance_to_object_center": 0.03211334740702245
    },
    {
      "score": 0.28820568323135376,
      "translation_camera": [
        0.056671638041734695,
        -0.062001921236515045,
        0.37400001287460327
      ],
      "rotation_matrix_camera": [
        [
          0.6540746092796326,
          -0.6235225796699524,
          -0.42825937271118164
        ],
        [
          -0.309978187084198,
          0.2954989969730377,
          -0.9036558270454407
        ],
        [
          0.690000057220459,
          0.7238094210624695,
          -3.1638712982839934e-08
        ]
      ],
      "width": 0.061333417892456055,
      "height": 0.019999999552965164,
      "depth": 0.019999999552965164,
      "object_id": -1,
      "frame": "RealSense D455 aligned color camera frame",
      "rank": 38,
      "distance_to_object_center": 0.031475146864683376
    },
    {
      "score": 0.2820100486278534,
      "translation_camera": [
        0.07121570408344269,
        -0.05326542630791664,
        0.37400001287460327
      ],
      "rotation_matrix_camera": [
        [
          0.9810783267021179,
          -0.00981128215789795,
          -0.19336247444152832
        ],
        [
          -0.1933528035879135,
          0.0019335818942636251,
          -0.9811273813247681
        ],
        [
          0.009999999776482582,
          0.9999499917030334,
          -4.3709203367825467e-08
        ]
      ],
      "width": 0.06168048828840256,
      "height": 0.019999999552965164,
      "depth": 0.029999999329447746,
      "object_id": -1,
      "frame": "RealSense D455 aligned color camera frame",
      "rank": 39,
      "distance_to_object_center": 0.024378422767107426
    },
    {
      "score": 0.28165823221206665,
      "translation_camera": [
        0.056671638041734695,
        -0.06491408497095108,
        0.37400001287460327
      ],
      "rotation_matrix_camera": [
        [
          0.6540746092796326,
          -0.6235225796699524,
          -0.42825937271118164
        ],
        [
          -0.309978187084198,
          0.2954989969730377,
          -0.9036558270454407
        ],
        [
          0.690000057220459,
          0.7238094210624695,
          -3.1638712982839934e-08
        ]
      ],
      "width": 0.06526662409305573,
      "height": 0.019999999552965164,
      "depth": 0.029999999329447746,
      "object_id": -1,
      "frame": "RealSense D455 aligned color camera frame",
      "rank": 40,
      "distance_to_object_center": 0.034331352592910126
    },
    {
      "score": 0.2812110185623169,
      "translation_camera": [
        0.06311951577663422,
        -0.07711885124444962,
        0.3720000088214874
      ],
      "rotation_matrix_camera": [
        [
          0.6660667061805725,
          -0.7401613593101501,
          -0.09228425472974777
        ],
        [
          -0.06173091381788254,
          0.0685979425907135,
          -0.9957327246665955
        ],
        [
          0.7433333396911621,
          0.6689212322235107,
          -2.9239474841347146e-08
        ]
      ],
      "width": 0.0782550722360611,
      "height": 0.019999999552965164,
      "depth": 0.029999999329447746,
      "object_id": -1,
      "frame": "RealSense D455 aligned color camera frame",
      "rank": 41,
      "distance_to_object_center": 0.04634431506447085
    },
    {
      "score": 0.27981188893318176,
      "translation_camera": [
        0.0522393174469471,
        -0.07521987706422806,
        0.37700003385543823
      ],
      "rotation_matrix_camera": [
        [
          0.4980229139328003,
          -0.0012358129024505615,
          -0.8671630620956421
        ],
        [
          -0.3856969475746155,
          0.8953233957290649,
          -0.22278660535812378
        ],
        [
          0.7766667008399963,
          0.4454149603843689,
          0.4454149305820465
        ]
      ],
      "width": 0.07730760425329208,
      "height": 0.019999999552965164,
      "depth": 0.03999999910593033,
      "object_id": -1,
      "frame": "RealSense D455 aligned color camera frame",
      "rank": 42,
      "distance_to_object_center": 0.04504552524645958
    },
    {
      "score": 0.2793198227882385,
      "translation_camera": [
        0.08242613822221756,
        -0.06217349320650101,
        0.38100001215934753
      ],
      "rotation_matrix_camera": [
        [
          0.6540746092796326,
          -0.6235225796699524,
          -0.42825937271118164
        ],
        [
          -0.309978187084198,
          0.2954989969730377,
          -0.9036558270454407
        ],
        [
          0.690000057220459,
          0.7238094210624695,
          -3.1638712982839934e-08
        ]
      ],
      "width": 0.06927112489938736,
      "height": 0.019999999552965164,
      "depth": 0.029999999329447746,
      "object_id": -1,
      "frame": "RealSense D455 aligned color camera frame",
      "rank": 43,
      "distance_to_object_center": 0.03740845787515162
    },
    {
      "score": 0.27470114827156067,
      "translation_camera": [
        0.056671638041734695,
        -0.07073841989040375,
        0.37400001287460327
      ],
      "rotation_matrix_camera": [
        [
          0.6540746092796326,
          -0.6235225796699524,
          -0.42825937271118164
        ],
        [
          -0.309978187084198,
          0.2954989969730377,
          -0.9036558270454407
        ],
        [
          0.690000057220459,
          0.7238094210624695,
          -3.1638712982839934e-08
        ]
      ],
      "width": 0.07193265110254288,
      "height": 0.019999999552965164,
      "depth": 0.029999999329447746,
      "object_id": -1,
      "frame": "RealSense D455 aligned color camera frame",
      "rank": 44,
      "distance_to_object_center": 0.04006794663229471
    },
    {
      "score": 0.27288052439689636,
      "translation_camera": [
        0.07862862944602966,
        -0.0634777769446373,
        0.37700003385543823
      ],
      "rotation_matrix_camera": [
        [
          0.6540746092796326,
          -0.6235225796699524,
          -0.42825937271118164
        ],
        [
          -0.309978187084198,
          0.2954989969730377,
          -0.9036558270454407
        ],
        [
          0.690000057220459,
          0.7238094210624695,
          -3.1638712982839934e-08
        ]
      ],
      "width": 0.06728871166706085,
      "height": 0.019999999552965164,
      "depth": 0.029999999329447746,
      "object_id": -1,
      "frame": "RealSense D455 aligned color camera frame",
      "rank": 45,
      "distance_to_object_center": 0.03648026326850901
    },
    {
      "score": 0.2717745006084442,
      "translation_camera": [
        0.07606372237205505,
        -0.07365058362483978,
        0.37400001287460327
      ],
      "rotation_matrix_camera": [
        [
          0.6660667061805725,
          0.09228428453207016,
          -0.7401613593101501
        ],
        [
          -0.06173091381788254,
          0.9957327246665955,
          0.06859798729419708
        ],
        [
          0.7433333396911621,
          0.0,
          0.6689212322235107
        ]
      ],
      "width": 0.08486096560955048,
      "height": 0.019999999552965164,
      "depth": 0.019999999552965164,
      "object_id": -1,
      "frame": "RealSense D455 aligned color camera frame",
      "rank": 46,
      "distance_to_object_center": 0.04501031143358644
    },
    {
      "score": 0.27118244767189026,
      "translation_camera": [
        0.061355169862508774,
        -0.06183614209294319,
        0.37300002574920654
      ],
      "rotation_matrix_camera": [
        [
          0.6540746092796326,
          -0.6235225796699524,
          -0.42825937271118164
        ],
        [
          -0.309978187084198,
          0.2954989969730377,
          -0.9036558270454407
        ],
        [
          0.690000057220459,
          0.7238094210624695,
          -3.1638712982839934e-08
        ]
      ],
      "width": 0.055804796516895294,
      "height": 0.019999999552965164,
      "depth": 0.029999999329447746,
      "object_id": -1,
      "frame": "RealSense D455 aligned color camera frame",
      "rank": 47,
      "distance_to_object_center": 0.031056049469095043
    },
    {
      "score": 0.26949483156204224,
      "translation_camera": [
        0.050284553319215775,
        -0.08011242002248764,
        0.37700003385543823
      ],
      "rotation_matrix_camera": [
        [
          0.05689249932765961,
          -0.11523131281137466,
          -0.9917080998420715
        ],
