{
  "success": true,
  "method": "graspnet_baseline_d455",
  "num_candidates": 545,
  "object_center_camera": [
    -0.06532505860545011,
    0.00929776770827525,
    0.3330000340938568
  ],
  "candidates": [
    {
      "score": 0.3495887219905853,
      "translation_camera": [
        -0.02738933451473713,
        0.018721401691436768,
        0.398000031709671
      ],
      "rotation_matrix_camera": [
        [
          -0.01589503511786461,
          0.08596859127283096,
          -0.9961710572242737
        ],
        [
          -0.18111571669578552,
          0.9795682430267334,
          0.08742568641901016
        ],
        [
          0.9833333492279053,
          0.1818118691444397,
          -7.947249081041718e-09
        ]
      ],
      "width": 0.08006201684474945,
      "height": 0.019999999552965164,
      "depth": 0.009999999776482582,
      "object_id": -1,
      "frame": "RealSense D455 aligned color camera frame",
      "rank": 0,
      "distance_to_object_center": 0.07584803049381804
    },
    {
      "score": 0.34939202666282654,
      "translation_camera": [
        -0.06753606349229813,
        0.03498580679297447,
        0.3360000252723694
      ],
      "rotation_matrix_camera": [
        [
          0.4980229139328003,
          -0.6140506863594055,
          -0.6123030185699463
        ],
        [
          -0.3856969475746155,
          0.47555533051490784,
          -0.790623128414154
        ],
        [
          0.7766667008399963,
          0.6299118399620056,
          -2.7534321489497415e-08
        ]
      ],
      "width": 0.06829197704792023,
      "height": 0.019999999552965164,
      "depth": 0.019999999552965164,
      "object_id": -1,
      "frame": "RealSense D455 aligned color camera frame",
      "rank": 1,
      "distance_to_object_center": 0.025956961334059385
    },
    {
      "score": 0.3424510955810547,
      "translation_camera": [
        -0.06599017232656479,
        0.03508992865681648,
        0.3370000123977661
      ],
      "rotation_matrix_camera": [
        [
          0.4980229139328003,
          -0.6140506863594055,
          -0.6123030185699463
        ],
        [
          -0.3856969475746155,
          0.47555533051490784,
          -0.790623128414154
        ],
        [
          0.7766667008399963,
          0.6299118399620056,
          -2.7534321489497415e-08
        ]
      ],
      "width": 0.06973637640476227,
      "height": 0.019999999552965164,
      "depth": 0.019999999552965164,
      "object_id": -1,
      "frame": "RealSense D455 aligned color camera frame",
      "rank": 2,
      "distance_to_object_center": 0.026108959555853916
    },
    {
      "score": 0.33270594477653503,
      "translation_camera": [
        -0.06799972802400589,
        0.03391089290380478,
        0.33400002121925354
      ],
      "rotation_matrix_camera": [
        [
          0.4980229139328003,
          -0.6140506863594055,
          -0.6123030185699463
        ],
        [
          -0.3856969475746155,
          0.47555533051490784,
          -0.790623128414154
        ],
        [
          0.7766667008399963,
          0.6299118399620056,
          -2.7534321489497415e-08
        ]
      ],
      "width": 0.06735285371541977,
      "height": 0.019999999552965164,
      "depth": 0.019999999552965164,
      "object_id": -1,
      "frame": "RealSense D455 aligned color camera frame",
      "rank": 3,
      "distance_to_object_center": 0.024778211449584638
    },
    {
      "score": 0.3299541473388672,
      "translation_camera": [
        -0.07211151719093323,
        0.034673433750867844,
        0.3330000340938568
      ],
      "rotation_matrix_camera": [
        [
          0.4980229139328003,
          -0.6140506863594055,
          -0.6123030185699463
        ],
        [
          -0.3856969475746155,
          0.47555533051490784,
          -0.790623128414154
        ],
        [
          0.7766667008399963,
          0.6299118399620056,
          -2.7534321489497415e-08
        ]
      ],
      "width": 0.06625058501958847,
      "height": 0.019999999552965164,
      "depth": 0.019999999552965164,
      "object_id": -1,
      "frame": "RealSense D455 aligned color camera frame",
      "rank": 4,
      "distance_to_object_center": 0.026267478890020343
    },
    {
      "score": 0.3224566578865051,
      "translation_camera": [
        -0.06626839190721512,
        0.033044226467609406,
        0.33400002121925354
      ],
      "rotation_matrix_camera": [
        [
          0.4980229139328003,
          -0.6140506863594055,
          -0.6123030185699463
        ],
        [
          -0.3856969475746155,
          0.47555533051490784,
          -0.790623128414154
        ],
        [
          0.7766667008399963,
          0.6299118399620056,
          -2.7534321489497415e-08
        ]
      ],
      "width": 0.06708476692438126,
      "height": 0.019999999552965164,
      "depth": 0.019999999552965164,
      "object_id": -1,
      "frame": "RealSense D455 aligned color camera frame",
      "rank": 5,
      "distance_to_object_center": 0.023786217765292907
    },
    {
      "score": 0.3210921585559845,
      "translation_camera": [
        -0.06579435616731644,
        0.03324209898710251,
        0.3360000252723694
      ],
      "rotation_matrix_camera": [
        [
          0.4980229139328003,
          -0.6140506863594055,
          -0.6123030185699463
        ],
        [
          -0.3856969475746155,
          0.47555533051490784,
          -0.790623128414154
        ],
        [
          0.7766667008399963,
          0.6299118399620056,
          -2.7534321489497415e-08
        ]
      ],
      "width": 0.06957530975341797,
      "height": 0.019999999552965164,
      "depth": 0.019999999552965164,
      "object_id": -1,
      "frame": "RealSense D455 aligned color camera frame",
      "rank": 6,
      "distance_to_object_center": 0.02413609719202656
    },
    {
      "score": 0.3183321952819824,
      "translation_camera": [
        -0.062496401369571686,
        0.03334103152155876,
        0.3370000123977661
      ],
      "rotation_matrix_camera": [
        [
          0.4980229139328003,
          -0.6140506863594055,
          -0.6123030185699463
        ],
        [
          -0.3856969475746155,
          0.47555533051490784,
          -0.790623128414154
        ],
        [
          0.7766667008399963,
          0.6299118399620056,
          -2.7534321489497415e-08
        ]
      ],
      "width": 0.06981253623962402,
      "height": 0.019999999552965164,
      "depth": 0.019999999552965164,
      "object_id": -1,
      "frame": "RealSense D455 aligned color camera frame",
      "rank": 7,
      "distance_to_object_center": 0.02453731164950596
    },
    {
      "score": 0.3159286379814148,
      "translation_camera": [
        -0.06952229142189026,
        0.0338093638420105,
        0.3330000340938568
      ],
      "rotation_matrix_camera": [
        [
          0.4980229139328003,
          -0.6140506863594055,
          -0.6123030185699463
        ],
        [
          -0.3856969475746155,
          0.47555533051490784,
          -0.790623128414154
        ],
        [
          0.7766667008399963,
          0.6299118399620056,
          -2.7534321489497415e-08
        ]
      ],
      "width": 0.06540560722351074,
      "height": 0.019999999552965164,
      "depth": 0.019999999552965164,
      "object_id": -1,
      "frame": "RealSense D455 aligned color camera frame",
      "rank": 8,
      "distance_to_object_center": 0.024868355561611766
    },
    {
      "score": 0.3138229548931122,
      "translation_camera": [
        -0.06550318002700806,
        0.0352981798350811,
        0.33900001645088196
      ],
      "rotation_matrix_camera": [
        [
          0.4980229139328003,
          -0.6140506863594055,
          -0.6123030185699463
        ],
        [
          -0.3856969475746155,
          0.47555533051490784,
          -0.790623128414154
        ],
        [
          0.7766667008399963,
          0.6299118399620056,
          -2.7534321489497415e-08
        ]
      ],
      "width": 0.07104896754026413,
      "height": 0.019999999552965164,
      "depth": 0.019999999552965164,
      "object_id": -1,
      "frame": "RealSense D455 aligned color camera frame",
      "rank": 9,
      "distance_to_object_center": 0.026684320232848047
    },
    {
      "score": 0.31344276666641235,
      "translation_camera": [
        -0.06405265629291534,
        0.03324209898710251,
        0.3360000252723694
      ],
      "rotation_matrix_camera": [
        [
          0.4980229139328003,
          -0.6140506863594055,
          -0.6123030185699463
        ],
        [
          -0.3856969475746155,
          0.47555533051490784,
          -0.790623128414154
        ],
        [
          0.7766667008399963,
          0.6299118399620056,
          -2.7534321489497415e-08
        ]
      ],
      "width": 0.06941922754049301,
      "height": 0.019999999552965164,
      "depth": 0.019999999552965164,
      "object_id": -1,
      "frame": "RealSense D455 aligned color camera frame",
      "rank": 10,
      "distance_to_object_center": 0.024165056488788157
    },
    {
      "score": 0.3069010078907013,
      "translation_camera": [
        -0.05935279652476311,
        0.03265926241874695,
        0.33900001645088196
      ],
      "rotation_matrix_camera": [
        [
          0.4980229139328003,
          -0.6140506863594055,
          -0.6123030185699463
        ],
        [
          -0.3856969475746155,
          0.47555533051490784,
          -0.790623128414154
        ],
        [
          0.7766667008399963,
          0.6299118399620056,
          -2.7534321489497415e-08
        ]
      ],
      "width": 0.07054176181554794,
      "height": 0.019999999552965164,
      "depth": 0.019999999552965164,
      "object_id": -1,
      "frame": "RealSense D455 aligned color camera frame",
      "rank": 11,
      "distance_to_object_center": 0.024848081168420674
    },
    {
      "score": 0.3061852753162384,
      "translation_camera": [
        -0.06779614090919495,
        0.03208122402429581,
        0.3330000340938568
      ],
      "rotation_matrix_camera": [
        [
          0.4980229139328003,
          -0.6140506863594055,
          -0.6123030185699463
        ],
        [
          -0.3856969475746155,
          0.47555533051490784,
          -0.790623128414154
        ],
        [
          0.7766667008399963,
          0.6299118399620056,
          -2.7534321489497415e-08
        ]
      ],
      "width": 0.06502623856067657,
      "height": 0.019999999552965164,
      "depth": 0.019999999552965164,
      "object_id": -1,
      "frame": "RealSense D455 aligned color camera frame",
      "rank": 12,
      "distance_to_object_center": 0.022917070699718538
    },
    {
      "score": 0.3046523928642273,
      "translation_camera": [
        -0.0581052340567112,
        0.03383570536971092,
        0.34200000762939453
      ],
      "rotation_matrix_camera": [
        [
          0.4980229139328003,
          -0.6140506863594055,
          -0.6123030185699463
        ],
        [
          -0.3856969475746155,
          0.47555533051490784,
          -0.790623128414154
        ],
        [
          0.7766667008399963,
          0.6299118399620056,
          -2.7534321489497415e-08
        ]
      ],
      "width": 0.0722893550992012,
      "height": 0.019999999552965164,
      "depth": 0.019999999552965164,
      "object_id": -1,
      "frame": "RealSense D455 aligned color camera frame",
      "rank": 13,
      "distance_to_object_center": 0.0271152314176268
    },
    {
      "score": 0.3035949468612671,
      "translation_camera": [
        -0.06374593079090118,
        0.034418538212776184,
        0.33900001645088196
      ],
      "rotation_matrix_camera": [
        [
          0.4980229139328003,
          -0.6140506863594055,
          -0.6123030185699463
        ],
        [
          -0.3856969475746155,
          0.47555533051490784,
          -0.790623128414154
        ],
        [
          0.7766667008399963,
          0.6299118399620056,
          -2.7534321489497415e-08
        ]
      ],
      "width": 0.07031334191560745,
      "height": 0.019999999552965164,
      "depth": 0.019999999552965164,
      "object_id": -1,
      "frame": "RealSense D455 aligned color camera frame",
      "rank": 14,
      "distance_to_object_center": 0.02587559745550041
    },
    {
      "score": 0.3016892373561859,
      "translation_camera": [
        -0.058987706899642944,
        0.024231601506471634,
        0.3320000171661377
      ],
      "rotation_matrix_camera": [
        [
          -0.9794528484344482,
          0.19562169909477234,
          -0.04903397709131241
        ],
        [
          -0.19537703692913055,
          -0.980679452419281,
          -0.009781085886061192
        ],
        [
          -0.05000000447034836,
          0.0,
          0.9987492561340332
        ]
      ],
      "width": 0.07475288212299347,
      "height": 0.019999999552965164,
      "depth": 0.029999999329447746,
      "object_id": -1,
      "frame": "RealSense D455 aligned color camera frame",
      "rank": 15,
      "distance_to_object_center": 0.016253659662087628
    },
    {
      "score": 0.301399290561676,
      "translation_camera": [
        -0.07447641342878342,
        0.034569308161735535,
        0.3320000171661377
      ],
      "rotation_matrix_camera": [
        [
          0.4980229139328003,
          -0.6140506863594055,
          -0.6123030185699463
        ],
        [
          -0.3856969475746155,
          0.47555533051490784,
          -0.790623128414154
        ],
        [
          0.7766667008399963,
          0.6299118399620056,
          -2.7534321489497415e-08
        ]
      ],
      "width": 0.06534899771213531,
      "height": 0.019999999552965164,
      "depth": 0.019999999552965164,
      "object_id": -1,
      "frame": "RealSense D455 aligned color camera frame",
      "rank": 16,
      "distance_to_object_center": 0.0268960607868355
    },
    {
      "score": 0.30135104060173035,
      "translation_camera": [
        -0.05776544287800789,
        0.03275560215115547,
        0.3400000333786011
      ],
      "rotation_matrix_camera": [
        [
          0.4980229139328003,
          -0.6140506863594055,
          -0.6123030185699463
        ],
        [
          -0.3856969475746155,
          0.47555533051490784,
          -0.790623128414154
        ],
        [
          0.7766667008399963,
          0.6299118399620056,
          -2.7534321489497415e-08
        ]
      ],
      "width": 0.07108279317617416,
      "height": 0.019999999552965164,
      "depth": 0.019999999552965164,
      "object_id": -1,
      "frame": "RealSense D455 aligned color camera frame",
      "rank": 17,
      "distance_to_object_center": 0.025620651371161304
    },
    {
      "score": 0.30028587579727173,
      "translation_camera": [
        -0.060749515891075134,
        0.0324665829539299,
        0.3370000123977661
      ],
      "rotation_matrix_camera": [
        [
          0.4980229139328003,
          -0.6140506863594055,
          -0.6123030185699463
        ],
        [
          -0.3856969475746155,
          0.47555533051490784,
          -0.790623128414154
        ],
        [
          0.7766667008399963,
          0.6299118399620056,
          -2.7534321489497415e-08
        ]
      ],
      "width": 0.06958341598510742,
      "height": 0.019999999552965164,
      "depth": 0.019999999552965164,
      "object_id": -1,
      "frame": "RealSense D455 aligned color camera frame",
      "rank": 18,
      "distance_to_object_center": 0.023952649487062896
    },
    {
      "score": 0.29707905650138855,
      "translation_camera": [
        -0.06453705579042435,
        0.03217756375670433,
        0.33400002121925354
      ],
      "rotation_matrix_camera": [
        [
          0.4980229139328003,
          -0.6140506863594055,
          -0.6123030185699463
        ],
        [
          -0.3856969475746155,
          0.47555533051490784,
          -0.790623128414154
        ],
        [
          0.7766667008399963,
          0.6299118399620056,
          -2.7534321489497415e-08
        ]
      ],
      "width": 0.06714396923780441,
      "height": 0.019999999552965164,
      "depth": 0.019999999552965164,
      "object_id": -1,
      "frame": "RealSense D455 aligned color camera frame",
      "rank": 19,
      "distance_to_object_center": 0.02291519124740526
    },
    {
      "score": 0.29474592208862305,
      "translation_camera": [
        -0.05571307986974716,
        0.021712379530072212,
        0.3330000340938568
      ],
      "rotation_matrix_camera": [
        [
          -0.9794528484344482,
          0.19562169909477234,
          -0.04903397709131241
        ],
        [
          -0.19537703692913055,
          -0.980679452419281,
          -0.009781085886061192
        ],
        [
          -0.05000000447034836,
          0.0,
          0.9987492561340332
        ]
      ],
      "width": 0.07552449405193329,
      "height": 0.019999999552965164,
      "depth": 0.029999999329447746,
      "object_id": -1,
      "frame": "RealSense D455 aligned color camera frame",
      "rank": 20,
      "distance_to_object_center": 0.015700723610760955
    },
    {
      "score": 0.29435649514198303,
      "translation_camera": [
        -0.06520691514015198,
        0.030353082343935966,
        0.3330000340938568
      ],
      "rotation_matrix_camera": [
        [
          0.4980229139328003,
          -0.6140506863594055,
          -0.6123030185699463
        ],
        [
          -0.3856969475746155,
          0.47555533051490784,
          -0.790623128414154
        ],
        [
          0.7766667008399963,
          0.6299118399620056,
          -2.7534321489497415e-08
        ]
      ],
      "width": 0.06427183747291565,
      "height": 0.019999999552965164,
      "depth": 0.019999999552965164,
      "object_id": -1,
      "frame": "RealSense D455 aligned color camera frame",
      "rank": 21,
      "distance_to_object_center": 0.021055646090420998
    },
    {
      "score": 0.2925350069999695,
      "translation_camera": [
        -0.056332431733608246,
        0.03383570536971092,
        0.34200000762939453
      ],
      "rotation_matrix_camera": [
        [
          0.4980229139328003,
          -0.6140506863594055,
          -0.6123030185699463
        ],
        [
          -0.3856969475746155,
          0.47555533051490784,
          -0.790623128414154
        ],
        [
          0.7766667008399963,
          0.6299118399620056,
          -2.7534321489497415e-08
        ]
      ],
      "width": 0.07109211385250092,
      "height": 0.019999999552965164,
      "depth": 0.019999999552965164,
      "object_id": -1,
      "frame": "RealSense D455 aligned color camera frame",
      "rank": 22,
      "distance_to_object_center": 0.027640138320439985
    },
    {
      "score": 0.2924002408981323,
      "translation_camera": [
        -0.07017399370670319,
        0.0328463576734066,
        0.3320000171661377
      ],
      "rotation_matrix_camera": [
        [
          0.4980229139328003,
          -0.6140506863594055,
          -0.6123030185699463
        ],
        [
          -0.3856969475746155,
          0.47555533051490784,
          -0.790623128414154
        ],
        [
          0.7766667008399963,
          0.6299118399620056,
          -2.7534321489497415e-08
        ]
      ],
      "width": 0.064145527780056,
      "height": 0.019999999552965164,
      "depth": 0.019999999552965164,
      "object_id": -1,
      "frame": "RealSense D455 aligned color camera frame",
      "rank": 23,
      "distance_to_object_center": 0.024063422342172652
    },
    {
      "score": 0.2919519245624542,
      "translation_camera": [
        -0.06231095641851425,
        0.03149838745594025,
        0.3360000252723694
      ],
      "rotation_matrix_camera": [
        [
          0.4980229139328003,
          -0.6140506863594055,
          -0.6123030185699463
        ],
        [
          -0.3856969475746155,
          0.47555533051490784,
          -0.790623128414154
        ],
        [
          0.7766667008399963,
          0.6299118399620056,
          -2.7534321489497415e-08
        ]
      ],
      "width": 0.0679982379078865,
      "height": 0.019999999552965164,
      "depth": 0.019999999552965164,
      "object_id": -1,
      "frame": "RealSense D455 aligned color camera frame",
      "rank": 24,
      "distance_to_object_center": 0.022604253498951427
    },
    {
      "score": 0.29137828946113586,
      "translation_camera": [
        -0.05657615512609482,
        0.023440519347786903,
        0.3330000340938568
      ],
      "rotation_matrix_camera": [
        [
          -0.9794528484344482,
          0.19562169909477234,
          -0.04903397709131241
        ],
        [
          -0.19537703692913055,
          -0.980679452419281,
          -0.009781085886061192
        ],
        [
          -0.05000000447034836,
          0.0,
          0.9987492561340332
        ]
      ],
      "width": 0.07505786418914795,
      "height": 0.019999999552965164,
      "depth": 0.029999999329447746,
      "object_id": -1,
      "frame": "RealSense D455 aligned color camera frame",
      "rank": 25,
      "distance_to_object_center": 0.01663011533417567
    },
    {
      "score": 0.2887548804283142,
      "translation_camera": [
        -0.059878040105104446,
        0.034723129123449326,
        0.34200000762939453
      ],
      "rotation_matrix_camera": [
        [
          0.4980229139328003,
          -0.6140506863594055,
          -0.6123030185699463
        ],
        [
          -0.3856969475746155,
          0.47555533051490784,
          -0.790623128414154
        ],
        [
          0.7766667008399963,
          0.6299118399620056,
          -2.7534321489497415e-08
        ]
      ],
      "width": 0.07262121140956879,
      "height": 0.019999999552965164,
      "depth": 0.019999999552965164,
      "object_id": -1,
      "frame": "RealSense D455 aligned color camera frame",
      "rank": 26,
      "distance_to_object_center": 0.027515787055356237
    },
    {
      "score": 0.28642067313194275,
      "translation_camera": [
        -0.07189496606588364,
        0.0328463576734066,
        0.3320000171661377
      ],
      "rotation_matrix_camera": [
        [
          0.4980229139328003,
          -0.6140506863594055,
          -0.6123030185699463
        ],
        [
          -0.3856969475746155,
          0.47555533051490784,
          -0.790623128414154
        ],
        [
          0.7766667008399963,
          0.6299118399620056,
          -2.7534321489497415e-08
        ]
      ],
      "width": 0.06472527235746384,
      "height": 0.019999999552965164,
      "depth": 0.019999999552965164,
      "object_id": -1,
      "frame": "RealSense D455 aligned color camera frame",
      "rank": 27,
      "distance_to_object_center": 0.02446834296065571
    },
    {
      "score": 0.28559479117393494,
      "translation_camera": [
        -0.05398692935705185,
        0.019120167940855026,
        0.3330000340938568
      ],
      "rotation_matrix_camera": [
        [
          -0.9794528484344482,
          0.19562169909477234,
          -0.04903397709131241
        ],
        [
          -0.19537703692913055,
          -0.980679452419281,
          -0.009781085886061192
        ],
        [
          -0.05000000447034836,
          0.0,
          0.9987492561340332
        ]
      ],
      "width": 0.07695778459310532,
      "height": 0.019999999552965164,
      "depth": 0.03999999910593033,
      "object_id": -1,
      "frame": "RealSense D455 aligned color camera frame",
      "rank": 28,
      "distance_to_object_center": 0.015001090666427139
    },
    {
      "score": 0.28045693039894104,
      "translation_camera": [
        -0.057386141270399094,
        0.03482465818524361,
        0.34300002455711365
      ],
      "rotation_matrix_camera": [
        [
          0.4980229139328003,
          -0.6140506863594055,
          -0.6123030185699463
        ],
        [
          -0.3856969475746155,
          0.47555533051490784,
          -0.790623128414154
        ],
        [
          0.7766667008399963,
          0.6299118399620056,
          -2.7534321489497415e-08
        ]
      ],
      "width": 0.07248833030462265,
      "height": 0.019999999552965164,
      "depth": 0.019999999552965164,
      "object_id": -1,
      "frame": "RealSense D455 aligned color camera frame",
      "rank": 29,
      "distance_to_object_center": 0.028542045391687313
    },
    {
      "score": 0.2798769176006317,
      "translation_camera": [
        -0.08592072874307632,
        0.03208122402429581,
        0.3330000340938568
      ],
      "rotation_matrix_camera": [
        [
          0.4980229139328003,
          -0.6140506863594055,
          -0.6123030185699463
        ],
        [
          -0.3856969475746155,
          0.47555533051490784,
          -0.790623128414154
        ],
        [
          0.7766667008399963,
          0.6299118399620056,
          -2.7534321489497415e-08
        ]
      ],
      "width": 0.06451544165611267,
      "height": 0.019999999552965164,
      "depth": 0.019999999552965164,
      "object_id": -1,
      "frame": "RealSense D455 aligned color camera frame",
      "rank": 30,
      "distance_to_object_center": 0.0307126604207764
    },
    {
      "score": 0.2789534330368042,
      "translation_camera": [
        -0.05554576963186264,
        0.016478322446346283,
        0.3320000171661377
      ],
      "rotation_matrix_camera": [
        [
          -0.9794528484344482,
          0.19562169909477234,
          -0.04903397709131241
        ],
        [
          -0.19537703692913055,
          -0.980679452419281,
          -0.009781085886061192
        ],
        [
          -0.05000000447034836,
          0.0,
          0.9987492561340332
        ]
      ],
      "width": 0.07891789078712463,
      "height": 0.019999999552965164,
      "depth": 0.029999999329447746,
      "object_id": -1,
      "frame": "RealSense D455 aligned color camera frame",
      "rank": 31,
      "distance_to_object_center": 0.012173532479567655
    },
    {
      "score": 0.2786703109741211,
      "translation_camera": [
        -0.05830167979001999,
        0.030808834359049797,
        0.33800002932548523
      ],
      "rotation_matrix_camera": [
        [
          0.4980229139328003,
          -0.6140506863594055,
          -0.6123030185699463
        ],
        [
          -0.3856969475746155,
          0.47555533051490784,
          -0.790623128414154
        ],
        [
          0.7766667008399963,
          0.6299118399620056,
          -2.7534321489497415e-08
        ]
      ],
      "width": 0.06898980587720871,
      "height": 0.019999999552965164,
      "depth": 0.019999999552965164,
      "object_id": -1,
      "frame": "RealSense D455 aligned color camera frame",
      "rank": 32,
      "distance_to_object_center": 0.023174421044664835
    },
    {
      "score": 0.2778756022453308,
      "translation_camera": [
        -0.0770578682422638,
        0.034569308161735535,
        0.3320000171661377
      ],
      "rotation_matrix_camera": [
        [
          0.4980229139328003,
          -0.6140506863594055,
          -0.6123030185699463
        ],
        [
          -0.3856969475746155,
          0.47555533051490784,
          -0.790623128414154
        ],
        [
          0.7766667008399963,
          0.6299118399620056,
          -2.7534321489497415e-08
        ]
      ],
      "width": 0.06463483721017838,
      "height": 0.019999999552965164,
      "depth": 0.019999999552965164,
      "object_id": -1,
      "frame": "RealSense D455 aligned color camera frame",
      "rank": 33,
      "distance_to_object_center": 0.02788027282363486
    },
    {
      "score": 0.27718865871429443,
      "translation_camera": [
        -0.05560815706849098,
        0.03482465818524361,
        0.34300002455711365
      ],
      "rotation_matrix_camera": [
        [
          0.4980229139328003,
          -0.6140506863594055,
          -0.6123030185699463
        ],
        [
          -0.3856969475746155,
          0.47555533051490784,
          -0.790623128414154
        ],
        [
          0.7766667008399963,
          0.6299118399620056,
          -2.7534321489497415e-08
        ]
      ],
      "width": 0.07171933352947235,
      "height": 0.019999999552965164,
      "depth": 0.019999999552965164,
      "object_id": -1,
      "frame": "RealSense D455 aligned color camera frame",
      "rank": 34,
      "distance_to_object_center": 0.029086768850584352
    },
    {
      "score": 0.2771323025226593,
      "translation_camera": [
        -0.052786823362112045,
        0.032060857862234116,
        0.34200000762939453
      ],
      "rotation_matrix_camera": [
        [
          0.4980229139328003,
          -0.6140506863594055,
          -0.6123030185699463
        ],
        [
          -0.3856969475746155,
          0.47555533051490784,
          -0.790623128414154
        ],
        [
          0.7766667008399963,
          0.6299118399620056,
          -2.7534321489497415e-08
        ]
      ],
      "width": 0.07143067568540573,
      "height": 0.019999999552965164,
      "depth": 0.019999999552965164,
      "object_id": -1,
      "frame": "RealSense D455 aligned color camera frame",
      "rank": 35,
      "distance_to_object_center": 0.027502093375140067
    },
    {
      "score": 0.2761152982711792,
      "translation_camera": [
        -0.05414905026555061,
        0.02091091498732567,
        0.33400002121925354
      ],
      "rotation_matrix_camera": [
        [
          -0.9794528484344482,
          0.19562169909477234,
          -0.04903397709131241
        ],
        [
          -0.19537703692913055,
          -0.980679452419281,
          -0.009781085886061192
        ],
        [
          -0.05000000447034836,
          0.0,
          0.9987492561340332
        ]
      ],
      "width": 0.07618534564971924,
      "height": 0.019999999552965164,
      "depth": 0.03999999910593033,
      "object_id": -1,
      "frame": "RealSense D455 aligned color camera frame",
      "rank": 36,
      "distance_to_object_center": 0.016148322711333783
    },
    {
      "score": 0.27549511194229126,
      "translation_camera": [
        -0.06308582425117493,
        0.037713341414928436,
        0.3450000286102295
      ],
      "rotation_matrix_camera": [
        [
          0.4980229139328003,
          -0.6140506863594055,
          -0.6123030185699463
        ],
        [
          -0.3856969475746155,
          0.47555533051490784,
          -0.790623128414154
        ],
        [
          0.7766667008399963,
          0.6299118399620056,
          -2.7534321489497415e-08
        ]
      ],
      "width": 0.07138416171073914,
      "height": 0.019999999552965164,
      "depth": 0.019999999552965164,
      "object_id": -1,
      "frame": "RealSense D455 aligned color camera frame",
      "rank": 37,
      "distance_to_object_center": 0.03092666920256012
    },
    {
      "score": 0.27472615242004395,
      "translation_camera": [
        -0.06348075717687607,
        0.02948901243507862,
        0.3330000340938568
      ],
      "rotation_matrix_camera": [
        [
          0.4980229139328003,
          -0.6140506863594055,
          -0.6123030185699463
        ],
        [
          -0.3856969475746155,
          0.47555533051490784,
          -0.790623128414154
        ],
        [
          0.7766667008399963,
          0.6299118399620056,
          -2.7534321489497415e-08
        ]
      ],
      "width": 0.06328942626714706,
      "height": 0.019999999552965164,
      "depth": 0.019999999552965164,
      "object_id": -1,
      "frame": "RealSense D455 aligned color camera frame",
      "rank": 38,
      "distance_to_object_center": 0.02027530052495166
    },
    {
      "score": 0.2746291756629944,
      "translation_camera": [
        -0.06129031628370285,
        0.034520070999860764,
        0.3400000333786011
      ],
      "rotation_matrix_camera": [
        [
          0.4980229139328003,
          -0.6140506863594055,
          -0.6123030185699463
        ],
        [
          -0.3856969475746155,
          0.47555533051490784,
          -0.790623128414154
        ],
        [
          0.7766667008399963,
          0.6299118399620056,
          -2.7534321489497415e-08
        ]
      ],
      "width": 0.07061965018510818,
      "height": 0.019999999552965164,
      "depth": 0.019999999552965164,
      "object_id": -1,
      "frame": "RealSense D455 aligned color camera frame",
      "rank": 39,
      "distance_to_object_center": 0.026484782780344718
    },
    {
      "score": 0.2744765877723694,
      "translation_camera": [
        -0.0550147145986557,
        0.022644245997071266,
        0.33400002121925354
      ],
      "rotation_matrix_camera": [
        [
          -0.9794528484344482,
          0.19562169909477234,
          -0.04903397709131241
        ],
        [
          -0.19537703692913055,
          -0.980679452419281,
          -0.009781085886061192
        ],
        [
          -0.05000000447034836,
          0.0,
          0.9987492561340332
        ]
      ],
      "width": 0.07555145770311356,
      "height": 0.019999999552965164,
      "depth": 0.029999999329447746,
      "object_id": -1,
      "frame": "RealSense D455 aligned color camera frame",
      "rank": 40,
      "distance_to_object_center": 0.016894722563649992
    },
    {
      "score": 0.2744235098361969,
      "translation_camera": [
        -0.06056925281882286,
        0.030626533553004265,
        0.3360000252723694
      ],
      "rotation_matrix_camera": [
        [
          0.4980229139328003,
          -0.6140506863594055,
          -0.6123030185699463
        ],
        [
          -0.3856969475746155,
          0.47555533051490784,
          -0.790623128414154
        ],
        [
          0.7766667008399963,
          0.6299118399620056,
          -2.7534321489497415e-08
        ]
      ],
      "width": 0.0670529380440712,
      "height": 0.019999999552965164,
      "depth": 0.019999999552965164,
      "object_id": -1,
      "frame": "RealSense D455 aligned color camera frame",
      "rank": 41,
      "distance_to_object_center": 0.02205751319189336
    },
    {
      "score": 0.2739110291004181,
      "translation_camera": [
        -0.06487417966127396,
        0.038608551025390625,
        0.3450000286102295
      ],
      "rotation_matrix_camera": [
        [
          0.4980229139328003,
          -0.6140506863594055,
          -0.6123030185699463
        ],
        [
          -0.3856969475746155,
          0.47555533051490784,
          -0.790623128414154
        ],
        [
          0.7766667008399963,
          0.6299118399620056,
          -2.7534321489497415e-08
        ]
      ],
      "width": 0.0714908167719841,
      "height": 0.019999999552965164,
      "depth": 0.019999999552965164,
      "object_id": -1,
      "frame": "RealSense D455 aligned color camera frame",
      "rank": 42,
      "distance_to_object_center": 0.03167530866271337
    },
    {
      "score": 0.2729811370372772,
      "translation_camera": [
        -0.05440009757876396,
        0.031082283705472946,
        0.3410000205039978
      ],
      "rotation_matrix_camera": [
        [
          0.4980229139328003,
          -0.6140506863594055,
          -0.6123030185699463
        ],
        [
          -0.3856969475746155,
          0.47555533051490784,
          -0.790623128414154
        ],
        [
          0.7766667008399963,
          0.6299118399620056,
          -2.7534321489497415e-08
        ]
      ],
      "width": 0.07057821750640869,
      "height": 0.019999999552965164,
      "depth": 0.019999999552965164,
      "object_id": -1,
      "frame": "RealSense D455 aligned color camera frame",
      "rank": 43,
      "distance_to_object_center": 0.025649945287060834
    },
    {
      "score": 0.2717323303222656,
      "translation_camera": [
        -0.06323820352554321,
        0.03550642728805542,
        0.3410000205039978
      ],
      "rotation_matrix_camera": [
        [
          0.4980229139328003,
          -0.6140506863594055,
          -0.6123030185699463
        ],
        [
          -0.3856969475746155,
          0.47555533051490784,
          -0.790623128414154
        ],
        [
          0.7766667008399963,
          0.6299118399620056,
          -2.7534321489497415e-08
        ]
      ],
      "width": 0.07146336138248444,
      "height": 0.019999999552965164,
      "depth": 0.019999999552965164,
      "object_id": -1,
      "frame": "RealSense D455 aligned color camera frame",
      "rank": 44,
      "distance_to_object_center": 0.02748178639855453
    },
    {
      "score": 0.27098479866981506,
      "translation_camera": [
        -0.06280572712421417,
        0.030444230884313583,
        0.33400002121925354
      ],
      "rotation_matrix_camera": [
        [
          0.4980229139328003,
          -0.6140506863594055,
          -0.6123030185699463
        ],
        [
          -0.3856969475746155,
          0.47555533051490784,
          -0.790623128414154
        ],
        [
          0.7766667008399963,
          0.6299118399620056,
          -2.7534321489497415e-08
        ]
      ],
      "width": 0.06555461883544922,
      "height": 0.019999999552965164,
      "depth": 0.019999999552965164,
      "object_id": -1,
      "frame": "RealSense D455 aligned color camera frame",
      "rank": 45,
      "distance_to_object_center": 0.021319472559583903
    },
    {
      "score": 0.2708897590637207,
      "translation_camera": [
        -0.05600300803780556,
        0.03099113516509533,
        0.3400000333786011
      ],
      "rotation_matrix_camera": [
        [
          0.4980229139328003,
          -0.6140506863594055,
          -0.6123030185699463
        ],
        [
          -0.3856969475746155,
          0.47555533051490784,
          -0.790623128414154
        ],
        [
          0.7766667008399963,
          0.6299118399620056,
          -2.7534321489497415e-08
        ]
      ],
      "width": 0.06964562833309174,
      "height": 0.019999999552965164,
      "depth": 0.019999999552965164,
      "object_id": -1,
      "frame": "RealSense D455 aligned color camera frame",
      "rank": 46,
      "distance_to_object_center": 0.024627277729963638
    },
    {
      "score": 0.2698627710342407,
      "translation_camera": [
        -0.06449809670448303,
        0.0374947153031826,
        0.34300002455711365
      ],
      "rotation_matrix_camera": [
        [
          0.4980229139328003,
          -0.6140506863594055,
          -0.6123030185699463
        ],
        [
          -0.3856969475746155,
          0.47555533051490784,
          -0.790623128414154
        ],
        [
          0.7766667008399963,
          0.6299118399620056,
          -2.7534321489497415e-08
        ]
      ],
      "width": 0.07126250863075256,
      "height": 0.019999999552965164,
      "depth": 0.019999999552965164,
      "object_id": -1,
      "frame": "RealSense D455 aligned color camera frame",
      "rank": 47,
      "distance_to_object_center": 0.0299291083883371
    },
    {
      "score": 0.268820583820343,
      "translation_camera": [
        -0.06931351125240326,
        0.031123405322432518,
        0.3320000171661377
      ],
      "rotation_matrix_camera": [
        [
          0.4980229139328003,
          -0.6140506863594055,
          -0.6123030185699463
        ],
        [
          -0.3856969475746155,
          0.47555533051490784,
