{
  "success": true,
  "method": "graspnet_baseline_d455",
  "num_candidates": 331,
  "object_center_camera": [
    0.05734033068847509,
    -0.11050354692081797,
    0.3920000195503235
  ],
  "candidates": [
    {
      "score": 0.7635784149169922,
      "translation_camera": [
        0.0663234293460846,
        -0.14476656913757324,
        0.3850000202655792
      ],
      "rotation_matrix_camera": [
        [
          0.05689249932765961,
          0.9917080998420715,
          -0.11523126810789108
        ],
        [
          -0.43903547525405884,
          0.12851069867610931,
          0.8892316222190857
        ],
        [
          0.8966667056083679,
          0.0,
          0.44270631670951843
        ]
      ],
      "width": 0.08018548786640167,
      "height": 0.019999999552965164,
      "depth": 0.029999999329447746,
      "object_id": -1,
      "frame": "RealSense D455 aligned color camera frame",
      "rank": 0,
      "distance_to_object_center": 0.036106103956320613
    },
    {
      "score": 0.6896260380744934,
      "translation_camera": [
        0.06732155382633209,
        -0.1427680253982544,
        0.3850000202655792
      ],
      "rotation_matrix_camera": [
        [
          0.05689249932765961,
          0.9917080998420715,
          -0.11523126810789108
        ],
        [
          -0.43903547525405884,
          0.12851069867610931,
          0.8892316222190857
        ],
        [
          0.8966667056083679,
          0.0,
          0.44270631670951843
        ]
      ],
      "width": 0.08213933557271957,
      "height": 0.019999999552965164,
      "depth": 0.029999999329447746,
      "object_id": -1,
      "frame": "RealSense D455 aligned color camera frame",
      "rank": 1,
      "distance_to_object_center": 0.03449088831467045
    },
    {
      "score": 0.6520646214485168,
      "translation_camera": [
        0.07031591981649399,
        -0.1427680253982544,
        0.3850000202655792
      ],
      "rotation_matrix_camera": [
        [
          0.05689249932765961,
          0.9917080998420715,
          -0.11523126810789108
        ],
        [
          -0.43903547525405884,
          0.12851069867610931,
          0.8892316222190857
        ],
        [
          0.8966667056083679,
          0.0,
          0.44270631670951843
        ]
      ],
      "width": 0.08444491028785706,
      "height": 0.019999999552965164,
      "depth": 0.029999999329447746,
      "object_id": -1,
      "frame": "RealSense D455 aligned color camera frame",
      "rank": 2,
      "distance_to_object_center": 0.035473405173827625
    },
    {
      "score": 0.45479002594947815,
      "translation_camera": [
        0.05534408614039421,
        -0.15376003086566925,
        0.3850000202655792
      ],
      "rotation_matrix_camera": [
        [
          0.05689249932765961,
          0.9917080998420715,
          -0.11523126810789108
        ],
        [
          -0.43903547525405884,
          0.12851069867610931,
          0.8892316222190857
        ],
        [
          0.8966667056083679,
          0.0,
          0.44270631670951843
        ]
      ],
      "width": 0.08180856704711914,
      "height": 0.019999999552965164,
      "depth": 0.029999999329447746,
      "object_id": -1,
      "frame": "RealSense D455 aligned color camera frame",
      "rank": 3,
      "distance_to_object_center": 0.043864659870485025
    },
    {
      "score": 0.45224282145500183,
      "translation_camera": [
        0.05248569697141647,
        -0.1511538028717041,
        0.38600003719329834
      ],
      "rotation_matrix_camera": [
        [
          0.05689249932765961,
          0.9917080998420715,
          -0.11523126810789108
        ],
        [
          -0.43903547525405884,
          0.12851069867610931,
          0.8892316222190857
        ],
        [
          0.8966667056083679,
          0.0,
          0.44270631670951843
        ]
      ],
      "width": 0.08374012261629105,
      "height": 0.019999999552965164,
      "depth": 0.029999999329447746,
      "object_id": -1,
      "frame": "RealSense D455 aligned color camera frame",
      "rank": 4,
      "distance_to_object_center": 0.04137644940886021
    },
    {
      "score": 0.4515373110771179,
      "translation_camera": [
        0.0534864105284214,
        -0.1531575471162796,
        0.38600003719329834
      ],
      "rotation_matrix_camera": [
        [
          0.05689249932765961,
          0.9917080998420715,
          -0.11523126810789108
        ],
        [
          -0.43903547525405884,
          0.12851069867610931,
          0.8892316222190857
        ],
        [
          0.8966667056083679,
          0.0,
          0.44270631670951843
        ]
      ],
      "width": 0.0818411260843277,
      "height": 0.019999999552965164,
      "depth": 0.029999999329447746,
      "object_id": -1,
      "frame": "RealSense D455 aligned color camera frame",
      "rank": 5,
      "distance_to_object_center": 0.043245996595744234
    },
    {
      "score": 0.45043113827705383,
      "translation_camera": [
        0.04684266075491905,
        -0.15535753965377808,
        0.3890000283718109
      ],
      "rotation_matrix_camera": [
        [
          0.05689249932765961,
          0.9917080998420715,
          -0.11523126810789108
        ],
        [
          -0.43903547525405884,
          0.12851069867610931,
          0.8892316222190857
        ],
        [
          0.8966667056083679,
          0.0,
          0.44270631670951843
        ]
      ],
      "width": 0.08403755724430084,
      "height": 0.019999999552965164,
      "depth": 0.029999999329447746,
      "object_id": -1,
      "frame": "RealSense D455 aligned color camera frame",
      "rank": 6,
      "distance_to_object_center": 0.04616364029399629
    },
    {
      "score": 0.444661945104599,
      "translation_camera": [
        0.05434596538543701,
        -0.15076221525669098,
        0.3850000202655792
      ],
      "rotation_matrix_camera": [
        [
          0.05689249932765961,
          0.9917080998420715,
          -0.11523126810789108
        ],
        [
          -0.43903547525405884,
          0.12851069867610931,
          0.8892316222190857
        ],
        [
          0.8966667056083679,
          0.0,
          0.44270631670951843
        ]
      ],
      "width": 0.0832739919424057,
      "height": 0.019999999552965164,
      "depth": 0.029999999329447746,
      "object_id": -1,
      "frame": "RealSense D455 aligned color camera frame",
      "rank": 7,
      "distance_to_object_center": 0.040972266104430714
    },
    {
      "score": 0.43524977564811707,
      "translation_camera": [
        0.05061505362391472,
        -0.1525498628616333,
        0.38700002431869507
      ],
      "rotation_matrix_camera": [
        [
          0.05689249932765961,
          0.9917080998420715,
          -0.11523126810789108
        ],
        [
          -0.43903547525405884,
          0.12851069867610931,
          0.8892316222190857
        ],
        [
          0.8966667056083679,
          0.0,
          0.44270631670951843
        ]
      ],
      "width": 0.08362844586372375,
      "height": 0.019999999552965164,
      "depth": 0.029999999329447746,
      "object_id": -1,
      "frame": "RealSense D455 aligned color camera frame",
      "rank": 8,
      "distance_to_object_center": 0.042873324901461396
    },
    {
      "score": 0.4305937588214874,
      "translation_camera": [
        0.05809832736849785,
        0.03928782045841217,
        0.3970000147819519
      ],
      "rotation_matrix_camera": [
        [
          0.4980229139328003,
          -0.6140506863594055,
          -0.6123030185699463
        ],
        [
          -0.3856969475746155,
          0.47555533051490784,
          -0.790623128414154
        ],
        [
          0.7766667008399963,
          0.6299118399620056,
          -2.7534321489497415e-08
        ]
      ],
      "width": 0.05765148252248764,
      "height": 0.019999999552965164,
      "depth": 0.019999999552965164,
      "object_id": -1,
      "frame": "RealSense D455 aligned color camera frame",
      "rank": 9,
      "distance_to_object_center": 0.14987671017413856
    },
    {
      "score": 0.42765986919403076,
      "translation_camera": [
        0.0534864105284214,
        -0.14614446461200714,
        0.38600003719329834
      ],
      "rotation_matrix_camera": [
        [
          0.05689249932765961,
          0.9917080998420715,
          -0.11523126810789108
        ],
        [
          -0.43903547525405884,
          0.12851069867610931,
          0.8892316222190857
        ],
        [
          0.8966667056083679,
          0.0,
          0.44270631670951843
        ]
      ],
      "width": 0.08275923132896423,
      "height": 0.019999999552965164,
      "depth": 0.029999999329447746,
      "object_id": -1,
      "frame": "RealSense D455 aligned color camera frame",
      "rank": 10,
      "distance_to_object_center": 0.03634731768308086
    },
    {
      "score": 0.42425864934921265,
      "translation_camera": [
        0.06118602678179741,
        0.03619656711816788,
        0.3970000147819519
      ],
      "rotation_matrix_camera": [
        [
          0.4980229139328003,
          -0.6140506863594055,
          -0.6123030185699463
        ],
        [
          -0.3856969475746155,
          0.47555533051490784,
          -0.790623128414154
        ],
        [
          0.7766667008399963,
          0.6299118399620056,
          -2.7534321489497415e-08
        ]
      ],
      "width": 0.06050533428788185,
      "height": 0.019999999552965164,
      "depth": 0.019999999552965164,
      "object_id": -1,
      "frame": "RealSense D455 aligned color camera frame",
      "rank": 11,
      "distance_to_object_center": 0.1468356659323952
    },
    {
      "score": 0.4128449559211731,
      "translation_camera": [
        0.060156792402267456,
        0.038257401436567307,
        0.3970000147819519
      ],
      "rotation_matrix_camera": [
        [
          0.4980229139328003,
          -0.6140506863594055,
          -0.6123030185699463
        ],
        [
          -0.3856969475746155,
          0.47555533051490784,
          -0.790623128414154
        ],
        [
          0.7766667008399963,
          0.6299118399620056,
          -2.7534321489497415e-08
        ]
      ],
      "width": 0.06036808714270592,
      "height": 0.019999999552965164,
      "depth": 0.019999999552965164,
      "object_id": -1,
      "frame": "RealSense D455 aligned color camera frame",
      "rank": 12,
      "distance_to_object_center": 0.1488715962334327
    },
    {
      "score": 0.41145938634872437,
      "translation_camera": [
        0.05734033137559891,
        -0.15076221525669098,
        0.3850000202655792
      ],
      "rotation_matrix_camera": [
        [
          0.05689249932765961,
          0.9917080998420715,
          -0.11523126810789108
        ],
        [
          -0.43903547525405884,
          0.12851069867610931,
          0.8892316222190857
        ],
        [
          0.8966667056083679,
          0.0,
          0.44270631670951843
        ]
      ],
      "width": 0.0812302753329277,
      "height": 0.019999999552965164,
      "depth": 0.029999999329447746,
      "object_id": -1,
      "frame": "RealSense D455 aligned color camera frame",
      "rank": 13,
      "distance_to_object_center": 0.04086270140561248
    },
    {
      "score": 0.4042975902557373,
      "translation_camera": [
        0.06324449181556702,
        0.03928782045841217,
        0.3970000147819519
      ],
      "rotation_matrix_camera": [
        [
          0.4980229139328003,
          -0.6140506863594055,
          -0.6123030185699463
        ],
        [
          -0.3856969475746155,
          0.47555533051490784,
          -0.790623128414154
        ],
        [
          0.7766667008399963,
          0.6299118399620056,
          -2.7534321489497415e-08
        ]
      ],
      "width": 0.05653132125735283,
      "height": 0.019999999552965164,
      "depth": 0.019999999552965164,
      "object_id": -1,
      "frame": "RealSense D455 aligned color camera frame",
      "rank": 14,
      "distance_to_object_center": 0.14999104244010864
    },
    {
      "score": 0.4037577211856842,
      "translation_camera": [
        0.055010631680488586,
        0.03928782045841217,
        0.3970000147819519
      ],
      "rotation_matrix_camera": [
        [
          0.4980229139328003,
          -0.6140506863594055,
          -0.6123030185699463
        ],
        [
          -0.3856969475746155,
          0.47555533051490784,
          -0.790623128414154
        ],
        [
          0.7766667008399963,
          0.6299118399620056,
          -2.7534321489497415e-08
        ]
      ],
      "width": 0.05549135431647301,
      "height": 0.019999999552965164,
      "depth": 0.019999999552965164,
      "object_id": -1,
      "frame": "RealSense D455 aligned color camera frame",
      "rank": 15,
      "distance_to_object_center": 0.14989289906838021
    },
    {
      "score": 0.3993513882160187,
      "translation_camera": [
        0.05734033137559891,
        -0.14576584100723267,
        0.3850000202655792
      ],
      "rotation_matrix_camera": [
        [
          0.05689249932765961,
          -0.9877405166625977,
          -0.14536793529987335
        ],
        [
          -0.43903547525405884,
          0.10601813346147537,
          -0.8921928405761719
        ],
        [
          0.8966667056083679,
          0.11458075791597366,
          -0.4276214838027954
        ]
      ],
      "width": 0.07871147245168686,
      "height": 0.019999999552965164,
      "depth": 0.029999999329447746,
      "object_id": -1,
      "frame": "RealSense D455 aligned color camera frame",
      "rank": 16,
      "distance_to_object_center": 0.0359503737702853
    },
    {
      "score": 0.39894071221351624,
      "translation_camera": [
        0.05398139730095863,
        0.03619656711816788,
        0.3970000147819519
      ],
      "rotation_matrix_camera": [
        [
          0.4980229139328003,
          -0.6140506863594055,
          -0.6123030185699463
        ],
        [
          -0.3856969475746155,
          0.47555533051490784,
          -0.790623128414154
        ],
        [
          0.7766667008399963,
          0.6299118399620056,
          -2.7534321489497415e-08
        ]
      ],
      "width": 0.0550362765789032,
      "height": 0.019999999552965164,
      "depth": 0.019999999552965164,
      "object_id": -1,
      "frame": "RealSense D455 aligned color camera frame",
      "rank": 17,
      "distance_to_object_center": 0.14682372371272137
    },
    {
      "score": 0.39887821674346924,
      "translation_camera": [
        0.057069096714258194,
        0.03722698614001274,
        0.3970000147819519
      ],
      "rotation_matrix_camera": [
        [
          0.4980229139328003,
          -0.6140506863594055,
          -0.6123030185699463
        ],
        [
          -0.3856969475746155,
          0.47555533051490784,
          -0.790623128414154
        ],
        [
          0.7766667008399963,
          0.6299118399620056,
          -2.7534321489497415e-08
        ]
      ],
      "width": 0.05827650800347328,
      "height": 0.019999999552965164,
      "depth": 0.019999999552965164,
      "object_id": -1,
      "frame": "RealSense D455 aligned color camera frame",
      "rank": 18,
      "distance_to_object_center": 0.147815371049909
    },
    {
      "score": 0.3968152403831482,
      "translation_camera": [
        0.05634220689535141,
        -0.14876367151737213,
        0.3850000202655792
      ],
      "rotation_matrix_camera": [
        [
          0.05689249932765961,
          0.9917080998420715,
          -0.11523126810789108
        ],
        [
          -0.43903547525405884,
          0.12851069867610931,
          0.8892316222190857
        ],
        [
          0.8966667056083679,
          0.0,
          0.44270631670951843
        ]
      ],
      "width": 0.08056201785802841,
      "height": 0.019999999552965164,
      "depth": 0.029999999329447746,
      "object_id": -1,
      "frame": "RealSense D455 aligned color camera frame",
      "rank": 19,
      "distance_to_object_center": 0.03890801171014356
    },
    {
      "score": 0.39399251341819763,
      "translation_camera": [
        0.05448712408542633,
        -0.14213699102401733,
        0.38600003719329834
      ],
      "rotation_matrix_camera": [
        [
          0.05689249932765961,
          -0.9877405166625977,
          -0.14536793529987335
        ],
        [
          -0.43903547525405884,
          0.10601813346147537,
          -0.8921928405761719
        ],
        [
          0.8966667056083679,
          0.11458075791597366,
          -0.4276214838027954
        ]
      ],
      "width": 0.08070708066225052,
      "height": 0.019999999552965164,
      "depth": 0.029999999329447746,
      "object_id": -1,
      "frame": "RealSense D455 aligned color camera frame",
      "rank": 20,
      "distance_to_object_center": 0.03232360379095334
    },
    {
      "score": 0.39395737648010254,
      "translation_camera": [
        0.059336576610803604,
        -0.1427680253982544,
        0.3850000202655792
      ],
      "rotation_matrix_camera": [
        [
          0.05689249932765961,
          -0.9877405166625977,
          -0.14536793529987335
        ],
        [
          -0.43903547525405884,
          0.10601813346147537,
          -0.8921928405761719
        ],
        [
          0.8966667056083679,
          0.11458075791597366,
          -0.4276214838027954
        ]
      ],
      "width": 0.08078571408987045,
      "height": 0.019999999552965164,
      "depth": 0.029999999329447746,
      "object_id": -1,
      "frame": "RealSense D455 aligned color camera frame",
      "rank": 21,
      "distance_to_object_center": 0.03307539204892047
    },
    {
      "score": 0.39228692650794983,
      "translation_camera": [
        0.06427372246980667,
        0.03619656711816788,
        0.3970000147819519
      ],
      "rotation_matrix_camera": [
        [
          0.4980229139328003,
          -0.6140506863594055,
          -0.6123030185699463
        ],
        [
          -0.3856969475746155,
          0.47555533051490784,
          -0.790623128414154
        ],
        [
          0.7766667008399963,
          0.6299118399620056,
          -2.7534321489497415e-08
        ]
      ],
      "width": 0.06195630878210068,
      "height": 0.019999999552965164,
      "depth": 0.019999999552965164,
      "object_id": -1,
      "frame": "RealSense D455 aligned color camera frame",
      "rank": 22,
      "distance_to_object_center": 0.14694895485494683
    },
    {
      "score": 0.39226827025413513,
      "translation_camera": [
        0.0591275617480278,
        0.03619656711816788,
        0.3970000147819519
      ],
      "rotation_matrix_camera": [
        [
          0.4980229139328003,
          -0.6140506863594055,
          -0.6123030185699463
        ],
        [
          -0.3856969475746155,
          0.47555533051490784,
          -0.790623128414154
        ],
        [
          0.7766667008399963,
          0.6299118399620056,
          -2.7534321489497415e-08
        ]
      ],
      "width": 0.05919669196009636,
      "height": 0.019999999552965164,
      "depth": 0.019999999552965164,
      "object_id": -1,
      "frame": "RealSense D455 aligned color camera frame",
      "rank": 23,
      "distance_to_object_center": 0.14679617708315157
    },
    {
      "score": 0.3896181285381317,
      "translation_camera": [
        0.062215257436037064,
        0.03413572907447815,
        0.3970000147819519
      ],
      "rotation_matrix_camera": [
        [
          0.32332366704940796,
          -0.5531456470489502,
          -0.7677836418151855
        ],
        [
          -0.38744980096817017,
          0.6628532409667969,
          -0.6407091617584229
        ],
        [
          0.8633333444595337,
          0.5046340823173523,
          -2.2058255666479454e-08
        ]
      ],
      "width": 0.06787261366844177,
      "height": 0.019999999552965164,
      "depth": 0.019999999552965164,
      "object_id": -1,
      "frame": "RealSense D455 aligned color camera frame",
      "rank": 24,
      "distance_to_object_center": 0.1448077519456533
    },
    {
      "score": 0.3886948525905609,
      "translation_camera": [
        0.05520515888929367,
        -0.01777932420372963,
        0.406000018119812
      ],
      "rotation_matrix_camera": [
        [
          0.4980229139328003,
          -0.6140506863594055,
          -0.6123030185699463
        ],
        [
          -0.3856969475746155,
          0.47555533051490784,
          -0.790623128414154
        ],
        [
          0.7766667008399963,
          0.6299118399620056,
          -2.7534321489497415e-08
        ]
      ],
      "width": 0.06731659919023514,
      "height": 0.019999999552965164,
      "depth": 0.019999999552965164,
      "object_id": -1,
      "frame": "RealSense D455 aligned color camera frame",
      "rank": 25,
      "distance_to_object_center": 0.09379946906590624
    },
    {
      "score": 0.38388222455978394,
      "translation_camera": [
        0.0603346973657608,
        -0.14576584100723267,
        0.3850000202655792
      ],
      "rotation_matrix_camera": [
        [
          0.05689249932765961,
          -0.9877405166625977,
          -0.14536793529987335
        ],
        [
          -0.43903547525405884,
          0.10601813346147537,
          -0.8921928405761719
        ],
        [
          0.8966667056083679,
          0.11458075791597366,
          -0.4276214838027954
        ]
      ],
      "width": 0.07647565007209778,
      "height": 0.019999999552965164,
      "depth": 0.029999999329447746,
      "object_id": -1,
      "frame": "RealSense D455 aligned color camera frame",
      "rank": 26,
      "distance_to_object_center": 0.03607486113654848
    },
    {
      "score": 0.3828578591346741,
      "translation_camera": [
        0.05716913193464279,
        -0.014581984840333462,
        0.4050000309944153
      ],
      "rotation_matrix_camera": [
        [
          0.4980229139328003,
          -0.6140506863594055,
          -0.6123030185699463
        ],
        [
          -0.3856969475746155,
          0.47555533051490784,
          -0.790623128414154
        ],
        [
          0.7766667008399963,
          0.6299118399620056,
          -2.7534321489497415e-08
        ]
      ],
      "width": 0.06631166487932205,
      "height": 0.019999999552965164,
      "depth": 0.019999999552965164,
      "object_id": -1,
      "frame": "RealSense D455 aligned color camera frame",
      "rank": 27,
      "distance_to_object_center": 0.09679863469347114
    },
    {
      "score": 0.38223716616630554,
      "translation_camera": [
        0.05018835514783859,
        -0.015748968347907066,
        0.40800002217292786
      ],
      "rotation_matrix_camera": [
        [
          0.4980229139328003,
          -0.6140506863594055,
          -0.6123030185699463
        ],
        [
          -0.3856969475746155,
          0.47555533051490784,
          -0.790623128414154
        ],
        [
          0.7766667008399963,
          0.6299118399620056,
          -2.7534321489497415e-08
        ]
      ],
      "width": 0.07218899577856064,
      "height": 0.019999999552965164,
      "depth": 0.019999999552965164,
      "object_id": -1,
      "frame": "RealSense D455 aligned color camera frame",
      "rank": 28,
      "distance_to_object_center": 0.09636171957051802
    },
    {
      "score": 0.37917062640190125,
      "translation_camera": [
        0.05204746499657631,
        -0.01672554574906826,
        0.406000018119812
      ],
      "rotation_matrix_camera": [
        [
          0.4980229139328003,
          -0.6140506863594055,
          -0.6123030185699463
        ],
        [
          -0.3856969475746155,
          0.47555533051490784,
          -0.790623128414154
        ],
        [
          0.7766667008399963,
          0.6299118399620056,
          -2.7534321489497415e-08
        ]
      ],
      "width": 0.07005578279495239,
      "height": 0.019999999552965164,
      "depth": 0.019999999552965164,
      "object_id": -1,
      "frame": "RealSense D455 aligned color camera frame",
      "rank": 29,
      "distance_to_object_center": 0.09496487714385171
    },
    {
      "score": 0.3784966468811035,
      "translation_camera": [
        0.05415259301662445,
        -0.01567176729440689,
        0.406000018119812
      ],
      "rotation_matrix_camera": [
        [
          0.4980229139328003,
          -0.6140506863594055,
          -0.6123030185699463
        ],
        [
          -0.3856969475746155,
          0.47555533051490784,
          -0.790623128414154
        ],
        [
          0.7766667008399963,
          0.6299118399620056,
          -2.7534321489497415e-08
        ]
      ],
      "width": 0.07074417173862457,
      "height": 0.019999999552965164,
      "depth": 0.019999999552965164,
      "object_id": -1,
      "frame": "RealSense D455 aligned color camera frame",
      "rank": 30,
      "distance_to_object_center": 0.09591260635871811
    },
    {
      "score": 0.3709886968135834,
      "translation_camera": [
        0.05603986233472824,
        0.03516614809632301,
        0.3970000147819519
      ],
      "rotation_matrix_camera": [
        [
          0.4980229139328003,
          -0.6140506863594055,
          -0.6123030185699463
        ],
        [
          -0.3856969475746155,
          0.47555533051490784,
          -0.790623128414154
        ],
        [
          0.7766667008399963,
          0.6299118399620056,
          -2.7534321489497415e-08
        ]
      ],
      "width": 0.056506864726543427,
      "height": 0.019999999552965164,
      "depth": 0.019999999552965164,
      "object_id": -1,
      "frame": "RealSense D455 aligned color camera frame",
      "rank": 31,
      "distance_to_object_center": 0.14576128161018026
    },
    {
      "score": 0.36892157793045044,
      "translation_camera": [
        0.05548784136772156,
        -0.14414073526859283,
        0.38600003719329834
      ],
      "rotation_matrix_camera": [
        [
          0.05689249932765961,
          -0.9877405166625977,
          -0.14536793529987335
        ],
        [
          -0.43903547525405884,
          0.10601813346147537,
          -0.8921928405761719
        ],
        [
          0.8966667056083679,
          0.11458075791597366,
          -0.4276214838027954
        ]
      ],
      "width": 0.07845458388328552,
      "height": 0.019999999552965164,
      "depth": 0.029999999329447746,
      "object_id": -1,
      "frame": "RealSense D455 aligned color camera frame",
      "rank": 32,
      "distance_to_object_center": 0.03421829839299143
    },
    {
      "score": 0.36280202865600586,
      "translation_camera": [
        0.056886814534664154,
        -0.0124179907143116,
        0.40300002694129944
      ],
      "rotation_matrix_camera": [
        [
          0.4980229139328003,
          -0.6140506863594055,
          -0.6123030185699463
        ],
        [
          -0.3856969475746155,
          0.47555533051490784,
          -0.790623128414154
        ],
        [
          0.7766667008399963,
          0.6299118399620056,
          -2.7534321489497415e-08
        ]
      ],
      "width": 0.06756341457366943,
      "height": 0.019999999552965164,
      "depth": 0.029999999329447746,
      "object_id": -1,
      "frame": "RealSense D455 aligned color camera frame",
      "rank": 33,
      "distance_to_object_center": 0.09870148010968738
    },
    {
      "score": 0.3583034574985504,
      "translation_camera": [
        0.05048426613211632,
        -0.1451425999403,
        0.38600003719329834
      ],
      "rotation_matrix_camera": [
        [
          0.05689249932765961,
          -0.9877405166625977,
          -0.14536793529987335
        ],
        [
          -0.43903547525405884,
          0.10601813346147537,
          -0.8921928405761719
        ],
        [
          0.8966667056083679,
          0.11458075791597366,
          -0.4276214838027954
        ]
      ],
      "width": 0.07773149013519287,
      "height": 0.019999999552965164,
      "depth": 0.029999999329447746,
      "object_id": -1,
      "frame": "RealSense D455 aligned color camera frame",
      "rank": 34,
      "distance_to_object_center": 0.035817166325270045
    },
    {
      "score": 0.35784658789634705,
      "translation_camera": [
        0.062169045209884644,
        -0.14538724720478058,
        0.3840000331401825
      ],
      "rotation_matrix_camera": [
        [
          0.05689249932765961,
          -0.9877405166625977,
          -0.14536793529987335
        ],
        [
          -0.43903547525405884,
          0.10601813346147537,
          -0.8921928405761719
        ],
        [
          0.8966667056083679,
          0.11458075791597366,
          -0.4276214838027954
        ]
      ],
      "width": 0.08026933670043945,
      "height": 0.019999999552965164,
      "depth": 0.029999999329447746,
      "object_id": -1,
      "frame": "RealSense D455 aligned color camera frame",
      "rank": 35,
      "distance_to_object_center": 0.03611355440818648
    },
    {
      "score": 0.354829877614975,
      "translation_camera": [
        0.0591275617480278,
        0.03413572907447815,
        0.3970000147819519
      ],
      "rotation_matrix_camera": [
        [
          0.4980229139328003,
          -0.6140506863594055,
          -0.6123030185699463
        ],
        [
          -0.3856969475746155,
          0.47555533051490784,
          -0.790623128414154
        ],
        [
          0.7766667008399963,
          0.6299118399620056,
          -2.7534321489497415e-08
        ]
      ],
      "width": 0.06195354089140892,
      "height": 0.019999999552965164,
      "depth": 0.019999999552965164,
      "object_id": -1,
      "frame": "RealSense D455 aligned color camera frame",
      "rank": 36,
      "distance_to_object_center": 0.14473670684252832
    },
    {
      "score": 0.3500908315181732,
      "translation_camera": [
        0.05731029063463211,
        -0.01672554574906826,
        0.406000018119812
      ],
      "rotation_matrix_camera": [
        [
          0.4980229139328003,
          -0.6140506863594055,
          -0.6123030185699463
        ],
        [
          -0.3856969475746155,
          0.47555533051490784,
          -0.790623128414154
        ],
        [
          0.7766667008399963,
          0.6299118399620056,
          -2.7534321489497415e-08
        ]
      ],
      "width": 0.06826893985271454,
      "height": 0.019999999552965164,
      "depth": 0.019999999552965164,
      "object_id": -1,
      "frame": "RealSense D455 aligned color camera frame",
      "rank": 37,
      "distance_to_object_center": 0.09481726829074547
    },
    {
      "score": 0.34688350558280945,
      "translation_camera": [
        0.0643271878361702,
        -0.1427680253982544,
        0.3850000202655792
      ],
      "rotation_matrix_camera": [
        [
          0.05689249932765961,
          -0.9877405166625977,
          -0.14536793529987335
        ],
        [
          -0.43903547525405884,
          0.10601813346147537,
          -0.8921928405761719
        ],
        [
          0.8966667056083679,
          0.11458075791597366,
          -0.4276214838027954
        ]
      ],
      "width": 0.0811096802353859,
      "height": 0.019999999552965164,
      "depth": 0.029999999329447746,
      "object_id": -1,
      "frame": "RealSense D455 aligned color camera frame",
      "rank": 38,
      "distance_to_object_center": 0.03374629956320658
    },
    {
      "score": 0.34679800271987915,
      "translation_camera": [
        0.05506918579339981,
        -0.01247961912304163,
        0.4050000309944153
      ],
      "rotation_matrix_camera": [
        [
          0.4980229139328003,
          -0.6140506863594055,
          -0.6123030185699463
        ],
        [
          -0.3856969475746155,
          0.47555533051490784,
          -0.790623128414154
        ],
        [
          0.7766667008399963,
          0.6299118399620056,
          -2.7534321489497415e-08
        ]
      ],
      "width": 0.06905332952737808,
      "height": 0.019999999552965164,
      "depth": 0.029999999329447746,
      "object_id": -1,
      "frame": "RealSense D455 aligned color camera frame",
      "rank": 39,
      "distance_to_object_center": 0.0989082848783893
    },
    {
      "score": 0.3256791830062866,
      "translation_camera": [
        0.04351948946714401,
        -0.033503271639347076,
        0.4050000309944153
      ],
      "rotation_matrix_camera": [
        [
          0.32332366704940796,
          -0.5531456470489502,
          -0.7677836418151855
        ],
        [
          -0.38744980096817017,
          0.6628532409667969,
          -0.6407091617584229
        ],
        [
          0.8633333444595337,
          0.5046340823173523,
          -2.2058255666479454e-08
        ]
      ],
      "width": 0.07363106310367584,
      "height": 0.019999999552965164,
      "depth": 0.019999999552965164,
      "object_id": -1,
      "frame": "RealSense D455 aligned color camera frame",
      "rank": 40,
      "distance_to_object_center": 0.07930358341862025
    },
    {
      "score": 0.32423827052116394,
      "translation_camera": [
        0.05124610662460327,
        -0.01786690577864647,
        0.40800002217292786
      ],
      "rotation_matrix_camera": [
        [
          0.4980229139328003,
          -0.6140506863594055,
          -0.6123030185699463
        ],
        [
          -0.3856969475746155,
          0.47555533051490784,
          -0.790623128414154
        ],
        [
          0.7766667008399963,
          0.6299118399620056,
          -2.7534321489497415e-08
        ]
      ],
      "width": 0.06615795195102692,
      "height": 0.019999999552965164,
      "depth": 0.019999999552965164,
      "object_id": -1,
      "frame": "RealSense D455 aligned color camera frame",
      "rank": 41,
      "distance_to_object_center": 0.09420555680514543
    },
    {
      "score": 0.30865058302879333,
      "translation_camera": [
        0.04467950761318207,
        -0.03569355234503746,
        0.406000018119812
      ],
      "rotation_matrix_camera": [
        [
          0.32332366704940796,
          -0.5531456470489502,
          -0.7677836418151855
        ],
        [
          -0.38744980096817017,
          0.6628532409667969,
          -0.6407091617584229
        ],
        [
          0.8633333444595337,
          0.5046340823173523,
          -2.2058255666479454e-08
        ]
      ],
      "width": 0.07002566754817963,
      "height": 0.019999999552965164,
      "depth": 0.019999999552965164,
      "object_id": -1,
      "frame": "RealSense D455 aligned color camera frame",
      "rank": 42,
      "distance_to_object_center": 0.07715459603495999
    },
    {
      "score": 0.2958587408065796,
      "translation_camera": [
        0.039902109652757645,
        0.004403590224683285,
        0.41100001335144043
      ],
      "rotation_matrix_camera": [
        [
          0.4980229139328003,
          -0.6140506863594055,
          -0.6123030185699463
        ],
        [
          -0.3856969475746155,
          0.47555533051490784,
          -0.790623128414154
        ],
        [
          0.7766667008399963,
          0.6299118399620056,
          -2.7534321489497415e-08
        ]
      ],
      "width": 0.07503150403499603,
      "height": 0.019999999552965164,
      "depth": 0.019999999552965164,
      "object_id": -1,
      "frame": "RealSense D455 aligned color camera frame",
      "rank": 43,
      "distance_to_object_center": 0.11776562097789005
    },
    {
      "score": 0.29538944363594055,
      "translation_camera": [
        0.05310002714395523,
        -0.010402875952422619,
        0.406000018119812
      ],
      "rotation_matrix_camera": [
        [
          0.4980229139328003,
          -0.6140506863594055,
          -0.6123030185699463
        ],
        [
          -0.3856969475746155,
          0.47555533051490784,
          -0.790623128414154
        ],
        [
          0.7766667008399963,
          0.6299118399620056,
          -2.7534321489497415e-08
        ]
      ],
      "width": 0.0712285116314888,
      "height": 0.019999999552965164,
      "depth": 0.029999999329447746,
      "object_id": -1,
      "frame": "RealSense D455 aligned color camera frame",
      "rank": 44,
      "distance_to_object_center": 0.10116384958283417
    },
    {
      "score": 0.29440101981163025,
      "translation_camera": [
        0.04573207348585129,
        -0.03358599543571472,
        0.406000018119812
      ],
      "rotation_matrix_camera": [
        [
          0.32332366704940796,
          -0.5531456470489502,
          -0.7677836418151855
        ],
        [
          -0.38744980096817017,
          0.6628532409667969,
          -0.6407091617584229
        ],
        [
          0.8633333444595337,
          0.5046340823173523,
          -2.2058255666479454e-08
        ]
      ],
      "width": 0.06793630868196487,
      "height": 0.019999999552965164,
      "depth": 0.019999999552965164,
      "object_id": -1,
      "frame": "RealSense D455 aligned color camera frame",
      "rank": 45,
      "distance_to_object_center": 0.07903835348545324
    },
    {
      "score": 0.29384565353393555,
      "translation_camera": [
        0.07003798335790634,
        -0.15939615666866302,
        0.3890000283718109
      ],
      "rotation_matrix_camera": [
        [
          0.05689249932765961,
          0.9917080998420715,
          -0.11523126810789108
        ],
        [
          -0.43903547525405884,
          0.12851069867610931,
          0.8892316222190857
        ],
        [
          0.8966667056083679,
          0.0,
          0.44270631670951843
        ]
      ],
      "width": 0.07554519176483154,
      "height": 0.019999999552965164,
      "depth": 0.019999999552965164,
      "object_id": -1,
      "frame": "RealSense D455 aligned color camera frame",
      "rank": 46,
      "distance_to_object_center": 0.05060353365467417
    },
    {
      "score": 0.29325467348098755,
      "translation_camera": [
        0.03777105361223221,
        0.004403590224683285,
        0.41100001335144043
      ],
      "rotation_matrix_camera": [
        [
          0.4980229139328003,
          -0.6140506863594055,
          -0.6123030185699463
        ],
        [
          -0.3856969475746155,
          0.47555533051490784,
          -0.790623128414154
        ],
        [
          0.7766667008399963,
          0.6299118399620056,
          -2.7534321489497415e-08
        ]
      ],
      "width": 0.07589473575353622,
      "height": 0.019999999552965164,
      "depth": 0.019999999552965164,
      "object_id": -1,
      "frame": "RealSense D455 aligned color camera frame",
      "rank": 47,
      "distance_to_object_center": 0.11809998533744313
    },
    {
      "score": 0.2921924591064453,
      "translation_camera": [
        0.042135436087846756,
        -0.015903370454907417,
        0.41200003027915955
      ],
      "rotation_matrix_camera": [
        [
          0.32332366704940796,
          -0.5531456470489502,
          -0.7677836418151855
        ],
        [
          -0.38744980096817017,
          0.6628532409667969,
          -0.6407091617584229
        ],
        [
          0.8633333444595337,
          0.5046340823173523,
          -2.2058255666479454e-08
        ]
      ],
      "width": 0.07505882531404495,
