{
  "success": true,
  "method": "graspnet_baseline_d455",
  "num_candidates": 567,
  "object_center_camera": [
    -0.07656646570409417,
    -0.0448893992749254,
    0.31300002336502075
  ],
  "candidates": [
    {
      "score": 0.48439401388168335,
      "translation_camera": [
        -0.04074740782380104,
        -0.0022294307127594948,
        0.2990000247955322
      ],
      "rotation_matrix_camera": [
        [
          0.05689249932765961,
          0.9917080998420715,
          -0.11523126810789108
        ],
        [
          -0.43903547525405884,
          0.12851069867610931,
          0.8892316222190857
        ],
        [
          0.8966667056083679,
          0.0,
          0.44270631670951843
        ]
      ],
      "width": 0.08182533085346222,
      "height": 0.019999999552965164,
      "depth": 0.029999999329447746,
      "object_id": -1,
      "frame": "RealSense D455 aligned color camera frame",
      "rank": 0,
      "distance_to_object_center": 0.05743585800788958
    },
    {
      "score": 0.4783087968826294,
      "translation_camera": [
        -0.04010571539402008,
        -0.0030157528817653656,
        0.30000001192092896
      ],
      "rotation_matrix_camera": [
        [
          0.05689249932765961,
          0.9917080998420715,
          -0.11523126810789108
        ],
        [
          -0.43903547525405884,
          0.12851069867610931,
          0.8892316222190857
        ],
        [
          0.8966667056083679,
          0.0,
          0.44270631670951843
        ]
      ],
      "width": 0.08184528350830078,
      "height": 0.019999999552965164,
      "depth": 0.029999999329447746,
      "object_id": -1,
      "frame": "RealSense D455 aligned color camera frame",
      "rank": 1,
      "distance_to_object_center": 0.05702445855051576
    },
    {
      "score": 0.47682738304138184,
      "translation_camera": [
        -0.039972033351659775,
        -0.0022294307127594948,
        0.2990000247955322
      ],
      "rotation_matrix_camera": [
        [
          0.05689249932765961,
          0.9917080998420715,
          -0.11523126810789108
        ],
        [
          -0.43903547525405884,
          0.12851069867610931,
          0.8892316222190857
        ],
        [
          0.8966667056083679,
          0.0,
          0.44270631670951843
        ]
      ],
      "width": 0.08321310579776764,
      "height": 0.019999999552965164,
      "depth": 0.029999999329447746,
      "object_id": -1,
      "frame": "RealSense D455 aligned color camera frame",
      "rank": 2,
      "distance_to_object_center": 0.05792258071656995
    },
    {
      "score": 0.46942469477653503,
      "translation_camera": [
        -0.04074740782380104,
        -0.0030057004187256098,
        0.2990000247955322
      ],
      "rotation_matrix_camera": [
        [
          0.05689249932765961,
          0.9917080998420715,
          -0.11523126810789108
        ],
        [
          -0.43903547525405884,
          0.12851069867610931,
          0.8892316222190857
        ],
        [
          0.8966667056083679,
          0.0,
          0.44270631670951843
        ]
      ],
      "width": 0.08191829919815063,
      "height": 0.019999999552965164,
      "depth": 0.029999999329447746,
      "object_id": -1,
      "frame": "RealSense D455 aligned color camera frame",
      "rank": 3,
      "distance_to_object_center": 0.056861666324988236
    },
    {
      "score": 0.46843427419662476,
      "translation_camera": [
        -0.04010571539402008,
        -0.003794618882238865,
        0.30000001192092896
      ],
      "rotation_matrix_camera": [
        [
          0.05689249932765961,
          0.9917080998420715,
          -0.11523126810789108
        ],
        [
          -0.43903547525405884,
          0.12851069867610931,
          0.8892316222190857
        ],
        [
          0.8966667056083679,
          0.0,
          0.44270631670951843
        ]
      ],
      "width": 0.08192547410726547,
      "height": 0.019999999552965164,
      "depth": 0.029999999329447746,
      "object_id": -1,
      "frame": "RealSense D455 aligned color camera frame",
      "rank": 4,
      "distance_to_object_center": 0.05645500497071291
    },
    {
      "score": 0.4627123773097992,
      "translation_camera": [
        -0.039327748119831085,
        -0.004573484882712364,
        0.30000001192092896
      ],
      "rotation_matrix_camera": [
        [
          0.05689249932765961,
          0.9917080998420715,
          -0.11523126810789108
        ],
        [
          -0.43903547525405884,
          0.12851069867610931,
          0.8892316222190857
        ],
        [
          0.8966667056083679,
          0.0,
          0.44270631670951843
        ]
      ],
      "width": 0.08247387409210205,
      "height": 0.019999999552965164,
      "depth": 0.029999999329447746,
      "object_id": -1,
      "frame": "RealSense D455 aligned color camera frame",
      "rank": 5,
      "distance_to_object_center": 0.056401199793508584
    },
    {
      "score": 0.4611051380634308,
      "translation_camera": [
        -0.041522786021232605,
        -0.0022294307127594948,
        0.2990000247955322
      ],
      "rotation_matrix_camera": [
        [
          0.05689249932765961,
          0.9917080998420715,
          -0.11523126810789108
        ],
        [
          -0.43903547525405884,
          0.12851069867610931,
          0.8892316222190857
        ],
        [
          0.8966667056083679,
          0.0,
          0.44270631670951843
        ]
      ],
      "width": 0.08161436766386032,
      "height": 0.019999999552965164,
      "depth": 0.029999999329447746,
      "object_id": -1,
      "frame": "RealSense D455 aligned color camera frame",
      "rank": 6,
      "distance_to_object_center": 0.056955529699807626
    },
    {
      "score": 0.4593120515346527,
      "translation_camera": [
        -0.04074740782380104,
        -0.0014531607739627361,
        0.2990000247955322
      ],
      "rotation_matrix_camera": [
        [
          0.05689249932765961,
          0.9917080998420715,
          -0.11523126810789108
        ],
        [
          -0.43903547525405884,
          0.12851069867610931,
          0.8892316222190857
        ],
        [
          0.8966667056083679,
          0.0,
          0.44270631670951843
        ]
      ],
      "width": 0.08273697644472122,
      "height": 0.019999999552965164,
      "depth": 0.029999999329447746,
      "object_id": -1,
      "frame": "RealSense D455 aligned color camera frame",
      "rank": 7,
      "distance_to_object_center": 0.05801475400697638
    },
    {
      "score": 0.4569537937641144,
      "translation_camera": [
        -0.039972033351659775,
        -0.0014531607739627361,
        0.2990000247955322
      ],
      "rotation_matrix_camera": [
        [
          0.05689249932765961,
          0.9917080998420715,
          -0.11523126810789108
        ],
        [
          -0.43903547525405884,
          0.12851069867610931,
          0.8892316222190857
        ],
        [
          0.8966667056083679,
          0.0,
          0.44270631670951843
        ]
      ],
      "width": 0.08347675949335098,
      "height": 0.019999999552965164,
      "depth": 0.029999999329447746,
      "object_id": -1,
      "frame": "RealSense D455 aligned color camera frame",
      "rank": 8,
      "distance_to_object_center": 0.058496660197442804
    },
    {
      "score": 0.4495801031589508,
      "translation_camera": [
        -0.03919665515422821,
        -0.0006768908351659775,
        0.2990000247955322
      ],
      "rotation_matrix_camera": [
        [
          0.05689249932765961,
          0.9917080998420715,
          -0.11523126810789108
        ],
        [
          -0.43903547525405884,
          0.12851069867610931,
          0.8892316222190857
        ],
        [
          0.8966667056083679,
          0.0,
          0.44270631670951843
        ]
      ],
      "width": 0.08438000082969666,
      "height": 0.019999999552965164,
      "depth": 0.029999999329447746,
      "object_id": -1,
      "frame": "RealSense D455 aligned color camera frame",
      "rank": 9,
      "distance_to_object_center": 0.05955878275296056
    },
    {
      "score": 0.4459012746810913,
      "translation_camera": [
        -0.039972033351659775,
        -0.0006768908351659775,
        0.2990000247955322
      ],
      "rotation_matrix_camera": [
        [
          0.05689249932765961,
          0.9917080998420715,
          -0.11523126810789108
        ],
        [
          -0.43903547525405884,
          0.12851069867610931,
          0.8892316222190857
        ],
        [
          0.8966667056083679,
          0.0,
          0.44270631670951843
        ]
      ],
      "width": 0.08327983319759369,
      "height": 0.019999999552965164,
      "depth": 0.029999999329447746,
      "object_id": -1,
      "frame": "RealSense D455 aligned color camera frame",
      "rank": 10,
      "distance_to_object_center": 0.05907536154505003
    },
    {
      "score": 0.4434874355792999,
      "translation_camera": [
        -0.04074740782380104,
        -0.0006768908351659775,
        0.2990000247955322
      ],
      "rotation_matrix_camera": [
        [
          0.05689249932765961,
          0.9917080998420715,
          -0.11523126810789108
        ],
        [
          -0.43903547525405884,
          0.12851069867610931,
          0.8892316222190857
        ],
        [
          0.8966667056083679,
          0.0,
          0.44270631670951843
        ]
      ],
      "width": 0.08307138085365295,
      "height": 0.019999999552965164,
      "depth": 0.029999999329447746,
      "object_id": -1,
      "frame": "RealSense D455 aligned color camera frame",
      "rank": 11,
      "distance_to_object_center": 0.05859821473315777
    },
    {
      "score": 0.4430810213088989,
      "translation_camera": [
        -0.039327748119831085,
        -0.003794618882238865,
        0.30000001192092896
      ],
      "rotation_matrix_camera": [
        [
          0.05689249932765961,
          0.9917080998420715,
          -0.11523126810789108
        ],
        [
          -0.43903547525405884,
          0.12851069867610931,
          0.8892316222190857
        ],
        [
          0.8966667056083679,
          0.0,
          0.44270631670951843
        ]
      ],
      "width": 0.0822029858827591,
      "height": 0.019999999552965164,
      "depth": 0.029999999329447746,
      "object_id": -1,
      "frame": "RealSense D455 aligned color camera frame",
      "rank": 12,
      "distance_to_object_center": 0.056960542135676306
    },
    {
      "score": 0.4388507604598999,
      "translation_camera": [
        -0.041522786021232605,
        -0.0014531607739627361,
        0.2990000247955322
      ],
      "rotation_matrix_camera": [
        [
          0.05689249932765961,
          0.9917080998420715,
          -0.11523126810789108
        ],
        [
          -0.43903547525405884,
          0.12851069867610931,
          0.8892316222190857
        ],
        [
          0.8966667056083679,
          0.0,
          0.44270631670951843
        ]
      ],
      "width": 0.08127675950527191,
      "height": 0.019999999552965164,
      "depth": 0.029999999329447746,
      "object_id": -1,
      "frame": "RealSense D455 aligned color camera frame",
      "rank": 13,
      "distance_to_object_center": 0.05753925843085915
    },
    {
      "score": 0.4335087835788727,
      "translation_camera": [
        -0.03919665515422821,
        -0.0014531607739627361,
        0.2990000247955322
      ],
      "rotation_matrix_camera": [
        [
          0.05689249932765961,
          0.9917080998420715,
          -0.11523126810789108
        ],
        [
          -0.43903547525405884,
          0.12851069867610931,
          0.8892316222190857
        ],
        [
          0.8966667056083679,
          0.0,
          0.44270631670951843
        ]
      ],
      "width": 0.08403631299734116,
      "height": 0.019999999552965164,
      "depth": 0.029999999329447746,
      "object_id": -1,
      "frame": "RealSense D455 aligned color camera frame",
      "rank": 14,
      "distance_to_object_center": 0.05898482445164235
    },
    {
      "score": 0.43067848682403564,
      "translation_camera": [
        -0.041522786021232605,
        -0.0030057004187256098,
        0.2990000247955322
      ],
      "rotation_matrix_camera": [
        [
          0.05689249932765961,
          0.9917080998420715,
          -0.11523126810789108
        ],
        [
          -0.43903547525405884,
          0.12851069867610931,
          0.8892316222190857
        ],
        [
          0.8966667056083679,
          0.0,
          0.44270631670951843
        ]
      ],
      "width": 0.08499757200479507,
      "height": 0.019999999552965164,
      "depth": 0.03999999910593033,
      "object_id": -1,
      "frame": "RealSense D455 aligned color camera frame",
      "rank": 15,
      "distance_to_object_center": 0.05637644610595383
    },
    {
      "score": 0.4286711812019348,
      "translation_camera": [
        -0.039327748119831085,
        -0.0030157528817653656,
        0.30000001192092896
      ],
      "rotation_matrix_camera": [
        [
          0.05689249932765961,
          0.9917080998420715,
          -0.11523126810789108
        ],
        [
          -0.43903547525405884,
          0.12851069867610931,
          0.8892316222190857
        ],
        [
          0.8966667056083679,
          0.0,
          0.44270631670951843
        ]
      ],
      "width": 0.08334698528051376,
      "height": 0.019999999552965164,
      "depth": 0.029999999329447746,
      "object_id": -1,
      "frame": "RealSense D455 aligned color camera frame",
      "rank": 16,
      "distance_to_object_center": 0.05752499150044636
    },
    {
      "score": 0.41760802268981934,
      "translation_camera": [
        -0.04074740782380104,
        9.937903087120503e-05,
        0.2990000247955322
      ],
      "rotation_matrix_camera": [
        [
          0.05689249932765961,
          0.9917080998420715,
          -0.11523126810789108
        ],
        [
          -0.43903547525405884,
          0.12851069867610931,
          0.8892316222190857
        ],
        [
          0.8966667056083679,
          0.0,
          0.44270631670951843
        ]
      ],
      "width": 0.08296176791191101,
      "height": 0.019999999552965164,
      "depth": 0.029999999329447746,
      "object_id": -1,
      "frame": "RealSense D455 aligned color camera frame",
      "rank": 17,
      "distance_to_object_center": 0.0591861051330934
    },
    {
      "score": 0.4061448574066162,
      "translation_camera": [
        -0.04988452419638634,
        0.011704150587320328,
        0.2980000078678131
      ],
      "rotation_matrix_camera": [
        [
          0.05689249932765961,
          -0.11523131281137466,
          -0.9917080998420715
        ],
        [
          -0.43903547525405884,
          0.8892316222190857,
          -0.1285107433795929
        ],
        [
          0.8966667056083679,
          0.44270631670951843,
          -1.9351308111481558e-08
        ]
      ],
      "width": 0.07435614615678787,
      "height": 0.019999999552965164,
      "depth": 0.029999999329447746,
      "object_id": -1,
      "frame": "RealSense D455 aligned color camera frame",
      "rank": 18,
      "distance_to_object_center": 0.0643409383949885
    },
    {
      "score": 0.3950112462043762,
      "translation_camera": [
        -0.03854977712035179,
        -0.003794618882238865,
        0.30000001192092896
      ],
      "rotation_matrix_camera": [
        [
          0.05689249932765961,
          0.9917080998420715,
          -0.11523126810789108
        ],
        [
          -0.43903547525405884,
          0.12851069867610931,
          0.8892316222190857
        ],
        [
          0.8966667056083679,
          0.0,
          0.44270631670951843
        ]
      ],
      "width": 0.08383812010288239,
      "height": 0.019999999552965164,
      "depth": 0.029999999329447746,
      "object_id": -1,
      "frame": "RealSense D455 aligned color camera frame",
      "rank": 19,
      "distance_to_object_center": 0.05747216616713607
    },
    {
      "score": 0.38498663902282715,
      "translation_camera": [
        -0.0491117425262928,
        0.013251498341560364,
        0.2980000078678131
      ],
      "rotation_matrix_camera": [
        [
          0.05689249932765961,
          -0.11523131281137466,
          -0.9917080998420715
        ],
        [
          -0.43903547525405884,
          0.8892316222190857,
          -0.1285107433795929
        ],
        [
          0.8966667056083679,
          0.44270631670951843,
          -1.9351308111481558e-08
        ]
      ],
      "width": 0.07480281591415405,
      "height": 0.019999999552965164,
      "depth": 0.03999999910593033,
      "object_id": -1,
      "frame": "RealSense D455 aligned color camera frame",
      "rank": 20,
      "distance_to_object_center": 0.06602367958041155
    },
    {
      "score": 0.3812321424484253,
      "translation_camera": [
        -0.048338957130908966,
        0.011704150587320328,
        0.2980000078678131
      ],
      "rotation_matrix_camera": [
        [
          0.05689249932765961,
          -0.11523131281137466,
          -0.9917080998420715
        ],
        [
          -0.43903547525405884,
          0.8892316222190857,
          -0.1285107433795929
        ],
        [
          0.8966667056083679,
          0.44270631670951843,
          -1.9351308111481558e-08
        ]
      ],
      "width": 0.07481520622968674,
      "height": 0.019999999552965164,
      "depth": 0.029999999329447746,
      "object_id": -1,
      "frame": "RealSense D455 aligned color camera frame",
      "rank": 21,
      "distance_to_object_center": 0.064997096790366
    },
    {
      "score": 0.3799358308315277,
      "translation_camera": [
        -0.048338957130908966,
        0.012477824464440346,
        0.2980000078678131
      ],
      "rotation_matrix_camera": [
        [
          0.05689249932765961,
          -0.11523131281137466,
          -0.9917080998420715
        ],
        [
          -0.43903547525405884,
          0.8892316222190857,
          -0.1285107433795929
        ],
        [
          0.8966667056083679,
          0.44270631670951843,
          -1.9351308111481558e-08
        ]
      ],
      "width": 0.07489375025033951,
      "height": 0.019999999552965164,
      "depth": 0.03999999910593033,
      "object_id": -1,
      "frame": "RealSense D455 aligned color camera frame",
      "rank": 22,
      "distance_to_object_center": 0.0656718437743921
    },
    {
      "score": 0.3769986033439636,
      "translation_camera": [
        -0.048338957130908966,
        0.010930477641522884,
        0.2980000078678131
      ],
      "rotation_matrix_camera": [
        [
          0.05689249932765961,
          -0.11523131281137466,
          -0.9917080998420715
        ],
        [
          -0.43903547525405884,
          0.8892316222190857,
          -0.1285107433795929
        ],
        [
          0.8966667056083679,
          0.44270631670951843,
          -1.9351308111481558e-08
        ]
      ],
      "width": 0.07453295588493347,
      "height": 0.019999999552965164,
      "depth": 0.029999999329447746,
      "object_id": -1,
      "frame": "RealSense D455 aligned color camera frame",
      "rank": 23,
      "distance_to_object_center": 0.06432457822740192
    },
    {
      "score": 0.3718705177307129,
      "translation_camera": [
        -0.039327748119831085,
        -0.0022368868812918663,
        0.30000001192092896
      ],
      "rotation_matrix_camera": [
        [
          0.05689249932765961,
          0.9917080998420715,
          -0.11523126810789108
        ],
        [
          -0.43903547525405884,
          0.12851069867610931,
          0.8892316222190857
        ],
        [
          0.8966667056083679,
          0.0,
          0.44270631670951843
        ]
      ],
      "width": 0.08360035717487335,
      "height": 0.019999999552965164,
      "depth": 0.029999999329447746,
      "object_id": -1,
      "frame": "RealSense D455 aligned color camera frame",
      "rank": 24,
      "distance_to_object_center": 0.05809439902741128
    },
    {
      "score": 0.37111279368400574,
      "translation_camera": [
        -0.04215669259428978,
        9.904665785143152e-05,
        0.2980000078678131
      ],
      "rotation_matrix_camera": [
        [
          0.05689249932765961,
          0.9917080998420715,
          -0.11523126810789108
        ],
        [
          -0.43903547525405884,
          0.12851069867610931,
          0.8892316222190857
        ],
        [
          0.8966667056083679,
          0.0,
          0.44270631670951843
        ]
      ],
      "width": 0.0827619731426239,
      "height": 0.019999999552965164,
      "depth": 0.03999999910593033,
      "object_id": -1,
      "frame": "RealSense D455 aligned color camera frame",
      "rank": 25,
      "distance_to_object_center": 0.0585917504247063
    },
    {
      "score": 0.36492908000946045,
      "translation_camera": [
        -0.037771809846162796,
        -0.0022368868812918663,
        0.30000001192092896
      ],
      "rotation_matrix_camera": [
        [
          0.05689249932765961,
          0.9917080998420715,
          -0.11523126810789108
        ],
        [
          -0.43903547525405884,
          0.12851069867610931,
          0.8892316222190857
        ],
        [
          0.8966667056083679,
          0.0,
          0.44270631670951843
        ]
      ],
      "width": 0.08478627353906631,
      "height": 0.019999999552965164,
      "depth": 0.029999999329447746,
      "object_id": -1,
      "frame": "RealSense D455 aligned color camera frame",
      "rank": 26,
      "distance_to_object_center": 0.059103827576316145
    },
    {
      "score": 0.36308854818344116,
      "translation_camera": [
        -0.07279475033283234,
        0.004127176478505135,
        0.3100000321865082
      ],
      "rotation_matrix_camera": [
        [
          0.4980229139328003,
          -0.6140506863594055,
          -0.6123030185699463
        ],
        [
          -0.3856969475746155,
          0.47555533051490784,
          -0.790623128414154
        ],
        [
          0.7766667008399963,
          0.6299118399620056,
          -2.7534321489497415e-08
        ]
      ],
      "width": 0.07486163079738617,
      "height": 0.019999999552965164,
      "depth": 0.029999999329447746,
      "object_id": -1,
      "frame": "RealSense D455 aligned color camera frame",
      "rank": 27,
      "distance_to_object_center": 0.04925292359347575
    },
    {
      "score": 0.3603716492652893,
      "translation_camera": [
        -0.03854977712035179,
        -0.0022368868812918663,
        0.30000001192092896
      ],
      "rotation_matrix_camera": [
        [
          0.05689249932765961,
          0.9917080998420715,
          -0.11523126810789108
        ],
        [
          -0.43903547525405884,
          0.12851069867610931,
          0.8892316222190857
        ],
        [
          0.8966667056083679,
          0.0,
          0.44270631670951843
        ]
      ],
      "width": 0.08365844935178757,
      "height": 0.019999999552965164,
      "depth": 0.029999999329447746,
      "object_id": -1,
      "frame": "RealSense D455 aligned color camera frame",
      "rank": 28,
      "distance_to_object_center": 0.05859612377887148
    },
    {
      "score": 0.3597952425479889,
      "translation_camera": [
        -0.03854977712035179,
        -0.0030157528817653656,
        0.30000001192092896
      ],
      "rotation_matrix_camera": [
        [
          0.05689249932765961,
          0.9917080998420715,
          -0.11523126810789108
        ],
        [
          -0.43903547525405884,
          0.12851069867610931,
          0.8892316222190857
        ],
        [
          0.8966667056083679,
          0.0,
          0.44270631670951843
        ]
      ],
      "width": 0.08407405018806458,
      "height": 0.019999999552965164,
      "depth": 0.029999999329447746,
      "object_id": -1,
      "frame": "RealSense D455 aligned color camera frame",
      "rank": 29,
      "distance_to_object_center": 0.05803163939334447
    },
    {
      "score": 0.3589879870414734,
      "translation_camera": [
        -0.04971712827682495,
        0.009351643733680248,
        0.2970000207424164
      ],
      "rotation_matrix_camera": [
        [
          0.05689249932765961,
          -0.11523131281137466,
          -0.9917080998420715
        ],
        [
          -0.43903547525405884,
          0.8892316222190857,
          -0.1285107433795929
        ],
        [
          0.8966667056083679,
          0.44270631670951843,
          -1.9351308111481558e-08
        ]
      ],
      "width": 0.07160238176584244,
      "height": 0.019999999552965164,
      "depth": 0.029999999329447746,
      "object_id": -1,
      "frame": "RealSense D455 aligned color camera frame",
      "rank": 30,
      "distance_to_object_center": 0.06260173920002635
    },
    {
      "score": 0.35422131419181824,
      "translation_camera": [
        -0.048946939408779144,
        0.010893798433244228,
        0.2970000207424164
      ],
      "rotation_matrix_camera": [
        [
          0.05689249932765961,
          -0.11523131281137466,
          -0.9917080998420715
        ],
        [
          -0.43903547525405884,
          0.8892316222190857,
          -0.1285107433795929
        ],
        [
          0.8966667056083679,
          0.44270631670951843,
          -1.9351308111481558e-08
        ]
      ],
      "width": 0.07425320893526077,
      "height": 0.019999999552965164,
      "depth": 0.03999999910593033,
      "object_id": -1,
      "frame": "RealSense D455 aligned color camera frame",
      "rank": 31,
      "distance_to_object_center": 0.0642697709911097
    },
    {
      "score": 0.35295236110687256,
      "translation_camera": [
        -0.0741625428199768,
        0.002509398851543665,
        0.30900001525878906
      ],
      "rotation_matrix_camera": [
        [
          0.4980229139328003,
          -0.6140506863594055,
          -0.6123030185699463
        ],
        [
          -0.3856969475746155,
          0.47555533051490784,
          -0.790623128414154
        ],
        [
          0.7766667008399963,
          0.6299118399620056,
          -2.7534321489497415e-08
        ]
      ],
      "width": 0.07330923527479172,
      "height": 0.019999999552965164,
      "depth": 0.019999999552965164,
      "object_id": -1,
      "frame": "RealSense D455 aligned color camera frame",
      "rank": 32,
      "distance_to_object_center": 0.04762798519690361
    },
    {
      "score": 0.35262346267700195,
      "translation_camera": [
        -0.039327748119831085,
        0.011003836058080196,
        0.30000001192092896
      ],
      "rotation_matrix_camera": [
        [
          0.05689249932765961,
          -0.11523131281137466,
          -0.9917080998420715
        ],
        [
          -0.43903547525405884,
          0.8892316222190857,
          -0.1285107433795929
        ],
        [
          0.8966667056083679,
          0.44270631670951843,
          -1.9351308111481558e-08
        ]
      ],
      "width": 0.07683184742927551,
      "height": 0.019999999552965164,
      "depth": 0.029999999329447746,
      "object_id": -1,
      "frame": "RealSense D455 aligned color camera frame",
      "rank": 33,
      "distance_to_object_center": 0.06840888934091656
    },
    {
      "score": 0.3519374132156372,
      "translation_camera": [
        -0.04756617546081543,
        0.013251498341560364,
        0.2980000078678131
      ],
      "rotation_matrix_camera": [
        [
          0.05689249932765961,
          -0.11523131281137466,
          -0.9917080998420715
        ],
        [
          -0.43903547525405884,
          0.8892316222190857,
          -0.1285107433795929
        ],
        [
          0.8966667056083679,
          0.44270631670951843,
          -1.9351308111481558e-08
        ]
      ],
      "width": 0.07563287019729614,
      "height": 0.019999999552965164,
      "depth": 0.03999999910593033,
      "object_id": -1,
      "frame": "RealSense D455 aligned color camera frame",
      "rank": 34,
      "distance_to_object_center": 0.06668119131180514
    },
    {
      "score": 0.3446451425552368,
      "translation_camera": [
        -0.039327748119831085,
        0.010224970057606697,
        0.30000001192092896
      ],
      "rotation_matrix_camera": [
        [
          0.05689249932765961,
          -0.11523131281137466,
          -0.9917080998420715
        ],
        [
          -0.43903547525405884,
          0.8892316222190857,
          -0.1285107433795929
        ],
        [
          0.8966667056083679,
          0.44270631670951843,
          -1.9351308111481558e-08
        ]
      ],
      "width": 0.07605908066034317,
      "height": 0.019999999552965164,
      "depth": 0.029999999329447746,
      "object_id": -1,
      "frame": "RealSense D455 aligned color camera frame",
      "rank": 35,
      "distance_to_object_center": 0.06777400749394842
    },
    {
      "score": 0.34242793917655945,
      "translation_camera": [
        -0.038678281009197235,
        -0.004588730167597532,
        0.30100002884864807
      ],
      "rotation_matrix_camera": [
        [
          0.05689249932765961,
          0.9917080998420715,
          -0.11523126810789108
        ],
        [
          -0.43903547525405884,
          0.12851069867610931,
          0.8892316222190857
        ],
        [
          0.8966667056083679,
          0.0,
          0.44270631670951843
        ]
      ],
      "width": 0.08260361850261688,
      "height": 0.019999999552965164,
      "depth": 0.029999999329447746,
      "object_id": -1,
      "frame": "RealSense D455 aligned color camera frame",
      "rank": 36,
      "distance_to_object_center": 0.05660086870681339
    },
    {
      "score": 0.34042224287986755,
      "translation_camera": [
        -0.07359865307807922,
        0.004127176478505135,
        0.3100000321865082
      ],
      "rotation_matrix_camera": [
        [
          0.4980229139328003,
          -0.6140506863594055,
          -0.6123030185699463
        ],
        [
          -0.3856969475746155,
          0.47555533051490784,
          -0.790623128414154
        ],
        [
          0.7766667008399963,
          0.6299118399620056,
          -2.7534321489497415e-08
        ]
      ],
      "width": 0.07596376538276672,
      "height": 0.019999999552965164,
      "depth": 0.029999999329447746,
      "object_id": -1,
      "frame": "RealSense D455 aligned color camera frame",
      "rank": 37,
      "distance_to_object_center": 0.04919789179879643
    },
    {
      "score": 0.3399714231491089,
      "translation_camera": [
        -0.04679339379072189,
        0.010930477641522884,
        0.2980000078678131
      ],
      "rotation_matrix_camera": [
        [
          0.05689249932765961,
          -0.11523131281137466,
          -0.9917080998420715
        ],
        [
          -0.43903547525405884,
          0.8892316222190857,
          -0.1285107433795929
        ],
        [
          0.8966667056083679,
          0.44270631670951843,
          -1.9351308111481558e-08
        ]
      ],
      "width": 0.07512693107128143,
      "height": 0.019999999552965164,
      "depth": 0.029999999329447746,
      "object_id": -1,
      "frame": "RealSense D455 aligned color camera frame",
      "rank": 38,
      "distance_to_object_center": 0.06501765094989777
    },
    {
      "score": 0.338786244392395,
      "translation_camera": [
        -0.038678281009197235,
        -0.0053701926954090595,
        0.30100002884864807
      ],
      "rotation_matrix_camera": [
        [
          0.05689249932765961,
          0.9917080998420715,
          -0.11523126810789108
        ],
        [
          -0.43903547525405884,
          0.12851069867610931,
          0.8892316222190857
        ],
        [
          0.8966667056083679,
          0.0,
          0.44270631670951843
        ]
      ],
      "width": 0.08299252390861511,
      "height": 0.019999999552965164,
      "depth": 0.029999999329447746,
      "object_id": -1,
      "frame": "RealSense D455 aligned color camera frame",
      "rank": 39,
      "distance_to_object_center": 0.05604714173391971
    },
    {
      "score": 0.33603090047836304,
      "translation_camera": [
        -0.05368674173951149,
        0.04322359338402748,
        0.3020000159740448
      ],
      "rotation_matrix_camera": [
        [
          0.4980229139328003,
          -0.6140506863594055,
          -0.6123030185699463
        ],
        [
          -0.3856969475746155,
          0.47555533051490784,
          -0.790623128414154
        ],
        [
          0.7766667008399963,
          0.6299118399620056,
          -2.7534321489497415e-08
        ]
      ],
      "width": 0.0683974102139473,
      "height": 0.019999999552965164,
      "depth": 0.019999999552965164,
      "object_id": -1,
      "frame": "RealSense D455 aligned color camera frame",
      "rank": 40,
      "distance_to_object_center": 0.09169722682073711
    },
    {
      "score": 0.3350653648376465,
      "translation_camera": [
        -0.03854977712035179,
        0.008667238056659698,
        0.30000001192092896
      ],
      "rotation_matrix_camera": [
        [
          0.05689249932765961,
          -0.11523131281137466,
          -0.9917080998420715
        ],
        [
          -0.43903547525405884,
          0.8892316222190857,
          -0.1285107433795929
        ],
        [
          0.8966667056083679,
          0.44270631670951843,
          -1.9351308111481558e-08
        ]
      ],
      "width": 0.07457325607538223,
      "height": 0.019999999552965164,
      "depth": 0.029999999329447746,
      "object_id": -1,
      "frame": "RealSense D455 aligned color camera frame",
      "rank": 41,
      "distance_to_object_center": 0.06695208966631812
    },
    {
      "score": 0.3322124779224396,
      "translation_camera": [
        -0.04817675054073334,
        0.010122721083462238,
        0.2970000207424164
      ],
      "rotation_matrix_camera": [
        [
          0.05689249932765961,
          -0.11523131281137466,
          -0.9917080998420715
        ],
        [
          -0.43903547525405884,
          0.8892316222190857,
          -0.1285107433795929
        ],
        [
          0.8966667056083679,
          0.44270631670951843,
          -1.9351308111481558e-08
        ]
      ],
      "width": 0.07371371984481812,
      "height": 0.019999999552965164,
      "depth": 0.029999999329447746,
      "object_id": -1,
      "frame": "RealSense D455 aligned color camera frame",
      "rank": 42,
      "distance_to_object_center": 0.06393988893723412
    },
    {
      "score": 0.3276691138744354,
      "translation_camera": [
        -0.04971712827682495,
        0.007809488568454981,
        0.2970000207424164
      ],
      "rotation_matrix_camera": [
        [
          0.05689249932765961,
          -0.11523131281137466,
          -0.9917080998420715
        ],
        [
          -0.43903547525405884,
          0.8892316222190857,
          -0.1285107433795929
        ],
        [
          0.8966667056083679,
          0.44270631670951843,
          -1.9351308111481558e-08
        ]
      ],
      "width": 0.06931298971176147,
      "height": 0.019999999552965164,
      "depth": 0.029999999329447746,
      "object_id": -1,
      "frame": "RealSense D455 aligned color camera frame",
      "rank": 43,
      "distance_to_object_center": 0.06127038260151385
    },
    {
      "score": 0.3271867632865906,
      "translation_camera": [
        -0.07496384531259537,
        0.004916095174849033,
        0.30900001525878906
      ],
      "rotation_matrix_camera": [
        [
          0.4980229139328003,
          -0.6140506863594055,
          -0.6123030185699463
        ],
        [
          -0.3856969475746155,
          0.47555533051490784,
          -0.790623128414154
        ],
        [
          0.7766667008399963,
          0.6299118399620056,
          -2.7534321489497415e-08
        ]
      ],
      "width": 0.0774742066860199,
      "height": 0.019999999552965164,
      "depth": 0.029999999329447746,
      "object_id": -1,
      "frame": "RealSense D455 aligned color camera frame",
      "rank": 44,
      "distance_to_object_center": 0.049991556630651926
    },
    {
      "score": 0.3246943950653076,
      "translation_camera": [
        -0.039972033351659775,
        0.012519696727395058,
        0.2990000247955322
      ],
      "rotation_matrix_camera": [
        [
          0.05689249932765961,
          -0.11523131281137466,
          -0.9917080998420715
        ],
        [
          -0.43903547525405884,
          0.8892316222190857,
          -0.1285107433795929
        ],
        [
          0.8966667056083679,
          0.44270631670951843,
          -1.9351308111481558e-08
        ]
      ],
      "width": 0.07806367427110672,
      "height": 0.019999999552965164,
      "depth": 0.029999999329447746,
      "object_id": -1,
      "frame": "RealSense D455 aligned color camera frame",
      "rank": 45,
      "distance_to_object_center": 0.06950508429565584
    },
    {
      "score": 0.3238993287086487,
      "translation_camera": [
        -0.04074740782380104,
        0.013295967131853104,
        0.2990000247955322
      ],
      "rotation_matrix_camera": [
        [
          0.05689249932765961,
          -0.11523131281137466,
          -0.9917080998420715
        ],
        [
          -0.43903547525405884,
          0.8892316222190857,
          -0.1285107433795929
        ],
        [
          0.8966667056083679,
          0.44270631670951843,
          -1.9351308111481558e-08
        ]
      ],
      "width": 0.0783119946718216,
      "height": 0.019999999552965164,
      "depth": 0.029999999329447746,
      "object_id": -1,
      "frame": "RealSense D455 aligned color camera frame",
      "rank": 46,
      "distance_to_object_center": 0.06974626679090816
    },
    {
      "score": 0.3237103223800659,
      "translation_camera": [
        -0.041522786021232605,
        0.013295967131853104,
        0.2990000247955322
      ],
      "rotation_matrix_camera": [
        [
          0.05689249932765961,
          -0.11523131281137466,
          -0.9917080998420715
        ],
        [
          -0.43903547525405884,
          0.8892316222190857,
          -0.1285107433795929
        ],
        [
          0.8966667056083679,
          0.44270631670951843,
          -1.9351308111481558e-08
        ]
      ],
      "width": 0.07794801890850067,
      "height": 0.019999999552965164,
      "depth": 0.029999999329447746,
      "object_id": -1,
      "frame": "RealSense D455 aligned color camera frame",
      "rank": 47,
      "distance_to_object_center": 0.06935125312171189
    },
    {
      "score": 0.3236691653728485,
      "translation_camera": [
        -0.03854977712035179,
        0.0078883720561862,
        0.30000001192092896
      ],
      "rotation_matrix_camera": [
        [
          0.05689249932765961,
          -0.11523131281137466,
          -0.9917080998420715
        ],
        [
          -0.43903547525405884,
          0.8892316222190857,
          -0.1285107433795929
        ],
        [
          0.8966667056083679,
          0.44270631670951843,
          -1.9351308111481558e-08
        ]
      ],
      "width": 0.07357745617628098,
      "height": 0.019999999552965164,
