{
  "success": true,
  "method": "graspnet_baseline_d455",
  "num_candidates": 103,
  "object_center_camera": [
    0.01880131145046681,
    -0.03016859844296558,
    0.3890000283718109
  ],
  "candidates": [
    {
      "score": 0.4182339906692505,
      "translation_camera": [
        -0.0005637804861180484,
        -0.07351861894130707,
        0.39400002360343933
      ],
      "rotation_matrix_camera": [
        [
          0.32332366704940796,
          -0.5531456470489502,
          -0.7677836418151855
        ],
        [
          -0.38744980096817017,
          0.6628532409667969,
          -0.6407091617584229
        ],
        [
          0.8633333444595337,
          0.5046340823173523,
          -2.2058255666479454e-08
        ]
      ],
      "width": 0.07408508658409119,
      "height": 0.019999999552965164,
      "depth": 0.029999999329447746,
      "object_id": -1,
      "frame": "RealSense D455 aligned color camera frame",
      "rank": 0,
      "distance_to_object_center": 0.0477412925593277
    },
    {
      "score": 0.4051494598388672,
      "translation_camera": [
        0.0014721748884767294,
        -0.07212771475315094,
        0.3920000195503235
      ],
      "rotation_matrix_camera": [
        [
          0.32332366704940796,
          -0.5531456470489502,
          -0.7677836418151855
        ],
        [
          -0.38744980096817017,
          0.6628532409667969,
          -0.6407091617584229
        ],
        [
          0.8633333444595337,
          0.5046340823173523,
          -2.2058255666479454e-08
        ]
      ],
      "width": 0.07488787919282913,
      "height": 0.019999999552965164,
      "depth": 0.029999999329447746,
      "object_id": -1,
      "frame": "RealSense D455 aligned color camera frame",
      "rank": 1,
      "distance_to_object_center": 0.04549578400892678
    },
    {
      "score": 0.39230552315711975,
      "translation_camera": [
        0.002482373034581542,
        -0.06889835000038147,
        0.39100003242492676
      ],
      "rotation_matrix_camera": [
        [
          0.32332366704940796,
          -0.5531456470489502,
          -0.7677836418151855
        ],
        [
          -0.38744980096817017,
          0.6628532409667969,
          -0.6407091617584229
        ],
        [
          0.8633333444595337,
          0.5046340823173523,
          -2.2058255666479454e-08
        ]
      ],
      "width": 0.07560395449399948,
      "height": 0.019999999552965164,
      "depth": 0.029999999329447746,
      "object_id": -1,
      "frame": "RealSense D455 aligned color camera frame",
      "rank": 2,
      "distance_to_object_center": 0.04207495006453477
    },
    {
      "score": 0.3387170732021332,
      "translation_camera": [
        0.0034873844124376774,
        -0.061634454876184464,
        0.39000001549720764
      ],
      "rotation_matrix_camera": [
        [
          0.32332366704940796,
          -0.5531456470489502,
          -0.7677836418151855
        ],
        [
          -0.38744980096817017,
          0.6628532409667969,
          -0.6407091617584229
        ],
        [
          0.8633333444595337,
          0.5046340823173523,
          -2.2058255666479454e-08
        ]
      ],
      "width": 0.0760926902294159,
      "height": 0.019999999552965164,
      "depth": 0.029999999329447746,
      "object_id": -1,
      "frame": "RealSense D455 aligned color camera frame",
      "rank": 3,
      "distance_to_object_center": 0.035008805415966154
    },
    {
      "score": 0.33656197786331177,
      "translation_camera": [
        -0.0026270991656929255,
        -0.07717050611972809,
        0.3970000147819519
      ],
      "rotation_matrix_camera": [
        [
          0.32332366704940796,
          -0.5531456470489502,
          -0.7677836418151855
        ],
        [
          -0.38744980096817017,
          0.6628532409667969,
          -0.6407091617584229
        ],
        [
          0.8633333444595337,
          0.5046340823173523,
          -2.2058255666479454e-08
        ]
      ],
      "width": 0.07907839864492416,
      "height": 0.019999999552965164,
      "depth": 0.019999999552965164,
      "object_id": -1,
      "frame": "RealSense D455 aligned color camera frame",
      "rank": 4,
      "distance_to_object_center": 0.052271941702524256
    },
    {
      "score": 0.32729947566986084,
      "translation_camera": [
        0.005495976656675339,
        -0.06046649068593979,
        0.3890000283718109
      ],
      "rotation_matrix_camera": [
        [
          0.32332366704940796,
          -0.5531456470489502,
          -0.7677836418151855
        ],
        [
          -0.38744980096817017,
          0.6628532409667969,
          -0.6407091617584229
        ],
        [
          0.8633333444595337,
          0.5046340823173523,
          -2.2058255666479454e-08
        ]
      ],
      "width": 0.07670587301254272,
      "height": 0.019999999552965164,
      "depth": 0.029999999329447746,
      "object_id": -1,
      "frame": "RealSense D455 aligned color camera frame",
      "rank": 5,
      "distance_to_object_center": 0.03309069670378299
    },
    {
      "score": 0.3265622854232788,
      "translation_camera": [
        0.008478461764752865,
        -0.06116034463047981,
        0.38700002431869507
      ],
      "rotation_matrix_camera": [
        [
          0.32332366704940796,
          -0.5531456470489502,
          -0.7677836418151855
        ],
        [
          -0.38744980096817017,
          0.6628532409667969,
          -0.6407091617584229
        ],
        [
          0.8633333444595337,
          0.5046340823173523,
          -2.2058255666479454e-08
        ]
      ],
      "width": 0.0777164176106453,
      "height": 0.019999999552965164,
      "depth": 0.029999999329447746,
      "object_id": -1,
      "frame": "RealSense D455 aligned color camera frame",
      "rank": 6,
      "distance_to_object_center": 0.032726893735850145
    },
    {
      "score": 0.3260091543197632,
      "translation_camera": [
        0.004487209487706423,
        -0.06753599643707275,
        0.3890000283718109
      ],
      "rotation_matrix_camera": [
        [
          0.32332366704940796,
          -0.5531456470489502,
          -0.7677836418151855
        ],
        [
          -0.38744980096817017,
          0.6628532409667969,
          -0.6407091617584229
        ],
        [
          0.8633333444595337,
          0.5046340823173523,
          -2.2058255666479454e-08
        ]
      ],
      "width": 0.07774408161640167,
      "height": 0.019999999552965164,
      "depth": 0.029999999329447746,
      "object_id": -1,
      "frame": "RealSense D455 aligned color camera frame",
      "rank": 7,
      "distance_to_object_center": 0.04001519646147331
    },
    {
      "score": 0.3240165412425995,
      "translation_camera": [
        0.005495976656675339,
        -0.06349627673625946,
        0.3890000283718109
      ],
      "rotation_matrix_camera": [
        [
          0.32332366704940796,
          -0.5531456470489502,
          -0.7677836418151855
        ],
        [
          -0.38744980096817017,
          0.6628532409667969,
          -0.6407091617584229
        ],
        [
          0.8633333444595337,
          0.5046340823173523,
          -2.2058255666479454e-08
        ]
      ],
      "width": 0.07711672782897949,
      "height": 0.019999999552965164,
      "depth": 0.029999999329447746,
      "object_id": -1,
      "frame": "RealSense D455 aligned color camera frame",
      "rank": 8,
      "distance_to_object_center": 0.03588545770080368
    },
    {
      "score": 0.298508882522583,
      "translation_camera": [
        0.011489203199744225,
        -0.06417455524206161,
        0.38700002431869507
      ],
      "rotation_matrix_camera": [
        [
          0.4980229139328003,
          -0.6140506863594055,
          -0.6123030185699463
        ],
        [
          -0.3856969475746155,
          0.47555533051490784,
          -0.790623128414154
        ],
        [
          0.7766667008399963,
          0.6299118399620056,
          -2.7534321489497415e-08
        ]
      ],
      "width": 0.07608513534069061,
      "height": 0.019999999552965164,
      "depth": 0.029999999329447746,
      "object_id": -1,
      "frame": "RealSense D455 aligned color camera frame",
      "rank": 9,
      "distance_to_object_center": 0.03484066648479548
    },
    {
      "score": 0.2944325804710388,
      "translation_camera": [
        0.007513510994613171,
        -0.05844663083553314,
        0.3890000283718109
      ],
      "rotation_matrix_camera": [
        [
          0.32332366704940796,
          -0.5531456470489502,
          -0.7677836418151855
        ],
        [
          -0.38744980096817017,
          0.6628532409667969,
          -0.6407091617584229
        ],
        [
          0.8633333444595337,
          0.5046340823173523,
          -2.2058255666479454e-08
        ]
      ],
      "width": 0.07737510651350021,
      "height": 0.019999999552965164,
      "depth": 0.029999999329447746,
      "object_id": -1,
      "frame": "RealSense D455 aligned color camera frame",
      "rank": 10,
      "distance_to_object_center": 0.030447685546298425
    },
    {
      "score": 0.27327388525009155,
      "translation_camera": [
        0.014425010420382023,
        -0.06584199517965317,
        0.3850000202655792
      ],
      "rotation_matrix_camera": [
        [
          0.6540746092796326,
          -0.6235225796699524,
          -0.42825937271118164
        ],
        [
          -0.309978187084198,
          0.2954989969730377,
          -0.9036558270454407
        ],
        [
          0.690000057220459,
          0.7238094210624695,
          -3.1638712982839934e-08
        ]
      ],
      "width": 0.06553100794553757,
      "height": 0.019999999552965164,
      "depth": 0.019999999552965164,
      "object_id": -1,
      "frame": "RealSense D455 aligned color camera frame",
      "rank": 11,
      "distance_to_object_center": 0.036162733722562415
    },
    {
      "score": 0.25940513610839844,
      "translation_camera": [
        0.008500369265675545,
        -0.05628171190619469,
        0.3880000114440918
      ],
      "rotation_matrix_camera": [
        [
          0.32332366704940796,
          -0.5531456470489502,
          -0.7677836418151855
        ],
        [
          -0.38744980096817017,
          0.6628532409667969,
          -0.6407091617584229
        ],
        [
          0.8633333444595337,
          0.5046340823173523,
          -2.2058255666479454e-08
        ]
      ],
      "width": 0.07864335179328918,
      "height": 0.019999999552965164,
      "depth": 0.029999999329447746,
      "object_id": -1,
      "frame": "RealSense D455 aligned color camera frame",
      "rank": 12,
      "distance_to_object_center": 0.028089217477416748
    },
    {
      "score": 0.2533513605594635,
      "translation_camera": [
        0.010458528995513916,
        -0.06601301580667496,
        0.38600003719329834
      ],
      "rotation_matrix_camera": [
        [
          0.4980229139328003,
          -0.6140506863594055,
          -0.6123030185699463
        ],
        [
          -0.3856969475746155,
          0.47555533051490784,
          -0.790623128414154
        ],
        [
          0.7766667008399963,
          0.6299118399620056,
          -2.7534321489497415e-08
        ]
      ],
      "width": 0.07705672830343246,
      "height": 0.019999999552965164,
      "depth": 0.029999999329447746,
      "object_id": -1,
      "frame": "RealSense D455 aligned color camera frame",
      "rank": 13,
      "distance_to_object_center": 0.03692457477487877
    },
    {
      "score": 0.22093263268470764,
      "translation_camera": [
        0.02036234922707081,
        -0.05968928709626198,
        0.3840000331401825
      ],
      "rotation_matrix_camera": [
        [
          0.9810783267021179,
          -0.00981128215789795,
          -0.19336247444152832
        ],
        [
          -0.1933528035879135,
          0.0019335818942636251,
          -0.9811273813247681
        ],
        [
          0.009999999776482582,
          0.9999499917030334,
          -4.3709203367825467e-08
        ]
      ],
      "width": 0.05658302456140518,
      "height": 0.019999999552965164,
      "depth": 0.029999999329447746,
      "object_id": -1,
      "frame": "RealSense D455 aligned color camera frame",
      "rank": 14,
      "distance_to_object_center": 0.029981791971480865
    },
    {
      "score": 0.17201250791549683,
      "translation_camera": [
        0.0015022193547338247,
        0.026095151901245117,
        0.40000003576278687
      ],
      "rotation_matrix_camera": [
        [
          0.14391817152500153,
          -0.43786168098449707,
          -0.8874484300613403
        ],
        [
          -0.2771056890487671,
          0.8430759906768799,
          -0.4609070420265198
        ],
        [
          0.949999988079071,
          0.31224989891052246,
          -1.3648876695526724e-08
        ]
      ],
      "width": 0.07002586126327515,
      "height": 0.019999999552965164,
      "depth": 0.019999999552965164,
      "object_id": -1,
      "frame": "RealSense D455 aligned color camera frame",
      "rank": 15,
      "distance_to_object_center": 0.05988212047626442
    },
    {
      "score": 0.16246327757835388,
      "translation_camera": [
        0.0035768046509474516,
        0.03128759190440178,
        0.40000003576278687
      ],
      "rotation_matrix_camera": [
        [
          0.14391817152500153,
          -0.43786168098449707,
          -0.8874484300613403
        ],
        [
          -0.2771056890487671,
          0.8430759906768799,
          -0.4609070420265198
        ],
        [
          0.949999988079071,
          0.31224989891052246,
          -1.3648876695526724e-08
        ]
      ],
      "width": 0.07039332389831543,
      "height": 0.019999999552965164,
      "depth": 0.019999999552965164,
      "object_id": -1,
      "frame": "RealSense D455 aligned color camera frame",
      "rank": 16,
      "distance_to_object_center": 0.06426234591035396
    },
    {
      "score": 0.15467537939548492,
      "translation_camera": [
        0.04370098188519478,
        0.024868737906217575,
        0.3970000147819519
      ],
      "rotation_matrix_camera": [
        [
          0.14391817152500153,
          -0.43786168098449707,
          -0.8874484300613403
        ],
        [
          -0.2771056890487671,
          0.8430759906768799,
          -0.4609070420265198
        ],
        [
          0.949999988079071,
          0.31224989891052246,
          -1.3648876695526724e-08
        ]
      ],
      "width": 0.06683532893657684,
      "height": 0.019999999552965164,
      "depth": 0.019999999552965164,
      "object_id": -1,
      "frame": "RealSense D455 aligned color camera frame",
      "rank": 17,
      "distance_to_object_center": 0.060935225959486056
    },
    {
      "score": 0.14656582474708557,
      "translation_camera": [
        0.044730495661497116,
        0.02280733920633793,
        0.3970000147819519
      ],
      "rotation_matrix_camera": [
        [
          0.14391817152500153,
          -0.43786168098449707,
          -0.8874484300613403
        ],
        [
          -0.2771056890487671,
          0.8430759906768799,
          -0.4609070420265198
        ],
        [
          0.949999988079071,
          0.31224989891052246,
          -1.3648876695526724e-08
        ]
      ],
      "width": 0.06710758805274963,
      "height": 0.019999999552965164,
      "depth": 0.019999999552965164,
      "object_id": -1,
      "frame": "RealSense D455 aligned color camera frame",
      "rank": 18,
      "distance_to_object_center": 0.059521192412743854
    },
    {
      "score": 0.1420254409313202,
      "translation_camera": [
        0.02527535893023014,
        -0.08837006241083145,
        0.3830000162124634
      ],
      "rotation_matrix_camera": [
        [
          0.12232581526041031,
          -0.13065797090530396,
          0.9838520288467407
        ],
        [
          0.6724109053611755,
          -0.7182120084762573,
          -0.17898353934288025
        ],
        [
          0.7300000190734863,
          0.6834471821784973,
          -2.987442471180657e-08
        ]
      ],
      "width": 0.07436759769916534,
      "height": 0.019999999552965164,
      "depth": 0.009999999776482582,
      "object_id": -1,
      "frame": "RealSense D455 aligned color camera frame",
      "rank": 19,
      "distance_to_object_center": 0.05886700132234814
    },
    {
      "score": 0.13929283618927002,
      "translation_camera": [
        0.015423404052853584,
        -0.04385200887918472,
        0.3850000202655792
      ],
      "rotation_matrix_camera": [
        [
          0.32332366704940796,
          -0.5531456470489502,
          -0.7677836418151855
        ],
        [
          -0.38744980096817017,
          0.6628532409667969,
          -0.6407091617584229
        ],
        [
          0.8633333444595337,
          0.5046340823173523,
          -2.2058255666479454e-08
        ]
      ],
      "width": 0.08494965732097626,
      "height": 0.019999999552965164,
      "depth": 0.03999999910593033,
      "object_id": -1,
      "frame": "RealSense D455 aligned color camera frame",
      "rank": 20,
      "distance_to_object_center": 0.014650803541198701
    },
    {
      "score": 0.13918377459049225,
      "translation_camera": [
        -0.003730297088623047,
        0.028524279594421387,
        0.4050000309944153
      ],
      "rotation_matrix_camera": [
        [
          0.8544597029685974,
          0.03706137463450432,
          -0.5181940793991089
        ],
        [
          -0.517707347869873,
          -0.022455113008618355,
          -0.8552629947662354
        ],
        [
          -0.04333333298563957,
          0.9990606307983398,
          -4.367032602203835e-08
        ]
      ],
      "width": 0.05741558223962784,
      "height": 0.019999999552965164,
      "depth": 0.019999999552965164,
      "object_id": -1,
      "frame": "RealSense D455 aligned color camera frame",
      "rank": 21,
      "distance_to_object_center": 0.06487316394005857
    },
    {
      "score": 0.13835486769676208,
      "translation_camera": [
        0.03835919499397278,
        0.027819974347949028,
        0.39500001072883606
      ],
      "rotation_matrix_camera": [
        [
          0.14391817152500153,
          -0.43786168098449707,
          -0.8874484300613403
        ],
        [
          -0.2771056890487671,
          0.8430759906768799,
          -0.4609070420265198
        ],
        [
          0.949999988079071,
          0.31224989891052246,
          -1.3648876695526724e-08
        ]
      ],
      "width": 0.0676829069852829,
      "height": 0.019999999552965164,
      "depth": 0.019999999552965164,
      "object_id": -1,
      "frame": "RealSense D455 aligned color camera frame",
      "rank": 22,
      "distance_to_object_center": 0.061491342246800536
    },
    {
      "score": 0.13811805844306946,
      "translation_camera": [
        0.011459516361355782,
        -0.044968053698539734,
        0.38600003719329834
      ],
      "rotation_matrix_camera": [
        [
          0.32332366704940796,
          -0.5531456470489502,
          -0.7677836418151855
        ],
        [
          -0.38744980096817017,
          0.6628532409667969,
          -0.6407091617584229
        ],
        [
          0.8633333444595337,
          0.5046340823173523,
          -2.2058255666479454e-08
        ]
      ],
      "width": 0.08361250162124634,
      "height": 0.019999999552965164,
      "depth": 0.03999999910593033,
      "object_id": -1,
      "frame": "RealSense D455 aligned color camera frame",
      "rank": 23,
      "distance_to_object_center": 0.016790645552312442
    },
    {
      "score": 0.13762611150741577,
      "translation_camera": [
        0.01642179861664772,
        -0.046850644052028656,
        0.3850000202655792
      ],
      "rotation_matrix_camera": [
        [
          0.32332366704940796,
          -0.5531456470489502,
          -0.7677836418151855
        ],
        [
          -0.38744980096817017,
          0.6628532409667969,
          -0.6407091617584229
        ],
        [
          0.8633333444595337,
          0.5046340823173523,
          -2.2058255666479454e-08
        ]
      ],
      "width": 0.08425312489271164,
      "height": 0.019999999552965164,
      "depth": 0.03999999910593033,
      "object_id": -1,
      "frame": "RealSense D455 aligned color camera frame",
      "rank": 24,
      "distance_to_object_center": 0.017319145241006834
    },
    {
      "score": 0.13108329474925995,
      "translation_camera": [
        0.02593529224395752,
        0.03686194866895676,
        0.3930000364780426
      ],
      "rotation_matrix_camera": [
        [
          0.05689249932765961,
          -0.11523131281137466,
          -0.9917080998420715
        ],
        [
          -0.43903547525405884,
          0.8892316222190857,
          -0.1285107433795929
        ],
        [
          0.8966667056083679,
          0.44270631670951843,
          -1.9351308111481558e-08
        ]
      ],
      "width": 0.06989498436450958,
      "height": 0.019999999552965164,
      "depth": 0.009999999776482582,
      "object_id": -1,
      "frame": "RealSense D455 aligned color camera frame",
      "rank": 25,
      "distance_to_object_center": 0.06752768315983788
    },
    {
      "score": 0.13064318895339966,
      "translation_camera": [
        0.04030555114150047,
        0.016497526317834854,
        0.39400002360343933
      ],
      "rotation_matrix_camera": [
        [
          0.14391817152500153,
          -0.43786168098449707,
          -0.8874484300613403
        ],
        [
          -0.2771056890487671,
          0.8430759906768799,
          -0.4609070420265198
        ],
        [
          0.949999988079071,
          0.31224989891052246,
          -1.3648876695526724e-08
        ]
      ],
      "width": 0.06824570149183273,
      "height": 0.019999999552965164,
      "depth": 0.019999999552965164,
      "object_id": -1,
      "frame": "RealSense D455 aligned color camera frame",
      "rank": 26,
      "distance_to_object_center": 0.051625182587534985
    },
    {
      "score": 0.1295059621334076,
      "translation_camera": [
        0.02593529224395752,
        0.039922893047332764,
        0.3930000364780426
      ],
      "rotation_matrix_camera": [
        [
          0.05689249932765961,
          -0.11523131281137466,
          -0.9917080998420715
        ],
        [
          -0.43903547525405884,
          0.8892316222190857,
          -0.1285107433795929
        ],
        [
          0.8966667056083679,
          0.44270631670951843,
          -1.9351308111481558e-08
        ]
      ],
      "width": 0.0697169154882431,
      "height": 0.019999999552965164,
      "depth": 0.009999999776482582,
      "object_id": -1,
      "frame": "RealSense D455 aligned color camera frame",
      "rank": 27,
      "distance_to_object_center": 0.07056706686653752
    },
    {
      "score": 0.1294415295124054,
      "translation_camera": [
        0.04143217206001282,
        0.01859041303396225,
        0.39500001072883606
      ],
      "rotation_matrix_camera": [
        [
          0.14391817152500153,
          -0.43786168098449707,
          -0.8874484300613403
        ],
        [
          -0.2771056890487671,
          0.8430759906768799,
          -0.4609070420265198
        ],
        [
          0.949999988079071,
          0.31224989891052246,
          -1.3648876695526724e-08
        ]
      ],
      "width": 0.06715001165866852,
      "height": 0.019999999552965164,
      "depth": 0.019999999552965164,
      "object_id": -1,
      "frame": "RealSense D455 aligned color camera frame",
      "rank": 28,
      "distance_to_object_center": 0.054088786642154336
    },
    {
      "score": 0.1280241757631302,
      "translation_camera": [
        0.042349014431238174,
        0.013428794220089912,
        0.39400002360343933
      ],
      "rotation_matrix_camera": [
        [
          0.14391817152500153,
          -0.43786168098449707,
          -0.8874484300613403
        ],
        [
          -0.2771056890487671,
          0.8430759906768799,
          -0.4609070420265198
        ],
        [
          0.949999988079071,
          0.31224989891052246,
          -1.3648876695526724e-08
        ]
      ],
      "width": 0.06675256043672562,
      "height": 0.019999999552965164,
      "depth": 0.019999999552965164,
      "object_id": -1,
      "frame": "RealSense D455 aligned color camera frame",
      "rank": 29,
      "distance_to_object_center": 0.04980187662130394
    },
    {
      "score": 0.1274290233850479,
      "translation_camera": [
        0.042456500232219696,
        0.016539398580789566,
        0.39500001072883606
      ],
      "rotation_matrix_camera": [
        [
          0.14391817152500153,
          -0.43786168098449707,
          -0.8874484300613403
        ],
        [
          -0.2771056890487671,
          0.8430759906768799,
          -0.4609070420265198
        ],
        [
          0.949999988079071,
          0.31224989891052246,
          -1.3648876695526724e-08
        ]
      ],
      "width": 0.0673493891954422,
      "height": 0.019999999552965164,
      "depth": 0.019999999552965164,
      "object_id": -1,
      "frame": "RealSense D455 aligned color camera frame",
      "rank": 30,
      "distance_to_object_center": 0.05269919098578364
    },
    {
      "score": 0.12681379914283752,
      "translation_camera": [
        0.044730495661497116,
        0.018684541806578636,
        0.3970000147819519
      ],
      "rotation_matrix_camera": [
        [
          0.14391817152500153,
          -0.43786168098449707,
          -0.8874484300613403
        ],
        [
          -0.2771056890487671,
          0.8430759906768799,
          -0.4609070420265198
        ],
        [
          0.949999988079071,
          0.31224989891052246,
          -1.3648876695526724e-08
        ]
      ],
      "width": 0.06601858884096146,
      "height": 0.019999999552965164,
      "depth": 0.019999999552965164,
      "object_id": -1,
      "frame": "RealSense D455 aligned color camera frame",
      "rank": 31,
      "distance_to_object_center": 0.055883375780759886
    },
    {
      "score": 0.12211456894874573,
      "translation_camera": [
        -0.004804163705557585,
        0.032891787588596344,
        0.40700003504753113
      ],
      "rotation_matrix_camera": [
        [
          0.8544597029685974,
          0.03706137463450432,
          -0.5181940793991089
        ],
        [
          -0.517707347869873,
          -0.022455113008618355,
          -0.8552629947662354
        ],
        [
          -0.04333333298563957,
          0.9990606307983398,
          -4.367032602203835e-08
        ]
      ],
      "width": 0.057822003960609436,
      "height": 0.019999999552965164,
      "depth": 0.019999999552965164,
      "object_id": -1,
      "frame": "RealSense D455 aligned color camera frame",
      "rank": 32,
      "distance_to_object_center": 0.06969814189859919
    },
    {
      "score": 0.12166960537433624,
      "translation_camera": [
        0.03918411210179329,
        0.014415026642382145,
        0.3930000364780426
      ],
      "rotation_matrix_camera": [
        [
          0.14391817152500153,
          -0.43786168098449707,
          -0.8874484300613403
        ],
        [
          -0.2771056890487671,
          0.8430759906768799,
          -0.4609070420265198
        ],
        [
          0.949999988079071,
          0.31224989891052246,
          -1.3648876695526724e-08
        ]
      ],
      "width": 0.06797175854444504,
      "height": 0.019999999552965164,
      "depth": 0.019999999552965164,
      "object_id": -1,
      "frame": "RealSense D455 aligned color camera frame",
      "rank": 33,
      "distance_to_object_center": 0.049184939290320175
    },
    {
      "score": 0.12133537977933884,
      "translation_camera": [
        0.02389701083302498,
        0.03890257701277733,
        0.3930000364780426
      ],
      "rotation_matrix_camera": [
        [
          0.05689249932765961,
          -0.11523131281137466,
          -0.9917080998420715
        ],
        [
          -0.43903547525405884,
          0.8892316222190857,
          -0.1285107433795929
        ],
        [
          0.8966667056083679,
          0.44270631670951843,
          -1.9351308111481558e-08
        ]
      ],
      "width": 0.06947360932826996,
      "height": 0.019999999552965164,
      "depth": 0.009999999776482582,
      "object_id": -1,
      "frame": "RealSense D455 aligned color camera frame",
      "rank": 34,
      "distance_to_object_center": 0.06937429996681295
    },
    {
      "score": 0.11624555289745331,
      "translation_camera": [
        0.038067858666181564,
        0.011325190775096416,
        0.3920000195503235
      ],
      "rotation_matrix_camera": [
        [
          0.14391817152500153,
          -0.43786168098449707,
          -0.8874484300613403
        ],
        [
          -0.2771056890487671,
          0.8430759906768799,
          -0.4609070420265198
        ],
        [
          0.949999988079071,
          0.31224989891052246,
          -1.3648876695526724e-08
        ]
      ],
      "width": 0.06794425845146179,
      "height": 0.019999999552965164,
      "depth": 0.019999999552965164,
      "object_id": -1,
      "frame": "RealSense D455 aligned color camera frame",
      "rank": 35,
      "distance_to_object_center": 0.04584685738804217
    },
    {
      "score": 0.1126062199473381,
      "translation_camera": [
        0.03315341845154762,
        0.03593283146619797,
        0.39400002360343933
      ],
      "rotation_matrix_camera": [
        [
          0.14391817152500153,
          -0.43786168098449707,
          -0.8874484300613403
        ],
        [
          -0.2771056890487671,
          0.8430759906768799,
          -0.4609070420265198
        ],
        [
          0.949999988079071,
          0.31224989891052246,
          -1.3648876695526724e-08
        ]
      ],
      "width": 0.06711111962795258,
      "height": 0.019999999552965164,
      "depth": 0.019999999552965164,
      "object_id": -1,
      "frame": "RealSense D455 aligned color camera frame",
      "rank": 36,
      "distance_to_object_center": 0.06782611564672446
    },
    {
      "score": 0.1118895560503006,
      "translation_camera": [
        0.022877871990203857,
        0.041963521391153336,
        0.3930000364780426
      ],
      "rotation_matrix_camera": [
        [
          0.05689249932765961,
          -0.11523131281137466,
          -0.9917080998420715
        ],
        [
          -0.43903547525405884,
          0.8892316222190857,
          -0.1285107433795929
        ],
        [
          0.8966667056083679,
          0.44270631670951843,
          -1.9351308111481558e-08
        ]
      ],
      "width": 0.0690692663192749,
      "height": 0.019999999552965164,
      "depth": 0.009999999776482582,
      "object_id": -1,
      "frame": "RealSense D455 aligned color camera frame",
      "rank": 37,
      "distance_to_object_center": 0.07235786842111748
    },
    {
      "score": 0.11138425022363663,
      "translation_camera": [
        0.03705131262540817,
        0.014378346502780914,
        0.3920000195503235
      ],
      "rotation_matrix_camera": [
        [
          0.14391817152500153,
          -0.43786168098449707,
          -0.8874484300613403
        ],
        [
          -0.2771056890487671,
          0.8430759906768799,
          -0.4609070420265198
        ],
        [
          0.949999988079071,
          0.31224989891052246,
          -1.3648876695526724e-08
        ]
      ],
      "width": 0.06922761350870132,
      "height": 0.019999999552965164,
      "depth": 0.019999999552965164,
      "object_id": -1,
      "frame": "RealSense D455 aligned color camera frame",
      "rank": 38,
      "distance_to_object_center": 0.04823373087327875
    },
    {
      "score": 0.10524604469537735,
      "translation_camera": [
        0.0322132334113121,
        0.04012605920433998,
        0.39500001072883606
      ],
      "rotation_matrix_camera": [
        [
          0.14391817152500153,
          -0.43786168098449707,
          -0.8874484300613403
        ],
        [
          -0.2771056890487671,
          0.8430759906768799,
          -0.4609070420265198
        ],
        [
          0.949999988079071,
          0.31224989891052246,
          -1.3648876695526724e-08
        ]
      ],
      "width": 0.06736490875482559,
      "height": 0.019999999552965164,
      "depth": 0.019999999552965164,
      "object_id": -1,
      "frame": "RealSense D455 aligned color camera frame",
      "rank": 39,
      "distance_to_object_center": 0.07181377536879892
    },
    {
      "score": 0.1046614944934845,
      "translation_camera": [
        0.032131683081388474,
        0.037978652864694595,
        0.39400002360343933
      ],
      "rotation_matrix_camera": [
        [
          0.14391817152500153,
          -0.43786168098449707,
          -0.8874484300613403
        ],
        [
          -0.2771056890487671,
          0.8430759906768799,
          -0.4609070420265198
        ],
        [
          0.949999988079071,
          0.31224989891052246,
          -1.3648876695526724e-08
        ]
      ],
      "width": 0.06760865449905396,
      "height": 0.019999999552965164,
      "depth": 0.019999999552965164,
      "object_id": -1,
      "frame": "RealSense D455 aligned color camera frame",
      "rank": 40,
      "distance_to_object_center": 0.06961857956698182
    },
    {
      "score": 0.10424277186393738,
      "translation_camera": [
        -0.005845211446285248,
        0.02859470807015896,
        0.406000018119812
      ],
      "rotation_matrix_camera": [
        [
          0.8544597029685974,
          0.03706137463450432,
          -0.5181940793991089
        ],
        [
          -0.517707347869873,
          -0.022455113008618355,
          -0.8552629947662354
        ],
        [
          -0.04333333298563957,
          0.9990606307983398,
          -4.367032602203835e-08
        ]
      ],
      "width": 0.06009713560342789,
      "height": 0.019999999552965164,
      "depth": 0.019999999552965164,
      "object_id": -1,
      "frame": "RealSense D455 aligned color camera frame",
      "rank": 41,
      "distance_to_object_center": 0.06595132246352374
    },
    {
      "score": 0.10253600031137466,
      "translation_camera": [
        -0.006762141361832619,
        -0.07633160054683685,
        0.398000031709671
      ],
      "rotation_matrix_camera": [
        [
          -0.22638584673404694,
          0.8128176331520081,
          -0.5367280840873718
        ],
        [
          -0.14400814473628998,
          0.5170480608940125,
          0.843755304813385
        ],
        [
          0.9633333683013916,
          0.26830747723579407,
          -1.1728092275120616e-08
        ]
      ],
      "width": 0.061908792704343796,
      "height": 0.019999999552965164,
      "depth": 0.009999999776482582,
      "object_id": -1,
      "frame": "RealSense D455 aligned color camera frame",
      "rank": 42,
      "distance_to_object_center": 0.05353048610848005
    },
    {
      "score": 0.10094299167394638,
      "translation_camera": [
        0.03332170844078064,
        0.04228385165333748,
        0.3960000276565552
      ],
      "rotation_matrix_camera": [
        [
          0.14391817152500153,
          -0.43786168098449707,
          -0.8874484300613403
        ],
        [
          -0.2771056890487671,
          0.8430759906768799,
          -0.4609070420265198
        ],
        [
          0.949999988079071,
          0.31224989891052246,
          -1.3648876695526724e-08
        ]
      ],
      "width": 0.06653702259063721,
      "height": 0.019999999552965164,
      "depth": 0.019999999552965164,
      "object_id": -1,
      "frame": "RealSense D455 aligned color camera frame",
      "rank": 43,
      "distance_to_object_center": 0.07422398159422612
    },
    {
      "score": 0.09975350648164749,
      "translation_camera": [
        0.03448222577571869,
        -0.09106653928756714,
        0.38600003719329834
      ],
      "rotation_matrix_camera": [
        [
          -0.9794528484344482,
          -0.09799384325742722,
          -0.17626510560512543
        ],
        [
          -0.19537703692913055,
          0.24437092244625092,
          0.9497950673103333
        ],
        [
          -0.05000000447034836,
          0.9647176265716553,
          -0.2584955394268036
        ]
      ],
      "width": 0.039134878665208817,
      "height": 0.019999999552965164,
      "depth": 0.029999999329447746,
      "object_id": -1,
      "frame": "RealSense D455 aligned color camera frame",
      "rank": 44,
      "distance_to_object_center": 0.06295593872113761
    },
    {
      "score": 0.09889934211969376,
      "translation_camera": [
        -0.006898063700646162,
        0.024378446862101555,
        0.406000018119812
      ],
      "rotation_matrix_camera": [
        [
          0.8544597029685974,
          0.03706137463450432,
          -0.5181940793991089
        ],
        [
          -0.517707347869873,
          -0.022455113008618355,
          -0.8552629947662354
        ],
        [
          -0.04333333298563957,
          0.9990606307983398,
          -4.367032602203835e-08
        ]
      ],
      "width": 0.05869841203093529,
      "height": 0.019999999552965164,
      "depth": 0.019999999552965164,
      "object_id": -1,
      "frame": "RealSense D455 aligned color camera frame",
      "rank": 45,
      "distance_to_object_center": 0.0626485250113906
    },
    {
      "score": 0.09831121563911438,
      "translation_camera": [
        -0.007950915955007076,
        0.022270316258072853,
        0.406000018119812
      ],
      "rotation_matrix_camera": [
        [
          0.8544597029685974,
          0.03706137463450432,
          -0.5181940793991089
        ],
        [
          -0.517707347869873,
          -0.022455113008618355,
          -0.8552629947662354
        ],
        [
          -0.04333333298563957,
          0.9990606307983398,
          -4.367032602203835e-08
        ]
      ],
      "width": 0.05810113623738289,
      "height": 0.019999999552965164,
      "depth": 0.019999999552965164,
      "object_id": -1,
      "frame": "RealSense D455 aligned color camera frame",
      "rank": 46,
      "distance_to_object_center": 0.06127414705737743
    },
    {
      "score": 0.09595581144094467,
      "translation_camera": [
        0.017374945804476738,
        -0.08261910080909729,
        0.3840000331401825
      ],
      "rotation_matrix_camera": [
        [
          0.4980229139328003,
          -0.7503672242164612,
          0.43465185165405273
        ],
        [
          -0.3856969475746155,
          -0.6406006217002869,
          -0.6639794111251831
        ],
        [
          0.7766667008399963,
          0.16303308308124542,
          -0.6084481477737427
        ]
      ],
      "width": 0.06696664541959763,
      "height": 0.019999999552965164,
      "depth": 0.019999999552965164,
      "object_id": -1,
      "frame": "RealSense D455 aligned color camera frame",
      "rank": 47,
      "distance_to_object_center": 0.05270758645329869
    },
    {
      "score": 0.09592077136039734,
      "translation_camera": [
        0.023836204782128334,
        0.036768149584531784,
        0.3920000195503235
      ],
