{
  "success": true,
  "method": "graspnet_baseline_d455",
  "num_candidates": 503,
  "object_center_camera": [
    -0.16318653299871694,
    0.008767024062918696,
    0.4790000319480896
  ],
  "candidates": [
    {
      "score": 0.5276408791542053,
      "translation_camera": [
        -0.14097240567207336,
        0.02004571072757244,
        0.4790000319480896
      ],
      "rotation_matrix_camera": [
        [
          0.05689249932765961,
          -0.11523131281137466,
          -0.9917080998420715
        ],
        [
          -0.43903547525405884,
          0.8892316222190857,
          -0.1285107433795929
        ],
        [
          0.8966667056083679,
          0.44270631670951843,
          -1.9351308111481558e-08
        ]
      ],
      "width": 0.07892294973134995,
      "height": 0.019999999552965164,
      "depth": 0.029999999329447746,
      "object_id": -1,
      "frame": "RealSense D455 aligned color camera frame",
      "rank": 0,
      "distance_to_object_center": 0.02491337443550694
    },
    {
      "score": 0.49223899841308594,
      "translation_camera": [
        -0.20138368010520935,
        0.022484496235847473,
        0.4780000150203705
      ],
      "rotation_matrix_camera": [
        [
          0.5313771963119507,
          -0.7907350063323975,
          -0.3039349615573883
        ],
        [
          -0.16952382028102875,
          0.2522660195827484,
          -0.9526927471160889
        ],
        [
          0.8300000429153442,
          0.557763397693634,
          -2.4380613083963e-08
        ]
      ],
      "width": 0.06761738657951355,
      "height": 0.019999999552965164,
      "depth": 0.019999999552965164,
      "object_id": -1,
      "frame": "RealSense D455 aligned color camera frame",
      "rank": 1,
      "distance_to_object_center": 0.04059792018990409
    },
    {
      "score": 0.4856607913970947,
      "translation_camera": [
        -0.14469686150550842,
        0.02004571072757244,
        0.4790000319480896
      ],
      "rotation_matrix_camera": [
        [
          0.05689249932765961,
          -0.11523131281137466,
          -0.9917080998420715
        ],
        [
          -0.43903547525405884,
          0.8892316222190857,
          -0.1285107433795929
        ],
        [
          0.8966667056083679,
          0.44270631670951843,
          -1.9351308111481558e-08
        ]
      ],
      "width": 0.07745381444692612,
      "height": 0.019999999552965164,
      "depth": 0.029999999329447746,
      "object_id": -1,
      "frame": "RealSense D455 aligned color camera frame",
      "rank": 2,
      "distance_to_object_center": 0.021658179166453625
    },
    {
      "score": 0.4829939901828766,
      "translation_camera": [
        -0.13848945498466492,
        0.01880279928445816,
        0.4790000319480896
      ],
      "rotation_matrix_camera": [
        [
          0.05689249932765961,
          -0.11523131281137466,
          -0.9917080998420715
        ],
        [
          -0.43903547525405884,
          0.8892316222190857,
          -0.1285107433795929
        ],
        [
          0.8966667056083679,
          0.44270631670951843,
          -1.9351308111481558e-08
        ]
      ],
      "width": 0.07944973558187485,
      "height": 0.019999999552965164,
      "depth": 0.029999999329447746,
      "object_id": -1,
      "frame": "RealSense D455 aligned color camera frame",
      "rank": 3,
      "distance_to_object_center": 0.0266582528821646
    },
    {
      "score": 0.47958606481552124,
      "translation_camera": [
        -0.17144246399402618,
        0.005077210254967213,
        0.4740000367164612
      ],
      "rotation_matrix_camera": [
        [
          0.05689249932765961,
          -0.11523131281137466,
          -0.9917080998420715
        ],
        [
          -0.43903547525405884,
          0.8892316222190857,
          -0.1285107433795929
        ],
        [
          0.8966667056083679,
          0.44270631670951843,
          -1.9351308111481558e-08
        ]
      ],
      "width": 0.07556669414043427,
      "height": 0.019999999552965164,
      "depth": 0.029999999329447746,
      "object_id": -1,
      "frame": "RealSense D455 aligned color camera frame",
      "rank": 4,
      "distance_to_object_center": 0.01033320254582113
    },
    {
      "score": 0.478641539812088,
      "translation_camera": [
        -0.1428563892841339,
        0.01501112338155508,
        0.47700002789497375
      ],
      "rotation_matrix_camera": [
        [
          0.05689249932765961,
          -0.11523131281137466,
          -0.9917080998420715
        ],
        [
          -0.43903547525405884,
          0.8892316222190857,
          -0.1285107433795929
        ],
        [
          0.8966667056083679,
          0.44270631670951843,
          -1.9351308111481558e-08
        ]
      ],
      "width": 0.07472454756498337,
      "height": 0.019999999552965164,
      "depth": 0.029999999329447746,
      "object_id": -1,
      "frame": "RealSense D455 aligned color camera frame",
      "rank": 5,
      "distance_to_object_center": 0.02136126250878152
    },
    {
      "score": 0.47624367475509644,
      "translation_camera": [
        -0.14469686150550842,
        0.01755988784134388,
        0.4790000319480896
      ],
      "rotation_matrix_camera": [
        [
          0.05689249932765961,
          -0.11523131281137466,
          -0.9917080998420715
        ],
        [
          -0.43903547525405884,
          0.8892316222190857,
          -0.1285107433795929
        ],
        [
          0.8966667056083679,
          0.44270631670951843,
          -1.9351308111481558e-08
        ]
      ],
      "width": 0.07685216516256332,
      "height": 0.019999999552965164,
      "depth": 0.029999999329447746,
      "object_id": -1,
      "frame": "RealSense D455 aligned color camera frame",
      "rank": 6,
      "distance_to_object_center": 0.02047394454795434
    },
    {
      "score": 0.4713010787963867,
      "translation_camera": [
        -0.1465652883052826,
        0.01624884642660618,
        0.47700002789497375
      ],
      "rotation_matrix_camera": [
        [
          0.05689249932765961,
          -0.11523131281137466,
          -0.9917080998420715
        ],
        [
          -0.43903547525405884,
          0.8892316222190857,
          -0.1285107433795929
        ],
        [
          0.8966667056083679,
          0.44270631670951843,
          -1.9351308111481558e-08
        ]
      ],
      "width": 0.07609031349420547,
      "height": 0.019999999552965164,
      "depth": 0.029999999329447746,
      "object_id": -1,
      "frame": "RealSense D455 aligned color camera frame",
      "rank": 7,
      "distance_to_object_center": 0.01833694241833336
    },
    {
      "score": 0.46653375029563904,
      "translation_camera": [
        -0.14903788268566132,
        0.01624884642660618,
        0.47700002789497375
      ],
      "rotation_matrix_camera": [
        [
          0.05689249932765961,
          -0.11523131281137466,
          -0.9917080998420715
        ],
        [
          -0.43903547525405884,
          0.8892316222190857,
          -0.1285107433795929
        ],
        [
          0.8966667056083679,
          0.44270631670951843,
          -1.9351308111481558e-08
        ]
      ],
      "width": 0.07598880678415298,
      "height": 0.019999999552965164,
      "depth": 0.029999999329447746,
      "object_id": -1,
      "frame": "RealSense D455 aligned color camera frame",
      "rank": 8,
      "distance_to_object_center": 0.01612953774214819
    },
    {
      "score": 0.46560096740722656,
      "translation_camera": [
        -0.16747377812862396,
        -0.024080093950033188,
        0.6240000128746033
      ],
      "rotation_matrix_camera": [
        [
          0.24000343680381775,
          -0.018454622477293015,
          -0.9705966114997864
        ],
        [
          -0.9677399396896362,
          0.07441239804029465,
          -0.24071189761161804
        ],
        [
          0.07666666805744171,
          0.997056782245636,
          -4.3582737419001205e-08
        ]
      ],
      "width": 0.05925639346241951,
      "height": 0.019999999552965164,
      "depth": 0.019999999552965164,
      "object_id": -1,
      "frame": "RealSense D455 aligned color camera frame",
      "rank": 9,
      "distance_to_object_center": 0.1487356988125246
    },
    {
      "score": 0.4631056785583496,
      "translation_camera": [
        -0.18086259067058563,
        -0.02553451620042324,
        0.6200000643730164
      ],
      "rotation_matrix_camera": [
        [
          0.24000343680381775,
          -0.018454622477293015,
          -0.9705966114997864
        ],
        [
          -0.9677399396896362,
          0.07441239804029465,
          -0.24071189761161804
        ],
        [
          0.07666666805744171,
          0.997056782245636,
          -4.3582737419001205e-08
        ]
      ],
      "width": 0.055741168558597565,
      "height": 0.019999999552965164,
      "depth": 0.019999999552965164,
      "object_id": -1,
      "frame": "RealSense D455 aligned color camera frame",
      "rank": 10,
      "distance_to_object_center": 0.1461849781033855
    },
    {
      "score": 0.4624451994895935,
      "translation_camera": [
        -0.16331906616687775,
        0.02004571072757244,
        0.4790000319480896
      ],
      "rotation_matrix_camera": [
        [
          0.05689249932765961,
          -0.11523131281137466,
          -0.9917080998420715
        ],
        [
          -0.43903547525405884,
          0.8892316222190857,
          -0.1285107433795929
        ],
        [
          0.8966667056083679,
          0.44270631670951843,
          -1.9351308111481558e-08
        ]
      ],
      "width": 0.07394109666347504,
      "height": 0.019999999552965164,
      "depth": 0.019999999552965164,
      "object_id": -1,
      "frame": "RealSense D455 aligned color camera frame",
      "rank": 11,
      "distance_to_object_center": 0.011279465320665734
    },
    {
      "score": 0.4620310962200165,
      "translation_camera": [
        -0.1688200980424881,
        -0.02565806917846203,
        0.6230000257492065
      ],
      "rotation_matrix_camera": [
        [
          0.24000343680381775,
          -0.018454622477293015,
          -0.9705966114997864
        ],
        [
          -0.9677399396896362,
          0.07441239804029465,
          -0.24071189761161804
        ],
        [
          0.07666666805744171,
          0.997056782245636,
          -4.3582737419001205e-08
        ]
      ],
      "width": 0.0579000748693943,
      "height": 0.019999999552965164,
      "depth": 0.019999999552965164,
      "object_id": -1,
      "frame": "RealSense D455 aligned color camera frame",
      "rank": 12,
      "distance_to_object_center": 0.14816484844423078
    },
    {
      "score": 0.4591793417930603,
      "translation_camera": [
        -0.14067809283733368,
        0.015042592771351337,
        0.4780000150203705
      ],
      "rotation_matrix_camera": [
        [
          0.05689249932765961,
          -0.11523131281137466,
          -0.9917080998420715
        ],
        [
          -0.43903547525405884,
          0.8892316222190857,
          -0.1285107433795929
        ],
        [
          0.8966667056083679,
          0.44270631670951843,
          -1.9351308111481558e-08
        ]
      ],
      "width": 0.07646766304969788,
      "height": 0.019999999552965164,
      "depth": 0.029999999329447746,
      "object_id": -1,
      "frame": "RealSense D455 aligned color camera frame",
      "rank": 13,
      "distance_to_object_center": 0.023388302096743887
    },
    {
      "score": 0.45773500204086304,
      "translation_camera": [
        -0.14717981219291687,
        0.02004571072757244,
        0.4790000319480896
      ],
      "rotation_matrix_camera": [
        [
          0.05689249932765961,
          -0.11523131281137466,
          -0.9917080998420715
        ],
        [
          -0.43903547525405884,
          0.8892316222190857,
          -0.1285107433795929
        ],
        [
          0.8966667056083679,
          0.44270631670951843,
          -1.9351308111481558e-08
        ]
      ],
      "width": 0.0767754390835762,
      "height": 0.019999999552965164,
      "depth": 0.029999999329447746,
      "object_id": -1,
      "frame": "RealSense D455 aligned color camera frame",
      "rank": 14,
      "distance_to_object_center": 0.019581212522064892
    },
    {
      "score": 0.45432621240615845,
      "translation_camera": [
        -0.14255690574645996,
        0.01250939816236496,
        0.476000040769577
      ],
      "rotation_matrix_camera": [
        [
          0.05689249932765961,
          -0.11523131281137466,
          -0.9917080998420715
        ],
        [
          -0.43903547525405884,
          0.8892316222190857,
          -0.1285107433795929
        ],
        [
          0.8966667056083679,
          0.44270631670951843,
          -1.9351308111481558e-08
        ]
      ],
      "width": 0.07407935708761215,
      "height": 0.019999999552965164,
      "depth": 0.029999999329447746,
      "object_id": -1,
      "frame": "RealSense D455 aligned color camera frame",
      "rank": 15,
      "distance_to_object_center": 0.02117986854393632
    },
    {
      "score": 0.4524860382080078,
      "translation_camera": [
        -0.1505892127752304,
        0.017523227259516716,
        0.4780000150203705
      ],
      "rotation_matrix_camera": [
        [
          0.05689249932765961,
          -0.11523131281137466,
          -0.9917080998420715
        ],
        [
          -0.43903547525405884,
          0.8892316222190857,
          -0.1285107433795929
        ],
        [
          0.8966667056083679,
          0.44270631670951843,
          -1.9351308111481558e-08
        ]
      ],
      "width": 0.07602246105670929,
      "height": 0.019999999552965164,
      "depth": 0.029999999329447746,
      "object_id": -1,
      "frame": "RealSense D455 aligned color camera frame",
      "rank": 16,
      "distance_to_object_center": 0.015374121278593481
    },
    {
      "score": 0.4522392153739929,
      "translation_camera": [
        -0.2030084878206253,
        0.02115529216825962,
        0.476000040769577
      ],
      "rotation_matrix_camera": [
        [
          0.4980229139328003,
          0.22324463725090027,
          -0.8379349708557129
        ],
        [
          -0.3856969475746155,
          0.9224773645401001,
          0.016531437635421753
        ],
        [
          0.7766667008399963,
          0.3149559199810028,
          0.5455196499824524
        ]
      ],
      "width": 0.08375570178031921,
      "height": 0.019999999552965164,
      "depth": 0.029999999329447746,
      "object_id": -1,
      "frame": "RealSense D455 aligned color camera frame",
      "rank": 17,
      "distance_to_object_center": 0.04181216592762293
    },
    {
      "score": 0.4504382014274597,
      "translation_camera": [
        -0.15835314989089966,
        0.02128862403333187,
        0.4790000319480896
      ],
      "rotation_matrix_camera": [
        [
          0.05689249932765961,
          -0.11523131281137466,
          -0.9917080998420715
        ],
        [
          -0.43903547525405884,
          0.8892316222190857,
          -0.1285107433795929
        ],
        [
          0.8966667056083679,
          0.44270631670951843,
          -1.9351308111481558e-08
        ]
      ],
      "width": 0.07553285360336304,
      "height": 0.019999999552965164,
      "depth": 0.019999999552965164,
      "object_id": -1,
      "frame": "RealSense D455 aligned color camera frame",
      "rank": 18,
      "distance_to_object_center": 0.013422073538987358
    },
    {
      "score": 0.44839030504226685,
      "translation_camera": [
        -0.14749173820018768,
        0.013744526542723179,
        0.476000040769577
      ],
      "rotation_matrix_camera": [
        [
          0.05689249932765961,
          -0.11523131281137466,
          -0.9917080998420715
        ],
        [
          -0.43903547525405884,
          0.8892316222190857,
          -0.1285107433795929
        ],
        [
          0.8966667056083679,
          0.44270631670951843,
          -1.9351308111481558e-08
        ]
      ],
      "width": 0.07570769637823105,
      "height": 0.019999999552965164,
      "depth": 0.029999999329447746,
      "object_id": -1,
      "frame": "RealSense D455 aligned color camera frame",
      "rank": 19,
      "distance_to_object_center": 0.01673624993167687
    },
    {
      "score": 0.4470983147621155,
      "translation_camera": [
        -0.1496627777814865,
        0.01880279928445816,
        0.4790000319480896
      ],
      "rotation_matrix_camera": [
        [
          0.05689249932765961,
          -0.11523131281137466,
          -0.9917080998420715
        ],
        [
          -0.43903547525405884,
          0.8892316222190857,
          -0.1285107433795929
        ],
        [
          0.8966667056083679,
          0.44270631670951843,
          -1.9351308111481558e-08
        ]
      ],
      "width": 0.07690567523241043,
      "height": 0.019999999552965164,
      "depth": 0.029999999329447746,
      "object_id": -1,
      "frame": "RealSense D455 aligned color camera frame",
      "rank": 20,
      "distance_to_object_center": 0.01684068702496524
    },
    {
      "score": 0.4452827274799347,
      "translation_camera": [
        -0.1530669927597046,
        0.017523227259516716,
        0.4780000150203705
      ],
      "rotation_matrix_camera": [
        [
          0.05689249932765961,
          -0.11523131281137466,
          -0.9917080998420715
        ],
        [
          -0.43903547525405884,
          0.8892316222190857,
          -0.1285107433795929
        ],
        [
          0.8966667056083679,
          0.44270631670951843,
          -1.9351308111481558e-08
        ]
      ],
      "width": 0.07623361051082611,
      "height": 0.019999999552965164,
      "depth": 0.029999999329447746,
      "object_id": -1,
      "frame": "RealSense D455 aligned color camera frame",
      "rank": 21,
      "distance_to_object_center": 0.013419248225024688
    },
    {
      "score": 0.4421851634979248,
      "translation_camera": [
        -0.1382003277540207,
        0.016282910481095314,
        0.4780000150203705
      ],
      "rotation_matrix_camera": [
        [
          0.05689249932765961,
          -0.11523131281137466,
          -0.9917080998420715
        ],
        [
          -0.43903547525405884,
          0.8892316222190857,
          -0.1285107433795929
        ],
        [
          0.8966667056083679,
          0.44270631670951843,
          -1.9351308111481558e-08
        ]
      ],
      "width": 0.07770191133022308,
      "height": 0.019999999552965164,
      "depth": 0.029999999329447746,
      "object_id": -1,
      "frame": "RealSense D455 aligned color camera frame",
      "rank": 22,
      "distance_to_object_center": 0.026111281757829174
    },
    {
      "score": 0.44167396426200867,
      "translation_camera": [
        -0.14348852634429932,
        0.010018052533268929,
        0.4750000238418579
      ],
      "rotation_matrix_camera": [
        [
          0.05689249932765961,
          -0.11523131281137466,
          -0.9917080998420715
        ],
        [
          -0.43903547525405884,
          0.8892316222190857,
          -0.1285107433795929
        ],
        [
          0.8966667056083679,
          0.44270631670951843,
          -1.9351308111481558e-08
        ]
      ],
      "width": 0.07558657228946686,
      "height": 0.019999999552965164,
      "depth": 0.029999999329447746,
      "object_id": -1,
      "frame": "RealSense D455 aligned color camera frame",
      "rank": 23,
      "distance_to_object_center": 0.020138932524864046
    },
    {
      "score": 0.44035589694976807,
      "translation_camera": [
        -0.15119284391403198,
        0.014979653991758823,
        0.476000040769577
      ],
      "rotation_matrix_camera": [
        [
          0.05689249932765961,
          -0.11523131281137466,
          -0.9917080998420715
        ],
        [
          -0.43903547525405884,
          0.8892316222190857,
          -0.1285107433795929
        ],
        [
          0.8966667056083679,
          0.44270631670951843,
          -1.9351308111481558e-08
        ]
      ],
      "width": 0.07624883949756622,
      "height": 0.019999999552965164,
      "depth": 0.03999999910593033,
      "object_id": -1,
      "frame": "RealSense D455 aligned color camera frame",
      "rank": 24,
      "distance_to_object_center": 0.013836375810303954
    },
    {
      "score": 0.4400729835033417,
      "translation_camera": [
        -0.1410263031721115,
        0.010018052533268929,
        0.4750000238418579
      ],
      "rotation_matrix_camera": [
        [
          0.05689249932765961,
          -0.11523131281137466,
          -0.9917080998420715
        ],
        [
          -0.43903547525405884,
          0.8892316222190857,
          -0.1285107433795929
        ],
        [
          0.8966667056083679,
          0.44270631670951843,
          -1.9351308111481558e-08
        ]
      ],
      "width": 0.07658698409795761,
      "height": 0.019999999552965164,
      "depth": 0.029999999329447746,
      "object_id": -1,
      "frame": "RealSense D455 aligned color camera frame",
      "rank": 25,
      "distance_to_object_center": 0.022553069038415124
    },
    {
      "score": 0.4400433301925659,
      "translation_camera": [
        -0.2087375670671463,
        0.005087921395897865,
        0.4750000238418579
      ],
      "rotation_matrix_camera": [
        [
          0.4980229139328003,
          0.4325112998485565,
          -0.7516031265258789
        ],
        [
          -0.3856969475746155,
          0.8867660760879517,
          0.2547228932380676
        ],
        [
          0.7766667008399963,
          0.16303318738937378,
          0.6084480881690979
        ]
      ],
      "width": 0.08477608859539032,
      "height": 0.019999999552965164,
      "depth": 0.029999999329447746,
      "object_id": -1,
      "frame": "RealSense D455 aligned color camera frame",
      "rank": 26,
      "distance_to_object_center": 0.04587409471572831
    },
    {
      "score": 0.43962883949279785,
      "translation_camera": [
        -0.13914750516414642,
        0.013773401267826557,
        0.47700002789497375
      ],
      "rotation_matrix_camera": [
        [
          0.05689249932765961,
          -0.11523131281137466,
          -0.9917080998420715
        ],
        [
          -0.43903547525405884,
          0.8892316222190857,
          -0.1285107433795929
        ],
        [
          0.8966667056083679,
          0.44270631670951843,
          -1.9351308111481558e-08
        ]
      ],
      "width": 0.07695591449737549,
      "height": 0.019999999552965164,
      "depth": 0.029999999329447746,
      "object_id": -1,
      "frame": "RealSense D455 aligned color camera frame",
      "rank": 27,
      "distance_to_object_center": 0.02463612567270992
    },
    {
      "score": 0.4315524995326996,
      "translation_camera": [
        -0.13762208819389343,
        0.01003914326429367,
        0.476000040769577
      ],
      "rotation_matrix_camera": [
        [
          0.05689249932765961,
          -0.11523131281137466,
          -0.9917080998420715
        ],
        [
          -0.43903547525405884,
          0.8892316222190857,
          -0.1285107433795929
        ],
        [
          0.8966667056083679,
          0.44270631670951843,
          -1.9351308111481558e-08
        ]
      ],
      "width": 0.07795070111751556,
      "height": 0.019999999552965164,
      "depth": 0.029999999329447746,
      "object_id": -1,
      "frame": "RealSense D455 aligned color camera frame",
      "rank": 28,
      "distance_to_object_center": 0.02577128387396576
    },
    {
      "score": 0.43066316843032837,
      "translation_camera": [
        -0.14471964538097382,
        0.01248311810195446,
        0.4750000238418579
      ],
      "rotation_matrix_camera": [
        [
          0.05689249932765961,
          -0.11523131281137466,
          -0.9917080998420715
        ],
        [
          -0.43903547525405884,
          0.8892316222190857,
          -0.1285107433795929
        ],
        [
          0.8966667056083679,
          0.44270631670951843,
          -1.9351308111481558e-08
        ]
      ],
      "width": 0.07513721287250519,
      "height": 0.019999999552965164,
      "depth": 0.029999999329447746,
      "object_id": -1,
      "frame": "RealSense D455 aligned color camera frame",
      "rank": 29,
      "distance_to_object_center": 0.01925708591774027
    },
    {
      "score": 0.42670881748199463,
      "translation_camera": [
        -0.1658564805984497,
        -0.025699254125356674,
        0.6240000128746033
      ],
      "rotation_matrix_camera": [
        [
          0.24000343680381775,
          -0.018454622477293015,
          -0.9705966114997864
        ],
        [
          -0.9677399396896362,
          0.07441239804029465,
          -0.24071189761161804
        ],
        [
          0.07666666805744171,
          0.997056782245636,
          -4.3582737419001205e-08
        ]
      ],
      "width": 0.05762731656432152,
      "height": 0.019999999552965164,
      "depth": 0.019999999552965164,
      "object_id": -1,
      "frame": "RealSense D455 aligned color camera frame",
      "rank": 30,
      "distance_to_object_center": 0.14906390381653847
    },
    {
      "score": 0.4265391528606415,
      "translation_camera": [
        -0.1499752253293991,
        0.02133306674659252,
        0.48000001907348633
      ],
      "rotation_matrix_camera": [
        [
          0.05689249932765961,
          -0.11523131281137466,
          -0.9917080998420715
        ],
        [
          -0.43903547525405884,
          0.8892316222190857,
          -0.1285107433795929
        ],
        [
          0.8966667056083679,
          0.44270631670951843,
          -1.9351308111481558e-08
        ]
      ],
      "width": 0.0772104486823082,
      "height": 0.019999999552965164,
      "depth": 0.029999999329447746,
      "object_id": -1,
      "frame": "RealSense D455 aligned color camera frame",
      "rank": 31,
      "distance_to_object_center": 0.018260450523255107
    },
    {
      "score": 0.4256044030189514,
      "translation_camera": [
        -0.1750001311302185,
        0.013773401267826557,
        0.47700002789497375
      ],
      "rotation_matrix_camera": [
        [
          0.05689249932765961,
          -0.11523131281137466,
          -0.9917080998420715
        ],
        [
          -0.43903547525405884,
          0.8892316222190857,
          -0.1285107433795929
        ],
        [
          0.8966667056083679,
          0.44270631670951843,
          -1.9351308111481558e-08
        ]
      ],
      "width": 0.07553184032440186,
      "height": 0.019999999552965164,
      "depth": 0.029999999329447746,
      "object_id": -1,
      "frame": "RealSense D455 aligned color camera frame",
      "rank": 32,
      "distance_to_object_center": 0.012985566208021819
    },
    {
      "score": 0.4254176616668701,
      "translation_camera": [
        -0.1400894969701767,
        0.01250939816236496,
        0.476000040769577
      ],
      "rotation_matrix_camera": [
        [
          0.05689249932765961,
          -0.11523131281137466,
          -0.9917080998420715
        ],
        [
          -0.43903547525405884,
          0.8892316222190857,
          -0.1285107433795929
        ],
        [
          0.8966667056083679,
          0.44270631670951843,
          -1.9351308111481558e-08
        ]
      ],
      "width": 0.07577917724847794,
      "height": 0.019999999552965164,
      "depth": 0.029999999329447746,
      "object_id": -1,
      "frame": "RealSense D455 aligned color camera frame",
      "rank": 33,
      "distance_to_object_center": 0.023589794070212767
    },
    {
      "score": 0.42508846521377563,
      "translation_camera": [
        -0.15678365528583527,
        0.018763544037938118,
        0.4780000150203705
      ],
      "rotation_matrix_camera": [
        [
          0.05689249932765961,
          -0.11523131281137466,
          -0.9917080998420715
        ],
        [
          -0.43903547525405884,
          0.8892316222190857,
          -0.1285107433795929
        ],
        [
          0.8966667056083679,
          0.44270631670951843,
          -1.9351308111481558e-08
        ]
      ],
      "width": 0.0774843618273735,
      "height": 0.019999999552965164,
      "depth": 0.029999999329447746,
      "object_id": -1,
      "frame": "RealSense D455 aligned color camera frame",
      "rank": 34,
      "distance_to_object_center": 0.011913323989248504
    },
    {
      "score": 0.41913777589797974,
      "translation_camera": [
        -0.20343497395515442,
        0.023675179108977318,
        0.47700002789497375
      ],
      "rotation_matrix_camera": [
        [
          0.4980229139328003,
          0.22324463725090027,
          -0.8379349708557129
        ],
        [
          -0.3856969475746155,
          0.9224773645401001,
          0.016531437635421753
        ],
        [
          0.7766667008399963,
          0.3149559199810028,
          0.5455196499824524
        ]
      ],
      "width": 0.07725099474191666,
      "height": 0.019999999552965164,
      "depth": 0.029999999329447746,
      "object_id": -1,
      "frame": "RealSense D455 aligned color camera frame",
      "rank": 35,
      "distance_to_object_center": 0.04296731435072056
    },
    {
      "score": 0.4175959825515747,
      "translation_camera": [
        -0.15214574337005615,
        0.02128862403333187,
        0.4790000319480896
      ],
      "rotation_matrix_camera": [
        [
          0.05689249932765961,
          -0.11523131281137466,
          -0.9917080998420715
        ],
        [
          -0.43903547525405884,
          0.8892316222190857,
          -0.1285107433795929
        ],
        [
          0.8966667056083679,
          0.44270631670951843,
          -1.9351308111481558e-08
        ]
      ],
      "width": 0.07793460041284561,
      "height": 0.019999999552965164,
      "depth": 0.03999999910593033,
      "object_id": -1,
      "frame": "RealSense D455 aligned color camera frame",
      "rank": 36,
      "distance_to_object_center": 0.016693995969910704
    },
    {
      "score": 0.4174633324146271,
      "translation_camera": [
        -0.15366025269031525,
        0.014979653991758823,
        0.476000040769577
      ],
      "rotation_matrix_camera": [
        [
          0.05689249932765961,
          -0.11523131281137466,
          -0.9917080998420715
        ],
        [
          -0.43903547525405884,
          0.8892316222190857,
          -0.1285107433795929
        ],
        [
          0.8966667056083679,
          0.44270631670951843,
          -1.9351308111481558e-08
        ]
      ],
      "width": 0.07561302930116653,
      "height": 0.019999999552965164,
      "depth": 0.029999999329447746,
      "object_id": -1,
      "frame": "RealSense D455 aligned color camera frame",
      "rank": 37,
      "distance_to_object_center": 0.011762088854370857
    },
    {
      "score": 0.41634511947631836,
      "translation_camera": [
        -0.1407294124364853,
        0.0063071479089558125,
        0.4740000367164612
      ],
      "rotation_matrix_camera": [
        [
          0.05689249932765961,
          -0.11523131281137466,
          -0.9917080998420715
        ],
        [
          -0.43903547525405884,
          0.8892316222190857,
          -0.1285107433795929
        ],
        [
          0.8966667056083679,
          0.44270631670951843,
          -1.9351308111481558e-08
        ]
      ],
      "width": 0.07422443479299545,
      "height": 0.019999999552965164,
      "depth": 0.029999999329447746,
      "object_id": -1,
      "frame": "RealSense D455 aligned color camera frame",
      "rank": 38,
      "distance_to_object_center": 0.023138133177846257
    },
    {
      "score": 0.41581887006759644,
      "translation_camera": [
        -0.1524265557527542,
        0.01250939816236496,
        0.476000040769577
      ],
      "rotation_matrix_camera": [
        [
          0.05689249932765961,
          -0.11523131281137466,
          -0.9917080998420715
        ],
        [
          -0.43903547525405884,
          0.8892316222190857,
          -0.1285107433795929
        ],
        [
          0.8966667056083679,
          0.44270631670951843,
          -1.9351308111481558e-08
        ]
      ],
      "width": 0.07585898041725159,
      "height": 0.019999999552965164,
      "depth": 0.029999999329447746,
      "object_id": -1,
      "frame": "RealSense D455 aligned color camera frame",
      "rank": 39,
      "distance_to_object_center": 0.011780595116758538
    },
    {
      "score": 0.41411635279655457,
      "translation_camera": [
        -0.1385640650987625,
        0.007552986964583397,
        0.4750000238418579
      ],
      "rotation_matrix_camera": [
        [
          0.05689249932765961,
          -0.11523131281137466,
          -0.9917080998420715
        ],
        [
          -0.43903547525405884,
          0.8892316222190857,
          -0.1285107433795929
        ],
        [
          0.8966667056083679,
          0.44270631670951843,
          -1.9351308111481558e-08
        ]
      ],
      "width": 0.07514524459838867,
      "height": 0.019999999552965164,
      "depth": 0.029999999329447746,
      "object_id": -1,
      "frame": "RealSense D455 aligned color camera frame",
      "rank": 40,
      "distance_to_object_center": 0.02497478481209277
    },
    {
      "score": 0.4134523272514343,
      "translation_camera": [
        -0.14318645000457764,
        0.0075370860286056995,
        0.4740000367164612
      ],
      "rotation_matrix_camera": [
        [
          0.05689249932765961,
          -0.11523131281137466,
          -0.9917080998420715
        ],
        [
          -0.43903547525405884,
          0.8892316222190857,
          -0.1285107433795929
        ],
        [
          0.8966667056083679,
          0.44270631670951843,
          -1.9351308111481558e-08
        ]
      ],
      "width": 0.07566502690315247,
      "height": 0.019999999552965164,
      "depth": 0.029999999329447746,
      "object_id": -1,
      "frame": "RealSense D455 aligned color camera frame",
      "rank": 41,
      "distance_to_object_center": 0.02065226427433604
    },
    {
      "score": 0.41198182106018066,
      "translation_camera": [
        -0.19313883781433105,
        0.01250939816236496,
        0.476000040769577
      ],
      "rotation_matrix_camera": [
        [
          0.5313771963119507,
          0.08892138302326202,
          -0.8424555659294128
        ],
        [
          -0.16952382028102875,
          0.9855217933654785,
          -0.002904742956161499
        ],
        [
          0.8300000429153442,
          0.1443597823381424,
          0.5387580394744873
        ]
      ],
      "width": 0.08305162191390991,
      "height": 0.019999999552965164,
      "depth": 0.019999999552965164,
      "object_id": -1,
      "frame": "RealSense D455 aligned color camera frame",
      "rank": 42,
      "distance_to_object_center": 0.030333906354751278
    },
    {
      "score": 0.4066166579723358,
      "translation_camera": [
        -0.147487074136734,
        0.02257857285439968,
        0.48000001907348633
      ],
      "rotation_matrix_camera": [
        [
          0.05689249932765961,
          -0.11523131281137466,
          -0.9917080998420715
        ],
        [
          -0.43903547525405884,
          0.8892316222190857,
          -0.1285107433795929
        ],
        [
          0.8966667056083679,
          0.44270631670951843,
          -1.9351308111481558e-08
        ]
      ],
      "width": 0.07756482064723969,
      "height": 0.019999999552965164,
      "depth": 0.029999999329447746,
      "object_id": -1,
      "frame": "RealSense D455 aligned color camera frame",
      "rank": 43,
      "distance_to_object_center": 0.02093398822082198
    },
    {
      "score": 0.40559008717536926,
      "translation_camera": [
        -0.1366749107837677,
        0.01253567822277546,
        0.47700002789497375
      ],
      "rotation_matrix_camera": [
        [
          0.05689249932765961,
          -0.11523131281137466,
          -0.9917080998420715
        ],
        [
          -0.43903547525405884,
          0.8892316222190857,
          -0.1285107433795929
        ],
        [
          0.8966667056083679,
          0.44270631670951843,
          -1.9351308111481558e-08
        ]
      ],
      "width": 0.07862676680088043,
      "height": 0.019999999552965164,
      "depth": 0.029999999329447746,
      "object_id": -1,
      "frame": "RealSense D455 aligned color camera frame",
      "rank": 44,
      "distance_to_object_center": 0.026852725799390933
    },
    {
      "score": 0.4014219045639038,
      "translation_camera": [
        -0.14564348757266998,
        0.0087670236825943,
        0.4740000367164612
      ],
      "rotation_matrix_camera": [
        [
          0.05689249932765961,
          -0.11523131281137466,
          -0.9917080998420715
        ],
        [
          -0.43903547525405884,
          0.8892316222190857,
          -0.1285107433795929
        ],
        [
          0.8966667056083679,
          0.44270631670951843,
          -1.9351308111481558e-08
        ]
      ],
      "width": 0.07601553946733475,
      "height": 0.019999999552965164,
      "depth": 0.029999999329447746,
      "object_id": -1,
      "frame": "RealSense D455 aligned color camera frame",
      "rank": 45,
      "distance_to_object_center": 0.018241666457225175
    },
    {
      "score": 0.40023359656333923,
      "translation_camera": [
        -0.15645566582679749,
        0.01624884642660618,
        0.47700002789497375
      ],
      "rotation_matrix_camera": [
        [
          0.05689249932765961,
          -0.11523131281137466,
          -0.9917080998420715
        ],
        [
          -0.43903547525405884,
          0.8892316222190857,
          -0.1285107433795929
        ],
        [
          0.8966667056083679,
          0.44270631670951843,
          -1.9351308111481558e-08
        ]
      ],
      "width": 0.07537080347537994,
      "height": 0.019999999552965164,
      "depth": 0.029999999329447746,
      "object_id": -1,
      "frame": "RealSense D455 aligned color camera frame",
      "rank": 46,
      "distance_to_object_center": 0.010260714155470705
    },
    {
      "score": 0.3999825716018677,
      "translation_camera": [
        -0.14375485479831696,
        0.02133306674659252,
        0.48000001907348633
      ],
      "rotation_matrix_camera": [
        [
          -0.0031894217245280743,
          0.0036911857314407825,
          -0.9999881386756897
        ],
        [
          -0.6537930965423584,
          0.7566576600074768,
          0.004878243897110224
        ],
        [
          0.7566666603088379,
          0.653800904750824,
          -2.8578545752111495e-08
        ]
      ],
      "width": 0.07832378149032593,
      "height": 0.019999999552965164,
      "depth": 0.03999999910593033,
      "object_id": -1,
      "frame": "RealSense D455 aligned color camera frame",
      "rank": 47,
      "distance_to_object_center": 0.023162372949738365
    },
    {
      "score": 0.39672327041625977,
      "translation_camera": [
        -0.1546287089586258,
        0.02004571072757244,
        0.4790000319480896
      ],
