{
  "success": true,
  "method": "graspnet_baseline_d455",
  "num_candidates": 230,
  "object_center_camera": [
    -0.08511718639905141,
    -0.047262600317243865,
    0.42900002002716064
  ],
  "candidates": [
    {
      "score": 0.5326688885688782,
      "translation_camera": [
        -0.07771441340446472,
        -0.07154032588005066,
        0.42500001192092896
      ],
      "rotation_matrix_camera": [
        [
          0.5313771963119507,
          -0.7907350063323975,
          -0.3039349615573883
        ],
        [
          -0.16952382028102875,
          0.2522660195827484,
          -0.9526927471160889
        ],
        [
          0.8300000429153442,
          0.557763397693634,
          -2.4380613083963e-08
        ]
      ],
      "width": 0.06769759207963943,
      "height": 0.019999999552965164,
      "depth": 0.019999999552965164,
      "object_id": -1,
      "frame": "RealSense D455 aligned color camera frame",
      "rank": 0,
      "distance_to_object_center": 0.025694533881007914
    },
    {
      "score": 0.5079822540283203,
      "translation_camera": [
        -0.07771441340446472,
        -0.07374591380357742,
        0.42500001192092896
      ],
      "rotation_matrix_camera": [
        [
          0.5313771963119507,
          -0.7907350063323975,
          -0.3039349615573883
        ],
        [
          -0.16952382028102875,
          0.2522660195827484,
          -0.9526927471160889
        ],
        [
          0.8300000429153442,
          0.557763397693634,
          -2.4380613083963e-08
        ]
      ],
      "width": 0.06999829411506653,
      "height": 0.019999999552965164,
      "depth": 0.019999999552965164,
      "object_id": -1,
      "frame": "RealSense D455 aligned color camera frame",
      "rank": 1,
      "distance_to_object_center": 0.02778789315645787
    },
    {
      "score": 0.5045946836471558,
      "translation_camera": [
        -0.07881593704223633,
        -0.07043753564357758,
        0.42500001192092896
      ],
      "rotation_matrix_camera": [
        [
          0.5313771963119507,
          -0.7907350063323975,
          -0.3039349615573883
        ],
        [
          -0.16952382028102875,
          0.2522660195827484,
          -0.9526927471160889
        ],
        [
          0.8300000429153442,
          0.557763397693634,
          -2.4380613083963e-08
        ]
      ],
      "width": 0.06724496930837631,
      "height": 0.019999999552965164,
      "depth": 0.019999999552965164,
      "object_id": -1,
      "frame": "RealSense D455 aligned color camera frame",
      "rank": 2,
      "distance_to_object_center": 0.0243471443024933
    },
    {
      "score": 0.5043011903762817,
      "translation_camera": [
        -0.07991746068000793,
        -0.07264312356710434,
        0.42500001192092896
      ],
      "rotation_matrix_camera": [
        [
          0.5313771963119507,
          -0.7907350063323975,
          -0.3039349615573883
        ],
        [
          -0.16952382028102875,
          0.2522660195827484,
          -0.9526927471160889
        ],
        [
          0.8300000429153442,
          0.557763397693634,
          -2.4380613083963e-08
        ]
      ],
      "width": 0.06995709985494614,
      "height": 0.019999999552965164,
      "depth": 0.019999999552965164,
      "object_id": -1,
      "frame": "RealSense D455 aligned color camera frame",
      "rank": 3,
      "distance_to_object_center": 0.026214655687990824
    },
    {
      "score": 0.4976333975791931,
      "translation_camera": [
        -0.07661288976669312,
        -0.0748487040400505,
        0.42500001192092896
      ],
      "rotation_matrix_camera": [
        [
          0.5313771963119507,
          -0.7907350063323975,
          -0.3039349615573883
        ],
        [
          -0.16952382028102875,
          0.2522660195827484,
          -0.9526927471160889
        ],
        [
          0.8300000429153442,
          0.557763397693634,
          -2.4380613083963e-08
        ]
      ],
      "width": 0.07045595347881317,
      "height": 0.019999999552965164,
      "depth": 0.019999999552965164,
      "object_id": -1,
      "frame": "RealSense D455 aligned color camera frame",
      "rank": 4,
      "distance_to_object_center": 0.029143030807836482
    },
    {
      "score": 0.4833773970603943,
      "translation_camera": [
        -0.07551136612892151,
        -0.07595149427652359,
        0.42500001192092896
      ],
      "rotation_matrix_camera": [
        [
          0.5313771963119507,
          -0.7907350063323975,
          -0.3039349615573883
        ],
        [
          -0.16952382028102875,
          0.2522660195827484,
          -0.9526927471160889
        ],
        [
          0.8300000429153442,
          0.557763397693634,
          -2.4380613083963e-08
        ]
      ],
      "width": 0.07034683972597122,
      "height": 0.019999999552965164,
      "depth": 0.019999999552965164,
      "object_id": -1,
      "frame": "RealSense D455 aligned color camera frame",
      "rank": 5,
      "distance_to_object_center": 0.03051760941683923
    },
    {
      "score": 0.4424901306629181,
      "translation_camera": [
        -0.0744098424911499,
        -0.0748487040400505,
        0.42500001192092896
      ],
      "rotation_matrix_camera": [
        [
          0.5313771963119507,
          -0.7907350063323975,
          -0.3039349615573883
        ],
        [
          -0.16952382028102875,
          0.2522660195827484,
          -0.9526927471160889
        ],
        [
          0.8300000429153442,
          0.557763397693634,
          -2.4380613083963e-08
        ]
      ],
      "width": 0.06901338696479797,
      "height": 0.019999999552965164,
      "depth": 0.019999999552965164,
      "object_id": -1,
      "frame": "RealSense D455 aligned color camera frame",
      "rank": 6,
      "distance_to_object_center": 0.029860348240056435
    },
    {
      "score": 0.43287456035614014,
      "translation_camera": [
        -0.0733083188533783,
        -0.07705429196357727,
        0.42500001192092896
      ],
      "rotation_matrix_camera": [
        [
          0.5313771963119507,
          -0.7907350063323975,
          -0.3039349615573883
        ],
        [
          -0.16952382028102875,
          0.2522660195827484,
          -0.9526927471160889
        ],
        [
          0.8300000429153442,
          0.557763397693634,
          -2.4380613083963e-08
        ]
      ],
      "width": 0.07077275961637497,
      "height": 0.019999999552965164,
      "depth": 0.019999999552965164,
      "object_id": -1,
      "frame": "RealSense D455 aligned color camera frame",
      "rank": 7,
      "distance_to_object_center": 0.03229542241110004
    },
    {
      "score": 0.375749409198761,
      "translation_camera": [
        -0.08511718362569809,
        -0.062195103615522385,
        0.42900002002716064
      ],
      "rotation_matrix_camera": [
        [
          0.34578391909599304,
          -0.7931103110313416,
          -0.5014075636863708
        ],
        [
          -0.2003888636827469,
          0.45962363481521606,
          -0.8652112483978271
        ],
        [
          0.9166666865348816,
          0.3996526300907135,
          -1.7469371726974714e-08
        ]
      ],
      "width": 0.07073978334665298,
      "height": 0.019999999552965164,
      "depth": 0.019999999552965164,
      "object_id": -1,
      "frame": "RealSense D455 aligned color camera frame",
      "rank": 8,
      "distance_to_object_center": 0.014932503298278778
    },
    {
      "score": 0.37221458554267883,
      "translation_camera": [
        -0.06502879410982132,
        -0.006722457241266966,
        0.37700003385543823
      ],
      "rotation_matrix_camera": [
        [
          0.32332366704940796,
          0.7677836418151855,
          -0.5531455874443054
        ],
        [
          -0.38744980096817017,
          0.6407091617584229,
          0.6628532409667969
        ],
        [
          0.8633333444595337,
          0.0,
          0.5046340823173523
        ]
      ],
      "width": 0.0845034271478653,
      "height": 0.019999999552965164,
      "depth": 0.03999999910593033,
      "object_id": -1,
      "frame": "RealSense D455 aligned color camera frame",
      "rank": 9,
      "distance_to_object_center": 0.06892782650893613
    },
    {
      "score": 0.368030846118927,
      "translation_camera": [
        -0.0834178477525711,
        -0.07834098488092422,
        0.42600002884864807
      ],
      "rotation_matrix_camera": [
        [
          0.32332366704940796,
          -0.5531456470489502,
          -0.7677836418151855
        ],
        [
          -0.38744980096817017,
          0.6628532409667969,
          -0.6407091617584229
        ],
        [
          0.8633333444595337,
          0.5046340823173523,
          -2.2058255666479454e-08
        ]
      ],
      "width": 0.07649421691894531,
      "height": 0.019999999552965164,
      "depth": 0.029999999329447746,
      "object_id": -1,
      "frame": "RealSense D455 aligned color camera frame",
      "rank": 10,
      "distance_to_object_center": 0.03126905316754219
    },
    {
      "score": 0.3648548126220703,
      "translation_camera": [
        -0.09221644699573517,
        -0.07255031168460846,
        0.4310000240802765
      ],
      "rotation_matrix_camera": [
        [
          0.32332366704940796,
          -0.5531456470489502,
          -0.7677836418151855
        ],
        [
          -0.38744980096817017,
          0.6628532409667969,
          -0.6407091617584229
        ],
        [
          0.8633333444595337,
          0.5046340823173523,
          -2.2058255666479454e-08
        ]
      ],
      "width": 0.0743311271071434,
      "height": 0.019999999552965164,
      "depth": 0.019999999552965164,
      "object_id": -1,
      "frame": "RealSense D455 aligned color camera frame",
      "rank": 11,
      "distance_to_object_center": 0.02634137170747277
    },
    {
      "score": 0.35742855072021484,
      "translation_camera": [
        -0.08472036570310593,
        -0.0785248801112175,
        0.4270000159740448
      ],
      "rotation_matrix_camera": [
        [
          0.32332366704940796,
          -0.5531456470489502,
          -0.7677836418151855
        ],
        [
          -0.38744980096817017,
          0.6628532409667969,
          -0.6407091617584229
        ],
        [
          0.8633333444595337,
          0.5046340823173523,
          -2.2058255666479454e-08
        ]
      ],
      "width": 0.07566575706005096,
      "height": 0.019999999552965164,
      "depth": 0.029999999329447746,
      "object_id": -1,
      "frame": "RealSense D455 aligned color camera frame",
      "rank": 12,
      "distance_to_object_center": 0.031328702826543944
    },
    {
      "score": 0.3510003089904785,
      "translation_camera": [
        -0.0871373787522316,
        -0.0775982066988945,
        0.4280000329017639
      ],
      "rotation_matrix_camera": [
        [
          0.32332366704940796,
          -0.5531456470489502,
          -0.7677836418151855
        ],
        [
          -0.38744980096817017,
          0.6628532409667969,
          -0.6407091617584229
        ],
        [
          0.8633333444595337,
          0.5046340823173523,
          -2.2058255666479454e-08
        ]
      ],
      "width": 0.07539530843496323,
      "height": 0.019999999552965164,
      "depth": 0.029999999329447746,
      "object_id": -1,
      "frame": "RealSense D455 aligned color camera frame",
      "rank": 13,
      "distance_to_object_center": 0.030419240061797234
    },
    {
      "score": 0.3475920557975769,
      "translation_camera": [
        -0.08582707494497299,
        -0.07963286340236664,
        0.4270000159740448
      ],
      "rotation_matrix_camera": [
        [
          0.32332366704940796,
          -0.5531456470489502,
          -0.7677836418151855
        ],
        [
          -0.38744980096817017,
          0.6628532409667969,
          -0.6407091617584229
        ],
        [
          0.8633333444595337,
          0.5046340823173523,
          -2.2058255666479454e-08
        ]
      ],
      "width": 0.07485935091972351,
      "height": 0.019999999552965164,
      "depth": 0.029999999329447746,
      "object_id": -1,
      "frame": "RealSense D455 aligned color camera frame",
      "rank": 14,
      "distance_to_object_center": 0.03243975786223092
    },
    {
      "score": 0.34067168831825256,
      "translation_camera": [
        -0.08977352827787399,
        -0.07572928071022034,
        0.43000003695487976
      ],
      "rotation_matrix_camera": [
        [
          0.32332366704940796,
          -0.5531456470489502,
          -0.7677836418151855
        ],
        [
          -0.38744980096817017,
          0.6628532409667969,
          -0.6407091617584229
        ],
        [
          0.8633333444595337,
          0.5046340823173523,
          -2.2058255666479454e-08
        ]
      ],
      "width": 0.07496592402458191,
      "height": 0.019999999552965164,
      "depth": 0.029999999329447746,
      "object_id": -1,
      "frame": "RealSense D455 aligned color camera frame",
      "rank": 15,
      "distance_to_object_center": 0.02886231879361173
    },
    {
      "score": 0.33945634961128235,
      "translation_camera": [
        -0.08754456043243408,
        -0.0656873807311058,
        0.43000003695487976
      ],
      "rotation_matrix_camera": [
        [
          0.32332366704940796,
          -0.5531456470489502,
          -0.7677836418151855
        ],
        [
          -0.38744980096817017,
          0.6628532409667969,
          -0.6407091617584229
        ],
        [
          0.8633333444595337,
          0.5046340823173523,
          -2.2058255666479454e-08
        ]
      ],
      "width": 0.07537172734737396,
      "height": 0.019999999552965164,
      "depth": 0.029999999329447746,
      "object_id": -1,
      "frame": "RealSense D455 aligned color camera frame",
      "rank": 16,
      "distance_to_object_center": 0.01861087617101075
    },
    {
      "score": 0.33913135528564453,
      "translation_camera": [
        -0.0860280767083168,
        -0.07870878279209137,
        0.4280000329017639
      ],
      "rotation_matrix_camera": [
        [
          0.32332366704940796,
          -0.5531456470489502,
          -0.7677836418151855
        ],
        [
          -0.38744980096817017,
          0.6628532409667969,
          -0.6407091617584229
        ],
        [
          0.8633333444595337,
          0.5046340823173523,
          -2.2058255666479454e-08
        ]
      ],
      "width": 0.07477329671382904,
      "height": 0.019999999552965164,
      "depth": 0.029999999329447746,
      "object_id": -1,
      "frame": "RealSense D455 aligned color camera frame",
      "rank": 17,
      "distance_to_object_center": 0.03147526151833975
    },
    {
      "score": 0.33869680762290955,
      "translation_camera": [
        -0.08865904808044434,
        -0.07684504985809326,
        0.43000003695487976
      ],
      "rotation_matrix_camera": [
        [
          0.32332366704940796,
          -0.5531456470489502,
          -0.7677836418151855
        ],
        [
          -0.38744980096817017,
          0.6628532409667969,
          -0.6407091617584229
        ],
        [
          0.8633333444595337,
          0.5046340823173523,
          -2.2058255666479454e-08
        ]
      ],
      "width": 0.0744938924908638,
      "height": 0.019999999552965164,
      "depth": 0.029999999329447746,
      "object_id": -1,
      "frame": "RealSense D455 aligned color camera frame",
      "rank": 18,
      "distance_to_object_center": 0.029810503834433007
    },
    {
      "score": 0.33592116832733154,
      "translation_camera": [
        -0.08622907847166061,
        -0.061081934720277786,
        0.42900002002716064
      ],
      "rotation_matrix_camera": [
        [
          0.34578391909599304,
          -0.7931103110313416,
          -0.5014075636863708
        ],
        [
          -0.2003888636827469,
          0.45962363481521606,
          -0.8652112483978271
        ],
        [
          0.9166666865348816,
          0.3996526300907135,
          -1.7469371726974714e-08
        ]
      ],
      "width": 0.07047072798013687,
      "height": 0.019999999552965164,
      "depth": 0.029999999329447746,
      "object_id": -1,
      "frame": "RealSense D455 aligned color camera frame",
      "rank": 19,
      "distance_to_object_center": 0.013863993195468905
    },
    {
      "score": 0.334430068731308,
      "translation_camera": [
        -0.0899823009967804,
        -0.0691952258348465,
        0.4310000240802765
      ],
      "rotation_matrix_camera": [
        [
          0.32332366704940796,
          -0.5531456470489502,
          -0.7677836418151855
        ],
        [
          -0.38744980096817017,
          0.6628532409667969,
          -0.6407091617584229
        ],
        [
          0.8633333444595337,
          0.5046340823173523,
          -2.2058255666479454e-08
        ]
      ],
      "width": 0.07624223828315735,
      "height": 0.019999999552965164,
      "depth": 0.029999999329447746,
      "object_id": -1,
      "frame": "RealSense D455 aligned color camera frame",
      "rank": 20,
      "distance_to_object_center": 0.022554587523537412
    },
    {
      "score": 0.33054715394973755,
      "translation_camera": [
        -0.09088800847530365,
        -0.07238198071718216,
        0.43000003695487976
      ],
      "rotation_matrix_camera": [
        [
          0.32332366704940796,
          -0.5531456470489502,
          -0.7677836418151855
        ],
        [
          -0.38744980096817017,
          0.6628532409667969,
          -0.6407091617584229
        ],
        [
          0.8633333444595337,
          0.5046340823173523,
          -2.2058255666479454e-08
        ]
      ],
      "width": 0.07349992543458939,
      "height": 0.019999999552965164,
      "depth": 0.019999999552965164,
      "object_id": -1,
      "frame": "RealSense D455 aligned color camera frame",
      "rank": 21,
      "distance_to_object_center": 0.025793132670699173
    },
    {
      "score": 0.3259936571121216,
      "translation_camera": [
        -0.0801055058836937,
        -0.052917078137397766,
        0.42600002884864807
      ],
      "rotation_matrix_camera": [
        [
          0.4980229139328003,
          -0.6140506863594055,
          -0.6123030185699463
        ],
        [
          -0.3856969475746155,
          0.47555533051490784,
          -0.790623128414154
        ],
        [
          0.7766667008399963,
          0.6299118399620056,
          -2.7534321489497415e-08
        ]
      ],
      "width": 0.06660265475511551,
      "height": 0.019999999552965164,
      "depth": 0.019999999552965164,
      "object_id": -1,
      "frame": "RealSense D455 aligned color camera frame",
      "rank": 22,
      "distance_to_object_center": 0.008129576131495534
    },
    {
      "score": 0.3243776857852936,
      "translation_camera": [
        -0.07991746068000793,
        -0.08036267012357712,
        0.42500001192092896
      ],
      "rotation_matrix_camera": [
        [
          0.32332366704940796,
          -0.5531456470489502,
          -0.7677836418151855
        ],
        [
          -0.38744980096817017,
          0.6628532409667969,
          -0.6407091617584229
        ],
        [
          0.8633333444595337,
          0.5046340823173523,
          -2.2058255666479454e-08
        ]
      ],
      "width": 0.0718700960278511,
      "height": 0.019999999552965164,
      "depth": 0.029999999329447746,
      "object_id": -1,
      "frame": "RealSense D455 aligned color camera frame",
      "rank": 23,
      "distance_to_object_center": 0.033743915504685223
    },
    {
      "score": 0.3243720531463623,
      "translation_camera": [
        -0.08977352827787399,
        -0.07349774986505508,
        0.43000003695487976
      ],
      "rotation_matrix_camera": [
        [
          0.32332366704940796,
          -0.5531456470489502,
          -0.7677836418151855
        ],
        [
          -0.38744980096817017,
          0.6628532409667969,
          -0.6407091617584229
        ],
        [
          0.8633333444595337,
          0.5046340823173523,
          -2.2058255666479454e-08
        ]
      ],
      "width": 0.07412396371364594,
      "height": 0.019999999552965164,
      "depth": 0.019999999552965164,
      "object_id": -1,
      "frame": "RealSense D455 aligned color camera frame",
      "rank": 24,
      "distance_to_object_center": 0.0266639199170756
    },
    {
      "score": 0.3215155303478241,
      "translation_camera": [
        -0.0920024886727333,
        -0.07461351901292801,
        0.43000003695487976
      ],
      "rotation_matrix_camera": [
        [
          0.32332366704940796,
          -0.5531456470489502,
          -0.7677836418151855
        ],
        [
          -0.38744980096817017,
          0.6628532409667969,
          -0.6407091617584229
        ],
        [
          0.8633333444595337,
          0.5046340823173523,
          -2.2058255666479454e-08
        ]
      ],
      "width": 0.07484828680753708,
      "height": 0.019999999552965164,
      "depth": 0.019999999552965164,
      "object_id": -1,
      "frame": "RealSense D455 aligned color camera frame",
      "rank": 25,
      "distance_to_object_center": 0.02822198034783559
    },
    {
      "score": 0.3178975582122803,
      "translation_camera": [
        -0.08865904808044434,
        -0.07461351901292801,
        0.43000003695487976
      ],
      "rotation_matrix_camera": [
        [
          0.32332366704940796,
          -0.5531456470489502,
          -0.7677836418151855
        ],
        [
          -0.38744980096817017,
          0.6628532409667969,
          -0.6407091617584229
        ],
        [
          0.8633333444595337,
          0.5046340823173523,
          -2.2058255666479454e-08
        ]
      ],
      "width": 0.07460188120603561,
      "height": 0.019999999552965164,
      "depth": 0.019999999552965164,
      "object_id": -1,
      "frame": "RealSense D455 aligned color camera frame",
      "rank": 26,
      "distance_to_object_center": 0.027597419653361956
    },
    {
      "score": 0.30015233159065247,
      "translation_camera": [
        -0.07661288976669312,
        -0.08036267012357712,
        0.42500001192092896
      ],
      "rotation_matrix_camera": [
        [
          0.32332366704940796,
          -0.5531456470489502,
          -0.7677836418151855
        ],
        [
          -0.38744980096817017,
          0.6628532409667969,
          -0.6407091617584229
        ],
        [
          0.8633333444595337,
          0.5046340823173523,
          -2.2058255666479454e-08
        ]
      ],
      "width": 0.07014820724725723,
      "height": 0.019999999552965164,
      "depth": 0.029999999329447746,
      "object_id": -1,
      "frame": "RealSense D455 aligned color camera frame",
      "rank": 27,
      "distance_to_object_center": 0.03440839646431078
    },
    {
      "score": 0.2961674630641937,
      "translation_camera": [
        -0.08140024542808533,
        -0.05525725707411766,
        0.4270000159740448
      ],
      "rotation_matrix_camera": [
        [
          0.4980229139328003,
          -0.6140506863594055,
          -0.6123030185699463
        ],
        [
          -0.3856969475746155,
          0.47555533051490784,
          -0.790623128414154
        ],
        [
          0.7766667008399963,
          0.6299118399620056,
          -2.7534321489497415e-08
        ]
      ],
      "width": 0.06783688068389893,
      "height": 0.019999999552965164,
      "depth": 0.019999999552965164,
      "object_id": -1,
      "frame": "RealSense D455 aligned color camera frame",
      "rank": 28,
      "distance_to_object_center": 0.009040475820129932
    },
    {
      "score": 0.2953970432281494,
      "translation_camera": [
        -0.07771441340446472,
        -0.0814654603600502,
        0.42500001192092896
      ],
      "rotation_matrix_camera": [
        [
          0.32332366704940796,
          -0.5531456470489502,
          -0.7677836418151855
        ],
        [
          -0.38744980096817017,
          0.6628532409667969,
          -0.6407091617584229
        ],
        [
          0.8633333444595337,
          0.5046340823173523,
          -2.2058255666479454e-08
        ]
      ],
      "width": 0.06868996471166611,
      "height": 0.019999999552965164,
      "depth": 0.029999999329447746,
      "object_id": -1,
      "frame": "RealSense D455 aligned color camera frame",
      "rank": 29,
      "distance_to_object_center": 0.03522267377651929
    },
    {
      "score": 0.2890399694442749,
      "translation_camera": [
        -0.08250695466995239,
        -0.05304129421710968,
        0.4270000159740448
      ],
      "rotation_matrix_camera": [
        [
          0.4980229139328003,
          -0.6140506863594055,
          -0.6123030185699463
        ],
        [
          -0.3856969475746155,
          0.47555533051490784,
          -0.790623128414154
        ],
        [
          0.7766667008399963,
          0.6299118399620056,
          -2.7534321489497415e-08
        ]
      ],
      "width": 0.06742599606513977,
      "height": 0.019999999552965164,
      "depth": 0.019999999552965164,
      "object_id": -1,
      "frame": "RealSense D455 aligned color camera frame",
      "rank": 30,
      "distance_to_object_center": 0.006648806590691405
    },
    {
      "score": 0.26629671454429626,
      "translation_camera": [
        -0.0819721519947052,
        -0.035561688244342804,
        0.43000003695487976
      ],
      "rotation_matrix_camera": [
        [
          0.4980229139328003,
          -0.6140506863594055,
          -0.6123030185699463
        ],
        [
          -0.3856969475746155,
          0.47555533051490784,
          -0.790623128414154
        ],
        [
          0.7766667008399963,
          0.6299118399620056,
          -2.7534321489497415e-08
        ]
      ],
      "width": 0.06718070805072784,
      "height": 0.019999999552965164,
      "depth": 0.029999999329447746,
      "object_id": -1,
      "frame": "RealSense D455 aligned color camera frame",
      "rank": 31,
      "distance_to_object_center": 0.012157410028373969
    },
    {
      "score": 0.25328782200813293,
      "translation_camera": [
        -0.08140024542808533,
        -0.05747322365641594,
        0.4270000159740448
      ],
      "rotation_matrix_camera": [
        [
          0.4980229139328003,
          -0.6140506863594055,
          -0.6123030185699463
        ],
        [
          -0.3856969475746155,
          0.47555533051490784,
          -0.790623128414154
        ],
        [
          0.7766667008399963,
          0.6299118399620056,
          -2.7534321489497415e-08
        ]
      ],
      "width": 0.06725314259529114,
      "height": 0.019999999552965164,
      "depth": 0.019999999552965164,
      "object_id": -1,
      "frame": "RealSense D455 aligned color camera frame",
      "rank": 32,
      "distance_to_object_center": 0.011048642240953031
    },
    {
      "score": 0.25158485770225525,
      "translation_camera": [
        -0.0801055058836937,
        -0.0562332384288311,
        0.42600002884864807
      ],
      "rotation_matrix_camera": [
        [
          0.4980229139328003,
          -0.6140506863594055,
          -0.6123030185699463
        ],
        [
          -0.3856969475746155,
          0.47555533051490784,
          -0.790623128414154
        ],
        [
          0.7766667008399963,
          0.6299118399620056,
          -2.7534321489497415e-08
        ]
      ],
      "width": 0.06756734102964401,
      "height": 0.019999999552965164,
      "depth": 0.019999999552965164,
      "object_id": -1,
      "frame": "RealSense D455 aligned color camera frame",
      "rank": 33,
      "distance_to_object_center": 0.010704636228673577
    },
    {
      "score": 0.24852290749549866,
      "translation_camera": [
        -0.08270018547773361,
        -0.0564972460269928,
        0.4280000329017639
      ],
      "rotation_matrix_camera": [
        [
          0.4980229139328003,
          -0.6140506863594055,
          -0.6123030185699463
        ],
        [
          -0.3856969475746155,
          0.47555533051490784,
          -0.790623128414154
        ],
        [
          0.7766667008399963,
          0.6299118399620056,
          -2.7534321489497415e-08
        ]
      ],
      "width": 0.0684671550989151,
      "height": 0.019999999552965164,
      "depth": 0.019999999552965164,
      "object_id": -1,
      "frame": "RealSense D455 aligned color camera frame",
      "rank": 34,
      "distance_to_object_center": 0.009597945045122664
    },
    {
      "score": 0.23796139657497406,
      "translation_camera": [
        -0.08178151398897171,
        -0.029913125559687614,
        0.42900002002716064
      ],
      "rotation_matrix_camera": [
        [
          0.4980229139328003,
          -0.6140506863594055,
          -0.6123030185699463
        ],
        [
          -0.3856969475746155,
          0.47555533051490784,
          -0.790623128414154
        ],
        [
          0.7766667008399963,
          0.6299118399620056,
          -2.7534321489497415e-08
        ]
      ],
      "width": 0.06778648495674133,
      "height": 0.019999999552965164,
      "depth": 0.029999999329447746,
      "object_id": -1,
      "frame": "RealSense D455 aligned color camera frame",
      "rank": 35,
      "distance_to_object_center": 0.017667229120336
    },
    {
      "score": 0.23462994396686554,
      "translation_camera": [
        -0.07661288976669312,
        -0.08367104828357697,
        0.42500001192092896
      ],
      "rotation_matrix_camera": [
        [
          0.05689249932765961,
          -0.11523131281137466,
          -0.9917080998420715
        ],
        [
          -0.43903547525405884,
          0.8892316222190857,
          -0.1285107433795929
        ],
        [
          0.8966667056083679,
          0.44270631670951843,
          -1.9351308111481558e-08
        ]
      ],
      "width": 0.0692598894238472,
      "height": 0.019999999552965164,
      "depth": 0.029999999329447746,
      "object_id": -1,
      "frame": "RealSense D455 aligned color camera frame",
      "rank": 36,
      "distance_to_object_center": 0.03760183784575223
    },
    {
      "score": 0.23167651891708374,
      "translation_camera": [
        -0.08380948007106781,
        -0.05760782212018967,
        0.4280000329017639
      ],
      "rotation_matrix_camera": [
        [
          0.4980229139328003,
          -0.6140506863594055,
          -0.6123030185699463
        ],
        [
          -0.3856969475746155,
          0.47555533051490784,
          -0.790623128414154
        ],
        [
          0.7766667008399963,
          0.6299118399620056,
          -2.7534321489497415e-08
        ]
      ],
      "width": 0.06751709431409836,
      "height": 0.019999999552965164,
      "depth": 0.019999999552965164,
      "object_id": -1,
      "frame": "RealSense D455 aligned color camera frame",
      "rank": 37,
      "distance_to_object_center": 0.01047538468235667
    },
    {
      "score": 0.21640673279762268,
      "translation_camera": [
        -0.08250695466995239,
        -0.07076900452375412,
        0.4270000159740448
      ],
      "rotation_matrix_camera": [
        [
          0.34578391909599304,
          0.2790505290031433,
          -0.8958595991134644
        ],
        [
          -0.2003888636827469,
          0.9546892642974854,
          0.22002921998500824
        ],
        [
          0.9166666865348816,
          0.10343771427869797,
          0.3860347867012024
        ]
      ],
      "width": 0.080063596367836,
      "height": 0.019999999552965164,
      "depth": 0.019999999552965164,
      "object_id": -1,
      "frame": "RealSense D455 aligned color camera frame",
      "rank": 38,
      "distance_to_object_center": 0.023735297862296105
    },
    {
      "score": 0.21528936922550201,
      "translation_camera": [
        -0.08511718362569809,
        -0.0566292479634285,
        0.42900002002716064
      ],
      "rotation_matrix_camera": [
        [
          0.4980229139328003,
          -0.6140506863594055,
          -0.6123030185699463
        ],
        [
          -0.3856969475746155,
          0.47555533051490784,
          -0.790623128414154
        ],
        [
          0.7766667008399963,
          0.6299118399620056,
          -2.7534321489497415e-08
        ]
      ],
      "width": 0.06829194724559784,
      "height": 0.019999999552965164,
      "depth": 0.019999999552965164,
      "object_id": -1,
      "frame": "RealSense D455 aligned color camera frame",
      "rank": 39,
      "distance_to_object_center": 0.009366647646185043
    },
    {
      "score": 0.21461085975170135,
      "translation_camera": [
        -0.0671607032418251,
        0.008953097276389599,
        0.37800002098083496
      ],
      "rotation_matrix_camera": [
        [
          0.32332366704940796,
          -0.8847866058349609,
          0.3355807363986969
        ],
        [
          -0.38744980096817017,
          -0.44731858372688293,
          -0.8060947060585022
        ],
        [
          0.8633333444595337,
          0.13060884177684784,
          -0.4874391257762909
        ]
      ],
      "width": 0.07942836731672287,
      "height": 0.019999999552965164,
      "depth": 0.03999999910593033,
      "object_id": -1,
      "frame": "RealSense D455 aligned color camera frame",
      "rank": 40,
      "distance_to_object_center": 0.0779976912866004
    },
    {
      "score": 0.21432818472385406,
      "translation_camera": [
        -0.0671607032418251,
        0.006991424132138491,
        0.37800002098083496
      ],
      "rotation_matrix_camera": [
        [
          0.32332366704940796,
          -0.8847866058349609,
          0.3355807363986969
        ],
        [
          -0.38744980096817017,
          -0.44731858372688293,
          -0.8060947060585022
        ],
        [
          0.8633333444595337,
          0.13060884177684784,
          -0.4874391257762909
        ]
      ],
      "width": 0.0804222822189331,
      "height": 0.019999999552965164,
      "depth": 0.03999999910593033,
      "object_id": -1,
      "frame": "RealSense D455 aligned color camera frame",
      "rank": 41,
      "distance_to_object_center": 0.0765959160729549
    },
    {
      "score": 0.20810751616954803,
      "translation_camera": [
        -0.0661809965968132,
        -0.004778615199029446,
        0.37800002098083496
      ],
      "rotation_matrix_camera": [
        [
          0.32332366704940796,
          -0.9414929151535034,
          0.09514647722244263
        ],
        [
          -0.38744980096817017,
          -0.22344395518302917,
          -0.894402265548706
        ],
        [
          0.8633333444595337,
          0.252316951751709,
          -0.4370259940624237
        ]
      ],
      "width": 0.0602797269821167,
      "height": 0.019999999552965164,
      "depth": 0.019999999552965164,
      "object_id": -1,
      "frame": "RealSense D455 aligned color camera frame",
      "rank": 42,
      "distance_to_object_center": 0.0690251271529164
    },
    {
      "score": 0.2077392339706421,
      "translation_camera": [
        -0.06832067668437958,
        0.007009920198470354,
        0.3790000379085541
      ],
      "rotation_matrix_camera": [
        [
          0.32332366704940796,
          -0.8847866058349609,
          0.3355807363986969
        ],
        [
          -0.38744980096817017,
          -0.44731858372688293,
          -0.8060947060585022
        ],
        [
          0.8633333444595337,
          0.13060884177684784,
          -0.4874391257762909
        ]
      ],
      "width": 0.08036888390779495,
      "height": 0.019999999552965164,
      "depth": 0.03999999910593033,
      "object_id": -1,
      "frame": "RealSense D455 aligned color camera frame",
      "rank": 43,
      "distance_to_object_center": 0.0756810903303108
    },
    {
      "score": 0.19984519481658936,
      "translation_camera": [
        -0.06832067668437958,
        0.004059625789523125,
        0.3790000379085541
      ],
      "rotation_matrix_camera": [
        [
          0.32332366704940796,
          -0.8847866058349609,
          0.3355807363986969
        ],
        [
          -0.38744980096817017,
          -0.44731858372688293,
          -0.8060947060585022
        ],
        [
          0.8633333444595337,
          0.13060884177684784,
          -0.4874391257762909
        ]
      ],
      "width": 0.08056969940662384,
      "height": 0.019999999552965164,
      "depth": 0.03999999910593033,
      "object_id": -1,
      "frame": "RealSense D455 aligned color camera frame",
      "rank": 44,
      "distance_to_object_center": 0.07359410195803844
    },
    {
      "score": 0.18377257883548737,
      "translation_camera": [
        -0.07040011882781982,
        0.028099900111556053,
        0.3850000202655792
      ],
      "rotation_matrix_camera": [
        [
          0.32332366704940796,
          0.7677836418151855,
          -0.5531455874443054
        ],
        [
          -0.38744980096817017,
          0.6407091617584229,
          0.6628532409667969
        ],
        [
          0.8633333444595337,
          0.0,
          0.5046340823173523
        ]
      ],
      "width": 0.07932525128126144,
      "height": 0.019999999552965164,
      "depth": 0.009999999776482582,
      "object_id": -1,
      "frame": "RealSense D455 aligned color camera frame",
      "rank": 45,
      "distance_to_object_center": 0.08849914422069982
    },
    {
      "score": 0.18322211503982544,
      "translation_camera": [
        -0.06502879410982132,
        -0.002809489844366908,
        0.37700003385543823
      ],
      "rotation_matrix_camera": [
        [
          0.32332366704940796,
          -0.9414929151535034,
          0.09514647722244263
        ],
        [
          -0.38744980096817017,
          -0.22344395518302917,
          -0.894402265548706
        ],
        [
          0.8633333444595337,
          0.252316951751709,
          -0.4370259940624237
        ]
      ],
      "width": 0.06056768819689751,
      "height": 0.019999999552965164,
      "depth": 0.019999999552965164,
      "object_id": -1,
      "frame": "RealSense D455 aligned color camera frame",
      "rank": 46,
      "distance_to_object_center": 0.07129951680999756
    },
    {
      "score": 0.18072403967380524,
      "translation_camera": [
        -0.0881553366780281,
        0.0023909402079880238,
        0.43300002813339233
      ],
      "rotation_matrix_camera": [
        [
          0.05689249932765961,
          -0.11523131281137466,
          -0.9917080998420715
        ],
        [
          -0.43903547525405884,
          0.8892316222190857,
          -0.1285107433795929
        ],
        [
          0.8966667056083679,
          0.44270631670951843,
          -1.9351308111481558e-08
        ]
      ],
      "width": 0.07291527092456818,
      "height": 0.019999999552965164,
      "depth": 0.029999999329447746,
      "object_id": -1,
      "frame": "RealSense D455 aligned color camera frame",
      "rank": 47,
      "distance_to_object_center": 0.04990695851941301
    },
    {
      "score": 0.17353646457195282,
      "translation_camera": [
        -0.08551400154829025,
        0.0034982578363269567,
        0.4310000240802765
      ],
      "rotation_matrix_camera": [
        [
          0.05689249932765961,
          -0.11523131281137466,
          -0.9917080998420715
        ],
        [
