{
  "success": true,
  "method": "graspnet_baseline_d455",
  "num_candidates": 265,
  "object_center_camera": [
    -0.015391809964878935,
    -0.08842216309234288,
    0.49000003933906555
  ],
  "candidates": [
    {
      "score": 0.7315590977668762,
      "translation_camera": [
        0.00641257967799902,
        -0.10236670821905136,
        0.4540000259876251
      ],
      "rotation_matrix_camera": [
        [
          0.5313771963119507,
          0.3039349913597107,
          -0.7907350063323975
        ],
        [
          -0.16952382028102875,
          0.9526927471160889,
          0.2522660493850708
        ],
        [
          0.8300000429153442,
          0.0,
          0.557763397693634
        ]
      ],
      "width": 0.08411437273025513,
      "height": 0.019999999552965164,
      "depth": 0.019999999552965164,
      "object_id": -1,
      "frame": "RealSense D455 aligned color camera frame",
      "rank": 0,
      "distance_to_object_center": 0.04433827587754334
    },
    {
      "score": 0.6788379549980164,
      "translation_camera": [
        0.00641257967799902,
        -0.10472343862056732,
        0.4540000259876251
      ],
      "rotation_matrix_camera": [
        [
          0.5313771963119507,
          0.3039349913597107,
          -0.7907350063323975
        ],
        [
          -0.16952382028102875,
          0.9526927471160889,
          0.2522660493850708
        ],
        [
          0.8300000429153442,
          0.0,
          0.557763397693634
        ]
      ],
      "width": 0.08221696317195892,
      "height": 0.019999999552965164,
      "depth": 0.019999999552965164,
      "object_id": -1,
      "frame": "RealSense D455 aligned color camera frame",
      "rank": 1,
      "distance_to_object_center": 0.04513495267361451
    },
    {
      "score": 0.6205242276191711,
      "translation_camera": [
        0.004067506641149521,
        -0.1073160171508789,
        0.45500001311302185
      ],
      "rotation_matrix_camera": [
        [
          0.5313771963119507,
          0.3039349913597107,
          -0.7907350063323975
        ],
        [
          -0.16952382028102875,
          0.9526927471160889,
          0.2522660493850708
        ],
        [
          0.8300000429153442,
          0.0,
          0.557763397693634
        ]
      ],
      "width": 0.08118678629398346,
      "height": 0.019999999552965164,
      "depth": 0.019999999552965164,
      "object_id": -1,
      "frame": "RealSense D455 aligned color camera frame",
      "rank": 2,
      "distance_to_object_center": 0.04427916620469112
    },
    {
      "score": 0.5902786254882812,
      "translation_camera": [
        0.007589586079120636,
        -0.10825852304697037,
        0.4540000259876251
      ],
      "rotation_matrix_camera": [
        [
          0.5313771963119507,
          0.3039349913597107,
          -0.7907350063323975
        ],
        [
          -0.16952382028102875,
          0.9526927471160889,
          0.2522660493850708
        ],
        [
          0.8300000429153442,
          0.0,
          0.557763397693634
        ]
      ],
      "width": 0.0796491950750351,
      "height": 0.019999999552965164,
      "depth": 0.019999999552965164,
      "object_id": -1,
      "frame": "RealSense D455 aligned color camera frame",
      "rank": 3,
      "distance_to_object_center": 0.04709168399711988
    },
    {
      "score": 0.5474677681922913,
      "translation_camera": [
        0.009921696968376637,
        -0.10566853731870651,
        0.4530000388622284
      ],
      "rotation_matrix_camera": [
        [
          0.5313771963119507,
          0.3039349913597107,
          -0.7907350063323975
        ],
        [
          -0.16952382028102875,
          0.9526927471160889,
          0.2522660493850708
        ],
        [
          0.8300000429153442,
          0.0,
          0.557763397693634
        ]
      ],
      "width": 0.08351055532693863,
      "height": 0.019999999552965164,
      "depth": 0.019999999552965164,
      "object_id": -1,
      "frame": "RealSense D455 aligned color camera frame",
      "rank": 4,
      "distance_to_object_center": 0.048033437233886436
    },
    {
      "score": 0.46050506830215454,
      "translation_camera": [
        0.0075728693045675755,
        -0.11154737323522568,
        0.4530000388622284
      ],
      "rotation_matrix_camera": [
        [
          0.5313771963119507,
          0.08892138302326202,
          -0.8424555659294128
        ],
        [
          -0.16952382028102875,
          0.9855217933654785,
          -0.002904742956161499
        ],
        [
          0.8300000429153442,
          0.1443597823381424,
          0.5387580394744873
        ]
      ],
      "width": 0.06987651437520981,
      "height": 0.019999999552965164,
      "depth": 0.019999999552965164,
      "object_id": -1,
      "frame": "RealSense D455 aligned color camera frame",
      "rank": 5,
      "distance_to_object_center": 0.049306712254894726
    },
    {
      "score": 0.4604555368423462,
      "translation_camera": [
        0.011096110567450523,
        -0.10919584333896637,
        0.4530000388622284
      ],
      "rotation_matrix_camera": [
        [
          0.5313771963119507,
          0.08892138302326202,
          -0.8424555659294128
        ],
        [
          -0.16952382028102875,
          0.9855217933654785,
          -0.002904742956161499
        ],
        [
          0.8300000429153442,
          0.1443597823381424,
          0.5387580394744873
        ]
      ],
      "width": 0.07147885859012604,
      "height": 0.019999999552965164,
      "depth": 0.019999999552965164,
      "object_id": -1,
      "frame": "RealSense D455 aligned color camera frame",
      "rank": 6,
      "distance_to_object_center": 0.05002155295871876
    },
    {
      "score": 0.4503045678138733,
      "translation_camera": [
        0.01227052416652441,
        -0.10684430599212646,
        0.4530000388622284
      ],
      "rotation_matrix_camera": [
        [
          0.5313771963119507,
          0.08892138302326202,
          -0.8424555659294128
        ],
        [
          -0.16952382028102875,
          0.9855217933654785,
          -0.002904742956161499
        ],
        [
          0.8300000429153442,
          0.1443597823381424,
          0.5387580394744873
        ]
      ],
      "width": 0.07386177778244019,
      "height": 0.019999999552965164,
      "depth": 0.019999999552965164,
      "object_id": -1,
      "frame": "RealSense D455 aligned color camera frame",
      "rank": 7,
      "distance_to_object_center": 0.049735099415839104
    },
    {
      "score": 0.4218273162841797,
      "translation_camera": [
        -0.0068511394783854485,
        -0.03072843886911869,
        0.476000040769577
      ],
      "rotation_matrix_camera": [
        [
          0.32332366704940796,
          -0.5531456470489502,
          -0.7677836418151855
        ],
        [
          -0.38744980096817017,
          0.6628532409667969,
          -0.6407091617584229
        ],
        [
          0.8633333444595337,
          0.5046340823173523,
          -2.2058255666479454e-08
        ]
      ],
      "width": 0.07833509147167206,
      "height": 0.019999999552965164,
      "depth": 0.03999999910593033,
      "object_id": -1,
      "frame": "RealSense D455 aligned color camera frame",
      "rank": 8,
      "distance_to_object_center": 0.05997923663277141
    },
    {
      "score": 0.4175443947315216,
      "translation_camera": [
        -0.01437518373131752,
        0.02383057214319706,
        0.48000001907348633
      ],
      "rotation_matrix_camera": [
        [
          0.4980229139328003,
          -0.6140506863594055,
          -0.6123030185699463
        ],
        [
          -0.3856969475746155,
          0.47555533051490784,
          -0.790623128414154
        ],
        [
          0.7766667008399963,
          0.6299118399620056,
          -2.7534321489497415e-08
        ]
      ],
      "width": 0.0808599665760994,
      "height": 0.019999999552965164,
      "depth": 0.029999999329447746,
      "object_id": -1,
      "frame": "RealSense D455 aligned color camera frame",
      "rank": 9,
      "distance_to_object_center": 0.11270186556606325
    },
    {
      "score": 0.4119817614555359,
      "translation_camera": [
        -0.006721601355820894,
        -0.007117452099919319,
        0.4670000374317169
      ],
      "rotation_matrix_camera": [
        [
          0.4980229139328003,
          0.6123030185699463,
          -0.6140506863594055
        ],
        [
          -0.3856969475746155,
          0.790623128414154,
          0.4755553603172302
        ],
        [
          0.7766667008399963,
          0.0,
          0.6299118399620056
        ]
      ],
      "width": 0.0791110247373581,
      "height": 0.019999999552965164,
      "depth": 0.03999999910593033,
      "object_id": -1,
      "frame": "RealSense D455 aligned color camera frame",
      "rank": 10,
      "distance_to_object_center": 0.08493897005864944
    },
    {
      "score": 0.406943678855896,
      "translation_camera": [
        -0.016864007338881493,
        0.02383057214319706,
        0.48000001907348633
      ],
      "rotation_matrix_camera": [
        [
          0.4980229139328003,
          -0.6140506863594055,
          -0.6123030185699463
        ],
        [
          -0.3856969475746155,
          0.47555533051490784,
          -0.790623128414154
        ],
        [
          0.7766667008399963,
          0.6299118399620056,
          -2.7534321489497415e-08
        ]
      ],
      "width": 0.07988740503787994,
      "height": 0.019999999552965164,
      "depth": 0.029999999329447746,
      "object_id": -1,
      "frame": "RealSense D455 aligned color camera frame",
      "rank": 11,
      "distance_to_object_center": 0.11270689569977627
    },
    {
      "score": 0.3978821039199829,
      "translation_camera": [
        0.011096110567450523,
        -0.11272314190864563,
        0.4530000388622284
      ],
      "rotation_matrix_camera": [
        [
          0.5313771963119507,
          0.08892138302326202,
          -0.8424555659294128
        ],
        [
          -0.16952382028102875,
          0.9855217933654785,
          -0.002904742956161499
        ],
        [
          0.8300000429153442,
          0.1443597823381424,
          0.5387580394744873
        ]
      ],
      "width": 0.06769014149904251,
      "height": 0.019999999552965164,
      "depth": 0.019999999552965164,
      "object_id": -1,
      "frame": "RealSense D455 aligned color camera frame",
      "rank": 12,
      "distance_to_object_center": 0.05158631156463258
    },
    {
      "score": 0.3939865827560425,
      "translation_camera": [
        -0.0006709162844344974,
        -0.008365229703485966,
        0.46900004148483276
      ],
      "rotation_matrix_camera": [
        [
          0.4980229139328003,
          0.6123030185699463,
          -0.6140506863594055
        ],
        [
          -0.3856969475746155,
          0.790623128414154,
          0.4755553603172302
        ],
        [
          0.7766667008399963,
          0.0,
          0.6299118399620056
        ]
      ],
      "width": 0.07726508378982544,
      "height": 0.019999999552965164,
      "depth": 0.029999999329447746,
      "object_id": -1,
      "frame": "RealSense D455 aligned color camera frame",
      "rank": 13,
      "distance_to_object_center": 0.08406436346191294
    },
    {
      "score": 0.3935040533542633,
      "translation_camera": [
        -0.011911123059689999,
        0.02388021908700466,
        0.48100003600120544
      ],
      "rotation_matrix_camera": [
        [
          0.4980229139328003,
          -0.6140506863594055,
          -0.6123030185699463
        ],
        [
          -0.3856969475746155,
          0.47555533051490784,
          -0.790623128414154
        ],
        [
          0.7766667008399963,
          0.6299118399620056,
          -2.7534321489497415e-08
        ]
      ],
      "width": 0.08103126287460327,
      "height": 0.019999999552965164,
      "depth": 0.029999999329447746,
      "object_id": -1,
      "frame": "RealSense D455 aligned color camera frame",
      "rank": 14,
      "distance_to_object_center": 0.11271619353300431
    },
    {
      "score": 0.38177067041397095,
      "translation_camera": [
        0.007589586079120636,
        -0.09765326231718063,
        0.4540000259876251
      ],
      "rotation_matrix_camera": [
        [
          0.4980229139328003,
          0.22324463725090027,
          -0.8379349708557129
        ],
        [
          -0.3856969475746155,
          0.9224773645401001,
          0.016531437635421753
        ],
        [
          0.7766667008399963,
          0.3149559199810028,
          0.5455196499824524
        ]
      ],
      "width": 0.07170825451612473,
      "height": 0.019999999552965164,
      "depth": 0.019999999552965164,
      "object_id": -1,
      "frame": "RealSense D455 aligned color camera frame",
      "rank": 15,
      "distance_to_object_center": 0.04369620942752184
    },
    {
      "score": 0.3754732012748718,
      "translation_camera": [
        -0.03448692336678505,
        0.03527597710490227,
        0.5010000467300415
      ],
      "rotation_matrix_camera": [
        [
          0.4980229139328003,
          0.6123030185699463,
          -0.6140506863594055
        ],
        [
          -0.3856969475746155,
          0.790623128414154,
          0.4755553603172302
        ],
        [
          0.7766667008399963,
          0.0,
          0.6299118399620056
        ]
      ],
      "width": 0.08130809664726257,
      "height": 0.019999999552965164,
      "depth": 0.029999999329447746,
      "object_id": -1,
      "frame": "RealSense D455 aligned color camera frame",
      "rank": 16,
      "distance_to_object_center": 0.12564574567684533
    },
    {
      "score": 0.37263888120651245,
      "translation_camera": [
        0.011071615852415562,
        -0.0948767215013504,
        0.4520000219345093
      ],
      "rotation_matrix_camera": [
        [
          0.5313771963119507,
          -0.7907350063323975,
          -0.3039349615573883
        ],
        [
          -0.16952382028102875,
          0.2522660195827484,
          -0.9526927471160889
        ],
        [
          0.8300000429153442,
          0.557763397693634,
          -2.4380613083963e-08
        ]
      ],
      "width": 0.06887102127075195,
      "height": 0.019999999552965164,
      "depth": 0.019999999552965164,
      "object_id": -1,
      "frame": "RealSense D455 aligned color camera frame",
      "rank": 17,
      "distance_to_object_center": 0.046754417470323786
    },
    {
      "score": 0.371917724609375,
      "translation_camera": [
        -0.010752801783382893,
        0.02659645490348339,
        0.48500004410743713
      ],
      "rotation_matrix_camera": [
        [
          0.4980229139328003,
          -0.6140506863594055,
          -0.6123030185699463
        ],
        [
          -0.3856969475746155,
          0.47555533051490784,
          -0.790623128414154
        ],
        [
          0.7766667008399963,
          0.6299118399620056,
          -2.7534321489497415e-08
        ]
      ],
      "width": 0.07781720906496048,
      "height": 0.019999999552965164,
      "depth": 0.029999999329447746,
      "object_id": -1,
      "frame": "RealSense D455 aligned color camera frame",
      "rank": 18,
      "distance_to_object_center": 0.11522067017204034
    },
    {
      "score": 0.3681184649467468,
      "translation_camera": [
        -0.004300182685256004,
        -0.008329556323587894,
        0.4670000374317169
      ],
      "rotation_matrix_camera": [
        [
          0.4980229139328003,
          0.6123030185699463,
          -0.6140506863594055
        ],
        [
          -0.3856969475746155,
          0.790623128414154,
          0.4755553603172302
        ],
        [
          0.7766667008399963,
          0.0,
          0.6299118399620056
        ]
      ],
      "width": 0.07801483571529388,
      "height": 0.019999999552965164,
      "depth": 0.03999999910593033,
      "object_id": -1,
      "frame": "RealSense D455 aligned color camera frame",
      "rank": 19,
      "distance_to_object_center": 0.08406455818275936
    },
    {
      "score": 0.3671083152294159,
      "translation_camera": [
        0.014619352295994759,
        -0.10449276864528656,
        0.4530000388622284
      ],
      "rotation_matrix_camera": [
        [
          0.5313771963119507,
          0.08892138302326202,
          -0.8424555659294128
        ],
        [
          -0.16952382028102875,
          0.9855217933654785,
          -0.002904742956161499
        ],
        [
          0.8300000429153442,
          0.1443597823381424,
          0.5387580394744873
        ]
      ],
      "width": 0.07605743408203125,
      "height": 0.019999999552965164,
      "depth": 0.019999999552965164,
      "object_id": -1,
      "frame": "RealSense D455 aligned color camera frame",
      "rank": 20,
      "distance_to_object_center": 0.050278566590275256
    },
    {
      "score": 0.36069077253341675,
      "translation_camera": [
        -0.010641947388648987,
        0.02133888006210327,
        0.48000001907348633
      ],
      "rotation_matrix_camera": [
        [
          0.4980229139328003,
          -0.6140506863594055,
          -0.6123030185699463
        ],
        [
          -0.3856969475746155,
          0.47555533051490784,
          -0.790623128414154
        ],
        [
          0.7766667008399963,
          0.6299118399620056,
          -2.7534321489497415e-08
        ]
      ],
      "width": 0.08298537135124207,
      "height": 0.019999999552965164,
      "depth": 0.029999999329447746,
      "object_id": -1,
      "frame": "RealSense D455 aligned color camera frame",
      "rank": 21,
      "distance_to_object_center": 0.11031794139738674
    },
    {
      "score": 0.3599078059196472,
      "translation_camera": [
        -0.013240194879472256,
        0.026541616767644882,
        0.484000027179718
      ],
      "rotation_matrix_camera": [
        [
          0.4980229139328003,
          -0.6140506863594055,
          -0.6123030185699463
        ],
        [
          -0.3856969475746155,
          0.47555533051490784,
          -0.790623128414154
        ],
        [
          0.7766667008399963,
          0.6299118399620056,
          -2.7534321489497415e-08
        ]
      ],
      "width": 0.07744761556386948,
      "height": 0.019999999552965164,
      "depth": 0.029999999329447746,
      "object_id": -1,
      "frame": "RealSense D455 aligned color camera frame",
      "rank": 22,
      "distance_to_object_center": 0.1151403503255214
    },
    {
      "score": 0.3553546965122223,
      "translation_camera": [
        0.014619352295994759,
        -0.10919584333896637,
        0.4530000388622284
      ],
      "rotation_matrix_camera": [
        [
          0.5313771963119507,
          0.08892138302326202,
          -0.8424555659294128
        ],
        [
          -0.16952382028102875,
          0.9855217933654785,
          -0.002904742956161499
        ],
        [
          0.8300000429153442,
          0.1443597823381424,
          0.5387580394744873
        ]
      ],
      "width": 0.07081213593482971,
      "height": 0.019999999552965164,
      "depth": 0.019999999552965164,
      "object_id": -1,
      "frame": "RealSense D455 aligned color camera frame",
      "rank": 23,
      "distance_to_object_center": 0.05197322085962534
    },
    {
      "score": 0.352169930934906,
      "translation_camera": [
        -0.010752801783382893,
        0.029114102944731712,
        0.48500004410743713
      ],
      "rotation_matrix_camera": [
        [
          0.4980229139328003,
          -0.6140506863594055,
          -0.6123030185699463
        ],
        [
          -0.3856969475746155,
          0.47555533051490784,
          -0.790623128414154
        ],
        [
          0.7766667008399963,
          0.6299118399620056,
          -2.7534321489497415e-08
        ]
      ],
      "width": 0.07667310535907745,
      "height": 0.019999999552965164,
      "depth": 0.029999999329447746,
      "object_id": -1,
      "frame": "RealSense D455 aligned color camera frame",
      "rank": 24,
      "distance_to_object_center": 0.11773399756723743
    },
    {
      "score": 0.3510292172431946,
      "translation_camera": [
        -0.039523933082818985,
        0.03772547468543053,
        0.49900004267692566
      ],
      "rotation_matrix_camera": [
        [
          0.4980229139328003,
          -0.6140506863594055,
          -0.6123030185699463
        ],
        [
          -0.3856969475746155,
          0.47555533051490784,
          -0.790623128414154
        ],
        [
          0.7766667008399963,
          0.6299118399620056,
          -2.7534321489497415e-08
        ]
      ],
      "width": 0.0720880925655365,
      "height": 0.019999999552965164,
      "depth": 0.029999999329447746,
      "object_id": -1,
      "frame": "RealSense D455 aligned color camera frame",
      "rank": 25,
      "distance_to_object_center": 0.12875009104141727
    },
    {
      "score": 0.3496643602848053,
      "translation_camera": [
        -0.004364639520645142,
        -0.02936905436217785,
        0.4740000367164612
      ],
      "rotation_matrix_camera": [
        [
          0.32332366704940796,
          -0.5531456470489502,
          -0.7677836418151855
        ],
        [
          -0.38744980096817017,
          0.6628532409667969,
          -0.6407091617584229
        ],
        [
          0.8633333444595337,
          0.5046340823173523,
          -2.2058255666479454e-08
        ]
      ],
      "width": 0.07247203588485718,
      "height": 0.019999999552965164,
      "depth": 0.029999999329447746,
      "object_id": -1,
      "frame": "RealSense D455 aligned color camera frame",
      "rank": 26,
      "distance_to_object_center": 0.062168064330701364
    },
    {
      "score": 0.34675362706184387,
      "translation_camera": [
        0.007589586079120636,
        -0.100009985268116,
        0.4540000259876251
      ],
      "rotation_matrix_camera": [
        [
          0.4980229139328003,
          0.4325112998485565,
          -0.7516031265258789
        ],
        [
          -0.3856969475746155,
          0.8867660760879517,
          0.2547228932380676
        ],
        [
          0.7766667008399963,
          0.16303318738937378,
          0.6084480881690979
        ]
      ],
      "width": 0.08113723993301392,
      "height": 0.019999999552965164,
      "depth": 0.019999999552965164,
      "object_id": -1,
      "frame": "RealSense D455 aligned color camera frame",
      "rank": 27,
      "distance_to_object_center": 0.04425407493341588
    },
    {
      "score": 0.34536170959472656,
      "translation_camera": [
        -0.010730630718171597,
        0.024029159918427467,
        0.484000027179718
      ],
      "rotation_matrix_camera": [
        [
          0.4980229139328003,
          -0.6140506863594055,
          -0.6123030185699463
        ],
        [
          -0.3856969475746155,
          0.47555533051490784,
          -0.790623128414154
        ],
        [
          0.7766667008399963,
          0.6299118399620056,
          -2.7534321489497415e-08
        ]
      ],
      "width": 0.07867548614740372,
      "height": 0.019999999552965164,
      "depth": 0.029999999329447746,
      "object_id": -1,
      "frame": "RealSense D455 aligned color camera frame",
      "rank": 28,
      "distance_to_object_center": 0.11270770508157311
    },
    {
      "score": 0.3448699712753296,
      "translation_camera": [
        -0.00698067806661129,
        0.029114102944731712,
        0.48500004410743713
      ],
      "rotation_matrix_camera": [
        [
          0.4980229139328003,
          -0.6140506863594055,
          -0.6123030185699463
        ],
        [
          -0.3856969475746155,
          0.47555533051490784,
          -0.790623128414154
        ],
        [
          0.7766667008399963,
          0.6299118399620056,
          -2.7534321489497415e-08
        ]
      ],
      "width": 0.07503080368041992,
      "height": 0.019999999552965164,
      "depth": 0.029999999329447746,
      "object_id": -1,
      "frame": "RealSense D455 aligned color camera frame",
      "rank": 29,
      "distance_to_object_center": 0.11794287145081866
    },
    {
      "score": 0.3441818952560425,
      "translation_camera": [
        -0.008255038410425186,
        0.0266512930393219,
        0.48600003123283386
      ],
      "rotation_matrix_camera": [
        [
          0.4980229139328003,
          -0.6140506863594055,
          -0.6123030185699463
        ],
        [
          -0.3856969475746155,
          0.47555533051490784,
          -0.790623128414154
        ],
        [
          0.7766667008399963,
          0.6299118399620056,
          -2.7534321489497415e-08
        ]
      ],
      "width": 0.07657778263092041,
      "height": 0.019999999552965164,
      "depth": 0.029999999329447746,
      "object_id": -1,
      "frame": "RealSense D455 aligned color camera frame",
      "rank": 30,
      "distance_to_object_center": 0.11536391931256738
    },
    {
      "score": 0.34043875336647034,
      "translation_camera": [
        -0.008136138319969177,
        0.018807921558618546,
        0.4790000319480896
      ],
      "rotation_matrix_camera": [
        [
          0.4980229139328003,
          -0.6140506863594055,
          -0.6123030185699463
        ],
        [
          -0.3856969475746155,
          0.47555533051490784,
          -0.790623128414154
        ],
        [
          0.7766667008399963,
          0.6299118399620056,
          -2.7534321489497415e-08
        ]
      ],
      "width": 0.08221688121557236,
      "height": 0.019999999552965164,
      "depth": 0.029999999329447746,
      "object_id": -1,
      "frame": "RealSense D455 aligned color camera frame",
      "rank": 31,
      "distance_to_object_center": 0.10803673443728586
    },
    {
      "score": 0.3351949155330658,
      "translation_camera": [
        0.013444938696920872,
        -0.11272314190864563,
        0.4530000388622284
      ],
      "rotation_matrix_camera": [
        [
          0.5313771963119507,
          0.08892138302326202,
          -0.8424555659294128
        ],
        [
          -0.16952382028102875,
          0.9855217933654785,
          -0.002904742956161499
        ],
        [
          0.8300000429153442,
          0.1443597823381424,
          0.5387580394744873
        ]
      ],
      "width": 0.06710051000118256,
      "height": 0.019999999552965164,
      "depth": 0.019999999552965164,
      "object_id": -1,
      "frame": "RealSense D455 aligned color camera frame",
      "rank": 32,
      "distance_to_object_center": 0.05283082130821134
    },
    {
      "score": 0.3308720588684082,
      "translation_camera": [
        -0.006692814640700817,
        -0.009500796906650066,
        0.4650000333786011
      ],
      "rotation_matrix_camera": [
        [
          0.4980229139328003,
          0.6123030185699463,
          -0.6140506863594055
        ],
        [
          -0.3856969475746155,
          0.790623128414154,
          0.4755553603172302
        ],
        [
          0.7766667008399963,
          0.0,
          0.6299118399620056
        ]
      ],
      "width": 0.0780562162399292,
      "height": 0.019999999552965164,
      "depth": 0.03999999910593033,
      "object_id": -1,
      "frame": "RealSense D455 aligned color camera frame",
      "rank": 33,
      "distance_to_object_center": 0.08324214592554392
    },
    {
      "score": 0.3277480900287628,
      "translation_camera": [
        0.013415258377790451,
        -0.0948767215013504,
        0.4520000219345093
      ],
      "rotation_matrix_camera": [
        [
          0.5313771963119507,
          -0.7907350063323975,
          -0.3039349615573883
        ],
        [
          -0.16952382028102875,
          0.2522660195827484,
          -0.9526927471160889
        ],
        [
          0.8300000429153442,
          0.557763397693634,
          -2.4380613083963e-08
        ]
      ],
      "width": 0.06797771155834198,
      "height": 0.019999999552965164,
      "depth": 0.019999999552965164,
      "object_id": -1,
      "frame": "RealSense D455 aligned color camera frame",
      "rank": 34,
      "distance_to_object_center": 0.04811974473644986
    },
    {
      "score": 0.32258516550064087,
      "translation_camera": [
        -0.004475136753171682,
        0.0266512930393219,
        0.48600003123283386
      ],
      "rotation_matrix_camera": [
        [
          0.4980229139328003,
          -0.6140506863594055,
          -0.6123030185699463
        ],
        [
          -0.3856969475746155,
          0.47555533051490784,
          -0.790623128414154
        ],
        [
          0.7766667008399963,
          0.6299118399620056,
          -2.7534321489497415e-08
        ]
      ],
      "width": 0.0718584880232811,
      "height": 0.019999999552965164,
      "depth": 0.019999999552965164,
      "object_id": -1,
      "frame": "RealSense D455 aligned color camera frame",
      "rank": 35,
      "distance_to_object_center": 0.1156593019386997
    },
    {
      "score": 0.32258057594299316,
      "translation_camera": [
        -0.0082040810957551,
        0.03150131180882454,
        0.4830000400543213
      ],
      "rotation_matrix_camera": [
        [
          0.4980229139328003,
          -0.6140506863594055,
          -0.6123030185699463
        ],
        [
          -0.3856969475746155,
          0.47555533051490784,
          -0.790623128414154
        ],
        [
          0.7766667008399963,
          0.6299118399620056,
          -2.7534321489497415e-08
        ]
      ],
      "width": 0.07824960350990295,
      "height": 0.019999999552965164,
      "depth": 0.029999999329447746,
      "object_id": -1,
      "frame": "RealSense D455 aligned color camera frame",
      "rank": 36,
      "distance_to_object_center": 0.12034244167646505
    },
    {
      "score": 0.30732622742652893,
      "translation_camera": [
        0.01579376682639122,
        -0.10684430599212646,
        0.4530000388622284
      ],
      "rotation_matrix_camera": [
        [
          0.5313771963119507,
          0.08892138302326202,
          -0.8424555659294128
        ],
        [
          -0.16952382028102875,
          0.9855217933654785,
          -0.002904742956161499
        ],
        [
          0.8300000429153442,
          0.1443597823381424,
          0.5387580394744873
        ]
      ],
      "width": 0.07358347624540329,
      "height": 0.019999999552965164,
      "depth": 0.019999999552965164,
      "object_id": -1,
      "frame": "RealSense D455 aligned color camera frame",
      "rank": 37,
      "distance_to_object_center": 0.0517775586920647
    },
    {
      "score": 0.3029807507991791,
      "translation_camera": [
        -0.041799742728471756,
        -0.13081182539463043,
        0.6310000419616699
      ],
      "rotation_matrix_camera": [
        [
          0.4980229139328003,
          -0.6140506863594055,
          -0.6123030185699463
        ],
        [
          -0.3856969475746155,
          0.47555533051490784,
          -0.790623128414154
        ],
        [
          0.7766667008399963,
          0.6299118399620056,
          -2.7534321489497415e-08
        ]
      ],
      "width": 0.06577417254447937,
      "height": 0.019999999552965164,
      "depth": 0.019999999552965164,
      "object_id": -1,
      "frame": "RealSense D455 aligned color camera frame",
      "rank": 38,
      "distance_to_object_center": 0.14958363253552462
    },
    {
      "score": 0.3014261722564697,
      "translation_camera": [
        -0.035144463181495667,
        -0.12223432213068008,
        0.6290000677108765
      ],
      "rotation_matrix_camera": [
        [
          0.4980229139328003,
          -0.6140506863594055,
          -0.6123030185699463
        ],
        [
          -0.3856969475746155,
          0.47555533051490784,
          -0.790623128414154
        ],
        [
          0.7766667008399963,
          0.6299118399620056,
          -2.7534321489497415e-08
        ]
      ],
      "width": 0.061508242040872574,
      "height": 0.019999999552965164,
      "depth": 0.019999999552965164,
      "object_id": -1,
      "frame": "RealSense D455 aligned color camera frame",
      "rank": 39,
      "distance_to_object_center": 0.1444106550615084
    },
    {
      "score": 0.29633453488349915,
      "translation_camera": [
        -0.006995070725679398,
        0.02412845380604267,
        0.48600003123283386
      ],
      "rotation_matrix_camera": [
        [
          0.4980229139328003,
          -0.6140506863594055,
          -0.6123030185699463
        ],
        [
          -0.3856969475746155,
          0.47555533051490784,
          -0.790623128414154
        ],
        [
          0.7766667008399963,
          0.6299118399620056,
          -2.7534321489497415e-08
        ]
      ],
      "width": 0.07530650496482849,
      "height": 0.019999999552965164,
      "depth": 0.019999999552965164,
      "object_id": -1,
      "frame": "RealSense D455 aligned color camera frame",
      "rank": 40,
      "distance_to_object_center": 0.11293425812794002
    },
    {
      "score": 0.2954080104827881,
      "translation_camera": [
        -0.035144463181495667,
        -0.12549947202205658,
        0.6290000677108765
      ],
      "rotation_matrix_camera": [
        [
          0.4980229139328003,
          -0.6140506863594055,
          -0.6123030185699463
        ],
        [
          -0.3856969475746155,
          0.47555533051490784,
          -0.790623128414154
        ],
        [
          0.7766667008399963,
          0.6299118399620056,
          -2.7534321489497415e-08
        ]
      ],
      "width": 0.06084359064698219,
      "height": 0.019999999552965164,
      "depth": 0.019999999552965164,
      "object_id": -1,
      "frame": "RealSense D455 aligned color camera frame",
      "rank": 41,
      "distance_to_object_center": 0.14520985515428897
    },
    {
      "score": 0.29390859603881836,
      "translation_camera": [
        0.0017608723137527704,
        -0.01079982053488493,
        0.46900004148483276
      ],
      "rotation_matrix_camera": [
        [
          0.4980229139328003,
          0.6123030185699463,
          -0.6140506863594055
        ],
        [
          -0.3856969475746155,
          0.790623128414154,
          0.4755553603172302
        ],
        [
          0.7766667008399963,
          0.0,
          0.6299118399620056
        ]
      ],
      "width": 0.07764750719070435,
      "height": 0.019999999552965164,
      "depth": 0.029999999329447746,
      "object_id": -1,
      "frame": "RealSense D455 aligned color camera frame",
      "rank": 42,
      "distance_to_object_center": 0.08222190999567461
    },
    {
      "score": 0.29132771492004395,
      "translation_camera": [
        -0.010708460584282875,
        0.032754942774772644,
        0.4830000400543213
      ],
      "rotation_matrix_camera": [
        [
          0.4980229139328003,
          -0.6140506863594055,
          -0.6123030185699463
        ],
        [
          -0.3856969475746155,
          0.47555533051490784,
          -0.790623128414154
        ],
        [
          0.7766667008399963,
          0.6299118399620056,
          -2.7534321489497415e-08
        ]
      ],
      "width": 0.07825994491577148,
      "height": 0.019999999552965164,
      "depth": 0.029999999329447746,
      "object_id": -1,
      "frame": "RealSense D455 aligned color camera frame",
      "rank": 43,
      "distance_to_object_center": 0.12146943952178783
    },
    {
      "score": 0.2902671992778778,
      "translation_camera": [
        -0.0384669192135334,
        -0.12896934151649475,
        0.6300000548362732
      ],
      "rotation_matrix_camera": [
        [
          0.4980229139328003,
          -0.6140506863594055,
          -0.6123030185699463
        ],
        [
          -0.3856969475746155,
          0.47555533051490784,
          -0.790623128414154
        ],
        [
          0.7766667008399963,
          0.6299118399620056,
          -2.7534321489497415e-08
        ]
      ],
      "width": 0.06280546635389328,
      "height": 0.019999999552965164,
      "depth": 0.019999999552965164,
      "object_id": -1,
      "frame": "RealSense D455 aligned color camera frame",
      "rank": 44,
      "distance_to_object_center": 0.1475687591742091
    },
    {
      "score": 0.2901555895805359,
      "translation_camera": [
        -0.041799742728471756,
        -0.12753628194332123,
        0.6310000419616699
      ],
      "rotation_matrix_camera": [
        [
          0.4980229139328003,
          -0.6140506863594055,
          -0.6123030185699463
        ],
        [
          -0.3856969475746155,
          0.47555533051490784,
          -0.790623128414154
        ],
        [
          0.7766667008399963,
          0.6299118399620056,
          -2.7534321489497415e-08
        ]
      ],
      "width": 0.06693575531244278,
      "height": 0.019999999552965164,
      "depth": 0.019999999552965164,
      "object_id": -1,
      "frame": "RealSense D455 aligned color camera frame",
      "rank": 45,
      "distance_to_object_center": 0.14868858041527377
    },
    {
      "score": 0.2898711860179901,
      "translation_camera": [
        0.011708478443324566,
        -0.001081824884749949,
        0.4780000150203705
      ],
      "rotation_matrix_camera": [
        [
          0.5313771963119507,
          -0.7907350063323975,
          -0.3039349615573883
        ],
        [
          -0.16952382028102875,
          0.2522660195827484,
          -0.9526927471160889
        ],
        [
          0.8300000429153442,
          0.557763397693634,
          -2.4380613083963e-08
        ]
      ],
      "width": 0.08001798391342163,
      "height": 0.019999999552965164,
      "depth": 0.019999999552965164,
      "object_id": -1,
      "frame": "RealSense D455 aligned color camera frame",
      "rank": 46,
      "distance_to_object_center": 0.09223210337877913
    },
    {
      "score": 0.2887837886810303,
      "translation_camera": [
        -0.0032217849511653185,
        0.024178100749850273,
        0.4870000183582306
      ],
      "rotation_matrix_camera": [
        [
          0.4980229139328003,
          -0.6140506863594055,
          -0.6123030185699463
        ],
        [
          -0.3856969475746155,
          0.47555533051490784,
          -0.790623128414154
        ],
        [
          0.7766667008399963,
          0.6299118399620056,
          -2.7534321489497415e-08
        ]
      ],
      "width": 0.0723947212100029,
      "height": 0.019999999552965164,
      "depth": 0.019999999552965164,
      "object_id": -1,
      "frame": "RealSense D455 aligned color camera frame",
      "rank": 47,
      "distance_to_object_center": 0.11329575919711812
    },
    {
      "score": 0.28551971912384033,
      "translation_camera": [
        0.021441355347633362,
        0.035835422575473785,
        0.4740000367164612
      ],
      "rotation_matrix_camera": [
        [
          0.4980229139328003,
          -0.6140506863594055,
          -0.6123030185699463
        ],
        [
          -0.3856969475746155,
          0.47555533051490784,
          -0.790623128414154
        ],
        [
          0.7766667008399963,
          0.6299118399620056,
          -2.7534321489497415e-08
        ]
      ],
      "width": 0.07006249576807022,
