{
  "success": true,
  "method": "graspnet_baseline_d455",
  "num_candidates": 222,
  "object_center_camera": [
    -0.05587793073140081,
    -0.03527756158644502,
    0.4620000422000885
  ],
  "candidates": [
    {
      "score": 0.42298972606658936,
      "translation_camera": [
        -0.07420216500759125,
        -0.0722602978348732,
        0.4650000333786011
      ],
      "rotation_matrix_camera": [
        [
          0.05689249932765961,
          -0.11523131281137466,
          -0.9917080998420715
        ],
        [
          -0.43903547525405884,
          0.8892316222190857,
          -0.1285107433795929
        ],
        [
          0.8966667056083679,
          0.44270631670951843,
          -1.9351308111481558e-08
        ]
      ],
      "width": 0.07182619720697403,
      "height": 0.019999999552965164,
      "depth": 0.029999999329447746,
      "object_id": -1,
      "frame": "RealSense D455 aligned color camera frame",
      "rank": 0,
      "distance_to_object_center": 0.041382366888575495
    },
    {
      "score": 0.3933769464492798,
      "translation_camera": [
        -0.050966259092092514,
        -0.011837756261229515,
        0.4620000422000885
      ],
      "rotation_matrix_camera": [
        [
          0.4980229139328003,
          -0.6140506863594055,
          -0.6123030185699463
        ],
        [
          -0.3856969475746155,
          0.47555533051490784,
          -0.790623128414154
        ],
        [
          0.7766667008399963,
          0.6299118399620056,
          -2.7534321489497415e-08
        ]
      ],
      "width": 0.06986865401268005,
      "height": 0.019999999552965164,
      "depth": 0.019999999552965164,
      "object_id": -1,
      "frame": "RealSense D455 aligned color camera frame",
      "rank": 1,
      "distance_to_object_center": 0.023948882896210142
    },
    {
      "score": 0.38849884271621704,
      "translation_camera": [
        -0.07452131807804108,
        -0.07014688849449158,
        0.4670000374317169
      ],
      "rotation_matrix_camera": [
        [
          0.05689249932765961,
          -0.11523131281137466,
          -0.9917080998420715
        ],
        [
          -0.43903547525405884,
          0.8892316222190857,
          -0.1285107433795929
        ],
        [
          0.8966667056083679,
          0.44270631670951843,
          -1.9351308111481558e-08
        ]
      ],
      "width": 0.06670955568552017,
      "height": 0.019999999552965164,
      "depth": 0.029999999329447746,
      "object_id": -1,
      "frame": "RealSense D455 aligned color camera frame",
      "rank": 2,
      "distance_to_object_center": 0.03985531085179732
    },
    {
      "score": 0.3782302439212799,
      "translation_camera": [
        -0.07573202252388,
        -0.07620740681886673,
        0.4670000374317169
      ],
      "rotation_matrix_camera": [
        [
          0.05689249932765961,
          -0.11523131281137466,
          -0.9917080998420715
        ],
        [
          -0.43903547525405884,
          0.8892316222190857,
          -0.1285107433795929
        ],
        [
          0.8966667056083679,
          0.44270631670951843,
          -1.9351308111481558e-08
        ]
      ],
      "width": 0.07481319457292557,
      "height": 0.019999999552965164,
      "depth": 0.019999999552965164,
      "object_id": -1,
      "frame": "RealSense D455 aligned color camera frame",
      "rank": 3,
      "distance_to_object_center": 0.04576502096547636
    },
    {
      "score": 0.37510615587234497,
      "translation_camera": [
        -0.07694273442029953,
        -0.07378320395946503,
        0.4670000374317169
      ],
      "rotation_matrix_camera": [
        [
          0.05689249932765961,
          -0.11523131281137466,
          -0.9917080998420715
        ],
        [
          -0.43903547525405884,
          0.8892316222190857,
          -0.1285107433795929
        ],
        [
          0.8966667056083679,
          0.44270631670951843,
          -1.9351308111481558e-08
        ]
      ],
      "width": 0.0690595805644989,
      "height": 0.019999999552965164,
      "depth": 0.029999999329447746,
      "object_id": -1,
      "frame": "RealSense D455 aligned color camera frame",
      "rank": 4,
      "distance_to_object_center": 0.044174771095355565
    },
    {
      "score": 0.36969032883644104,
      "translation_camera": [
        -0.07694273442029953,
        -0.07014688849449158,
        0.4670000374317169
      ],
      "rotation_matrix_camera": [
        [
          0.05689249932765961,
          -0.11523131281137466,
          -0.9917080998420715
        ],
        [
          -0.43903547525405884,
          0.8892316222190857,
          -0.1285107433795929
        ],
        [
          0.8966667056083679,
          0.44270631670951843,
          -1.9351308111481558e-08
        ]
      ],
      "width": 0.06582865118980408,
      "height": 0.019999999552965164,
      "depth": 0.029999999329447746,
      "object_id": -1,
      "frame": "RealSense D455 aligned color camera frame",
      "rank": 5,
      "distance_to_object_center": 0.04104382859564112
    },
    {
      "score": 0.36204105615615845,
      "translation_camera": [
        -0.05107657611370087,
        -0.016670268028974533,
        0.46300002932548523
      ],
      "rotation_matrix_camera": [
        [
          0.4980229139328003,
          -0.6140506863594055,
          -0.6123030185699463
        ],
        [
          -0.3856969475746155,
          0.47555533051490784,
          -0.790623128414154
        ],
        [
          0.7766667008399963,
          0.6299118399620056,
          -2.7534321489497415e-08
        ]
      ],
      "width": 0.0707836002111435,
      "height": 0.019999999552965164,
      "depth": 0.019999999552965164,
      "object_id": -1,
      "frame": "RealSense D455 aligned color camera frame",
      "rank": 6,
      "distance_to_object_center": 0.01924277407105718
    },
    {
      "score": 0.3620135188102722,
      "translation_camera": [
        -0.048781026154756546,
        -0.015501954592764378,
        0.46400001645088196
      ],
      "rotation_matrix_camera": [
        [
          0.4980229139328003,
          -0.6140506863594055,
          -0.6123030185699463
        ],
        [
          -0.3856969475746155,
          0.47555533051490784,
          -0.790623128414154
        ],
        [
          0.7766667008399963,
          0.6299118399620056,
          -2.7534321489497415e-08
        ]
      ],
      "width": 0.07236695289611816,
      "height": 0.019999999552965164,
      "depth": 0.019999999552965164,
      "object_id": -1,
      "frame": "RealSense D455 aligned color camera frame",
      "rank": 7,
      "distance_to_object_center": 0.021105463357679263
    },
    {
      "score": 0.35818737745285034,
      "translation_camera": [
        -0.04867589473724365,
        -0.010661656036973,
        0.46300002932548523
      ],
      "rotation_matrix_camera": [
        [
          0.4980229139328003,
          -0.6140506863594055,
          -0.6123030185699463
        ],
        [
          -0.3856969475746155,
          0.47555533051490784,
          -0.790623128414154
        ],
        [
          0.7766667008399963,
          0.6299118399620056,
          -2.7534321489497415e-08
        ]
      ],
      "width": 0.07456778734922409,
      "height": 0.019999999552965164,
      "depth": 0.019999999552965164,
      "object_id": -1,
      "frame": "RealSense D455 aligned color camera frame",
      "rank": 8,
      "distance_to_object_center": 0.025667335325908338
    },
    {
      "score": 0.3569897413253784,
      "translation_camera": [
        -0.07388301938772202,
        -0.07555466890335083,
        0.46300002932548523
      ],
      "rotation_matrix_camera": [
        [
          0.05689249932765961,
          -0.11523131281137466,
          -0.9917080998420715
        ],
        [
          -0.43903547525405884,
          0.8892316222190857,
          -0.1285107433795929
        ],
        [
          0.8966667056083679,
          0.44270631670951843,
          -1.9351308111481558e-08
        ]
      ],
      "width": 0.07762673497200012,
      "height": 0.019999999552965164,
      "depth": 0.029999999329447746,
      "object_id": -1,
      "frame": "RealSense D455 aligned color camera frame",
      "rank": 9,
      "distance_to_object_center": 0.044129678965413886
    },
    {
      "score": 0.3415677547454834,
      "translation_camera": [
        -0.04637516289949417,
        -0.015501954592764378,
        0.46400001645088196
      ],
      "rotation_matrix_camera": [
        [
          0.4980229139328003,
          -0.6140506863594055,
          -0.6123030185699463
        ],
        [
          -0.3856969475746155,
          0.47555533051490784,
          -0.790623128414154
        ],
        [
          0.7766667008399963,
          0.6299118399620056,
          -2.7534321489497415e-08
        ]
      ],
      "width": 0.07192351669073105,
      "height": 0.019999999552965164,
      "depth": 0.019999999552965164,
      "object_id": -1,
      "frame": "RealSense D455 aligned color camera frame",
      "rank": 10,
      "distance_to_object_center": 0.022031276073788086
    },
    {
      "score": 0.33625608682632446,
      "translation_camera": [
        -0.04248986393213272,
        -0.027367040514945984,
        0.4610000252723694
      ],
      "rotation_matrix_camera": [
        [
          0.4980229139328003,
          -0.6140506863594055,
          -0.6123030185699463
        ],
        [
          -0.3856969475746155,
          0.47555533051490784,
          -0.790623128414154
        ],
        [
          0.7766667008399963,
          0.6299118399620056,
          -2.7534321489497415e-08
        ]
      ],
      "width": 0.07312686741352081,
      "height": 0.019999999552965164,
      "depth": 0.029999999329447746,
      "object_id": -1,
      "frame": "RealSense D455 aligned color camera frame",
      "rank": 11,
      "distance_to_object_center": 0.015582577132811488
    },
    {
      "score": 0.32005012035369873,
      "translation_camera": [
        -0.06041717156767845,
        0.031262997537851334,
        0.4610000252723694
      ],
      "rotation_matrix_camera": [
        [
          0.05689249932765961,
          -0.11523131281137466,
          -0.9917080998420715
        ],
        [
          -0.43903547525405884,
          0.8892316222190857,
          -0.1285107433795929
        ],
        [
          0.8966667056083679,
          0.44270631670951843,
          -1.9351308111481558e-08
        ]
      ],
      "width": 0.07106582075357437,
      "height": 0.019999999552965164,
      "depth": 0.019999999552965164,
      "object_id": -1,
      "frame": "RealSense D455 aligned color camera frame",
      "rank": 12,
      "distance_to_object_center": 0.06670270421654158
    },
    {
      "score": 0.3166731894016266,
      "translation_camera": [
        -0.04857076704502106,
        -0.023829026147723198,
        0.4620000422000885
      ],
      "rotation_matrix_camera": [
        [
          0.4980229139328003,
          -0.6140506863594055,
          -0.6123030185699463
        ],
        [
          -0.3856969475746155,
          0.47555533051490784,
          -0.790623128414154
        ],
        [
          0.7766667008399963,
          0.6299118399620056,
          -2.7534321489497415e-08
        ]
      ],
      "width": 0.07545197010040283,
      "height": 0.019999999552965164,
      "depth": 0.029999999329447746,
      "object_id": -1,
      "frame": "RealSense D455 aligned color camera frame",
      "rank": 13,
      "distance_to_object_center": 0.013581737916452976
    },
    {
      "score": 0.3118535280227661,
      "translation_camera": [
        -0.05455949902534485,
        0.02773343399167061,
        0.4620000422000885
      ],
      "rotation_matrix_camera": [
        [
          0.05689249932765961,
          -0.11523131281137466,
          -0.9917080998420715
        ],
        [
          -0.43903547525405884,
          0.8892316222190857,
          -0.1285107433795929
        ],
        [
          0.8966667056083679,
          0.44270631670951843,
          -1.9351308111481558e-08
        ]
      ],
      "width": 0.07078218460083008,
      "height": 0.019999999552965164,
      "depth": 0.019999999552965164,
      "object_id": -1,
      "frame": "RealSense D455 aligned color camera frame",
      "rank": 14,
      "distance_to_object_center": 0.0630247873928095
    },
    {
      "score": 0.3051852583885193,
      "translation_camera": [
        -0.04867589473724365,
        -0.02147715911269188,
        0.46300002932548523
      ],
      "rotation_matrix_camera": [
        [
          0.4980229139328003,
          -0.6140506863594055,
          -0.6123030185699463
        ],
        [
          -0.3856969475746155,
          0.47555533051490784,
          -0.790623128414154
        ],
        [
          0.7766667008399963,
          0.6299118399620056,
          -2.7534321489497415e-08
        ]
      ],
      "width": 0.07657594978809357,
      "height": 0.019999999552965164,
      "depth": 0.029999999329447746,
      "object_id": -1,
      "frame": "RealSense D455 aligned color camera frame",
      "rank": 15,
      "distance_to_object_center": 0.015598730882660498
    },
    {
      "score": 0.2982241213321686,
      "translation_camera": [
        -0.056954991072416306,
        0.03133081644773483,
        0.4620000422000885
      ],
      "rotation_matrix_camera": [
        [
          0.05689249932765961,
          -0.11523131281137466,
          -0.9917080998420715
        ],
        [
          -0.43903547525405884,
          0.8892316222190857,
          -0.1285107433795929
        ],
        [
          0.8966667056083679,
          0.44270631670951843,
          -1.9351308111481558e-08
        ]
      ],
      "width": 0.07076199352741241,
      "height": 0.019999999552965164,
      "depth": 0.019999999552965164,
      "object_id": -1,
      "frame": "RealSense D455 aligned color camera frame",
      "rank": 16,
      "distance_to_object_center": 0.06661708552107636
    },
    {
      "score": 0.29451361298561096,
      "translation_camera": [
        -0.05137363821268082,
        -0.035277560353279114,
        0.45500001311302185
      ],
      "rotation_matrix_camera": [
        [
          0.32332366704940796,
          -0.5531456470489502,
          -0.7677836418151855
        ],
        [
          -0.38744980096817017,
          0.6628532409667969,
          -0.6407091617584229
        ],
        [
          0.8633333444595337,
          0.5046340823173523,
          -2.2058255666479454e-08
        ]
      ],
      "width": 0.06755303591489792,
      "height": 0.019999999552965164,
      "depth": 0.019999999552965164,
      "object_id": -1,
      "frame": "RealSense D455 aligned color camera frame",
      "rank": 17,
      "distance_to_object_center": 0.008324004944374887
    },
    {
      "score": 0.28995847702026367,
      "translation_camera": [
        -0.046275217086076736,
        -0.020275436341762543,
        0.46300002932548523
      ],
      "rotation_matrix_camera": [
        [
          0.4980229139328003,
          -0.6140506863594055,
          -0.6123030185699463
        ],
        [
          -0.3856969475746155,
          0.47555533051490784,
          -0.790623128414154
        ],
        [
          0.7766667008399963,
          0.6299118399620056,
          -2.7534321489497415e-08
        ]
      ],
      "width": 0.07623141258955002,
      "height": 0.019999999552965164,
      "depth": 0.029999999329447746,
      "object_id": -1,
      "frame": "RealSense D455 aligned color camera frame",
      "rank": 18,
      "distance_to_object_center": 0.017840287146293127
    },
    {
      "score": 0.2864157557487488,
      "translation_camera": [
        -0.02223767340183258,
        0.00013224774738773704,
        0.398000031709671
      ],
      "rotation_matrix_camera": [
        [
          -0.01589503511786461,
          0.9961710572242737,
          0.08596863597631454
        ],
        [
          -0.18111571669578552,
          -0.08742573112249374,
          0.9795682430267334
        ],
        [
          0.9833333492279053,
          0.0,
          0.1818118691444397
        ]
      ],
      "width": 0.03843911737203598,
      "height": 0.019999999552965164,
      "depth": 0.009999999776482582,
      "object_id": -1,
      "frame": "RealSense D455 aligned color camera frame",
      "rank": 19,
      "distance_to_object_center": 0.08050790553126759
    },
    {
      "score": 0.2860139012336731,
      "translation_camera": [
        -0.05216400697827339,
        0.02773343399167061,
        0.4620000422000885
      ],
      "rotation_matrix_camera": [
        [
          0.05689249932765961,
          -0.11523131281137466,
          -0.9917080998420715
        ],
        [
          -0.43903547525405884,
          0.8892316222190857,
          -0.1285107433795929
        ],
        [
          0.8966667056083679,
          0.44270631670951843,
          -1.9351308111481558e-08
        ]
      ],
      "width": 0.07129071652889252,
      "height": 0.019999999552965164,
      "depth": 0.019999999552965164,
      "object_id": -1,
      "frame": "RealSense D455 aligned color camera frame",
      "rank": 20,
      "distance_to_object_center": 0.0631203516576813
    },
    {
      "score": 0.28336024284362793,
      "translation_camera": [
        -0.05074562504887581,
        -0.028501613065600395,
        0.46000003814697266
      ],
      "rotation_matrix_camera": [
        [
          0.4980229139328003,
          -0.6140506863594055,
          -0.6123030185699463
        ],
        [
          -0.3856969475746155,
          0.47555533051490784,
          -0.790623128414154
        ],
        [
          0.7766667008399963,
          0.6299118399620056,
          -2.7534321489497415e-08
        ]
      ],
      "width": 0.07366608083248138,
      "height": 0.019999999552965164,
      "depth": 0.029999999329447746,
      "object_id": -1,
      "frame": "RealSense D455 aligned color camera frame",
      "rank": 21,
      "distance_to_object_center": 0.008732356851875369
    },
    {
      "score": 0.2827410101890564,
      "translation_camera": [
        -0.06134502962231636,
        -0.08443264663219452,
        0.45900002121925354
      ],
      "rotation_matrix_camera": [
        [
          0.34578391909599304,
          -0.7931103110313416,
          -0.5014075636863708
        ],
        [
          -0.2003888636827469,
          0.45962363481521606,
          -0.8652112483978271
        ],
        [
          0.9166666865348816,
          0.3996526300907135,
          -1.7469371726974714e-08
        ]
      ],
      "width": 0.07298107445240021,
      "height": 0.019999999552965164,
      "depth": 0.019999999552965164,
      "object_id": -1,
      "frame": "RealSense D455 aligned color camera frame",
      "rank": 22,
      "distance_to_object_center": 0.0495490835639103
    },
    {
      "score": 0.2811856269836426,
      "translation_camera": [
        -0.06386379897594452,
        -0.08103479444980621,
        0.46000003814697266
      ],
      "rotation_matrix_camera": [
        [
          0.34578391909599304,
          -0.7931103110313416,
          -0.5014075636863708
        ],
        [
          -0.2003888636827469,
          0.45962363481521606,
          -0.8652112483978271
        ],
        [
          0.9166666865348816,
          0.3996526300907135,
          -1.7469371726974714e-08
        ]
      ],
      "width": 0.07402420043945312,
      "height": 0.019999999552965164,
      "depth": 0.019999999552965164,
      "object_id": -1,
      "frame": "RealSense D455 aligned color camera frame",
      "rank": 23,
      "distance_to_object_center": 0.04649191829924372
    },
    {
      "score": 0.27917036414146423,
      "translation_camera": [
        -0.06386379897594452,
        -0.051186397671699524,
        0.46000003814697266
      ],
      "rotation_matrix_camera": [
        [
          0.4980229139328003,
          -0.6140506863594055,
          -0.6123030185699463
        ],
        [
          -0.3856969475746155,
          0.47555533051490784,
          -0.790623128414154
        ],
        [
          0.7766667008399963,
          0.6299118399620056,
          -2.7534321489497415e-08
        ]
      ],
      "width": 0.05885175243020058,
      "height": 0.019999999552965164,
      "depth": 0.019999999552965164,
      "object_id": -1,
      "frame": "RealSense D455 aligned color camera frame",
      "rank": 24,
      "distance_to_object_center": 0.017912709829034444
    },
    {
      "score": 0.26289504766464233,
      "translation_camera": [
        -0.05515380948781967,
        -0.08406475186347961,
        0.4570000171661377
      ],
      "rotation_matrix_camera": [
        [
          0.34578391909599304,
          -0.7931103110313416,
          -0.5014075636863708
        ],
        [
          -0.2003888636827469,
          0.45962363481521606,
          -0.8652112483978271
        ],
        [
          0.9166666865348816,
          0.3996526300907135,
          -1.7469371726974714e-08
        ]
      ],
      "width": 0.07199762016534805,
      "height": 0.019999999552965164,
      "depth": 0.019999999552965164,
      "object_id": -1,
      "frame": "RealSense D455 aligned color camera frame",
      "rank": 25,
      "distance_to_object_center": 0.04904808392835666
    },
    {
      "score": 0.2590508460998535,
      "translation_camera": [
        -0.05107657611370087,
        -0.022678880020976067,
        0.46300002932548523
      ],
      "rotation_matrix_camera": [
        [
          0.4980229139328003,
          -0.6140506863594055,
          -0.6123030185699463
        ],
        [
          -0.3856969475746155,
          0.47555533051490784,
          -0.790623128414154
        ],
        [
          0.7766667008399963,
          0.6299118399620056,
          -2.7534321489497415e-08
        ]
      ],
      "width": 0.0769716426730156,
      "height": 0.019999999552965164,
      "depth": 0.029999999329447746,
      "object_id": -1,
      "frame": "RealSense D455 aligned color camera frame",
      "rank": 26,
      "distance_to_object_center": 0.01351960641453571
    },
    {
      "score": 0.2546260356903076,
      "translation_camera": [
        -0.0585796982049942,
        -0.07914658635854721,
        0.45600003004074097
      ],
      "rotation_matrix_camera": [
        [
          0.34578391909599304,
          -0.7931103110313416,
          -0.5014075636863708
        ],
        [
          -0.2003888636827469,
          0.45962363481521606,
          -0.8652112483978271
        ],
        [
          0.9166666865348816,
          0.3996526300907135,
          -1.7469371726974714e-08
        ]
      ],
      "width": 0.07135473191738129,
      "height": 0.019999999552965164,
      "depth": 0.019999999552965164,
      "object_id": -1,
      "frame": "RealSense D455 aligned color camera frame",
      "rank": 27,
      "distance_to_object_center": 0.04435979066507191
    },
    {
      "score": 0.2500452399253845,
      "translation_camera": [
        -0.05989294499158859,
        -0.08287860453128815,
        0.4570000171661377
      ],
      "rotation_matrix_camera": [
        [
          0.34578391909599304,
          -0.7931103110313416,
          -0.5014075636863708
        ],
        [
          -0.2003888636827469,
          0.45962363481521606,
          -0.8652112483978271
        ],
        [
          0.9166666865348816,
          0.3996526300907135,
          -1.7469371726974714e-08
        ]
      ],
      "width": 0.07205045968294144,
      "height": 0.019999999552965164,
      "depth": 0.019999999552965164,
      "object_id": -1,
      "frame": "RealSense D455 aligned color camera frame",
      "rank": 28,
      "distance_to_object_center": 0.048031030379187635
    },
    {
      "score": 0.2481522411108017,
      "translation_camera": [
        -0.021205848082900047,
        -0.001933780498802662,
        0.398000031709671
      ],
      "rotation_matrix_camera": [
        [
          -0.01589503511786461,
          0.9961710572242737,
          0.08596863597631454
        ],
        [
          -0.18111571669578552,
          -0.08742573112249374,
          0.9795682430267334
        ],
        [
          0.9833333492279053,
          0.0,
          0.1818118691444397
        ]
      ],
      "width": 0.040153224021196365,
      "height": 0.019999999552965164,
      "depth": 0.009999999776482582,
      "object_id": -1,
      "frame": "RealSense D455 aligned color camera frame",
      "rank": 29,
      "distance_to_object_center": 0.08006224075791678
    },
    {
      "score": 0.2453799694776535,
      "translation_camera": [
        -0.0573975071310997,
        -0.08269724994897842,
        0.45600003004074097
      ],
      "rotation_matrix_camera": [
        [
          0.34578391909599304,
          -0.7931103110313416,
          -0.5014075636863708
        ],
        [
          -0.2003888636827469,
          0.45962363481521606,
          -0.8652112483978271
        ],
        [
          0.9166666865348816,
          0.3996526300907135,
          -1.7469371726974714e-08
        ]
      ],
      "width": 0.07134339958429337,
      "height": 0.019999999552965164,
      "depth": 0.019999999552965164,
      "object_id": -1,
      "frame": "RealSense D455 aligned color camera frame",
      "rank": 30,
      "distance_to_object_center": 0.04782192073460272
    },
    {
      "score": 0.24433022737503052,
      "translation_camera": [
        -0.020123334601521492,
        -0.005020177457481623,
        0.3970000147819519
      ],
      "rotation_matrix_camera": [
        [
          -0.01589503511786461,
          0.9961710572242737,
          0.08596863597631454
        ],
        [
          -0.18111571669578552,
          -0.08742573112249374,
          0.9795682430267334
        ],
        [
          0.9833333492279053,
          0.0,
          0.1818118691444397
        ]
      ],
      "width": 0.03952290862798691,
      "height": 0.019999999552965164,
      "depth": 0.009999999776482582,
      "object_id": -1,
      "frame": "RealSense D455 aligned color camera frame",
      "rank": 31,
      "distance_to_object_center": 0.08011806290155134
    },
    {
      "score": 0.23865410685539246,
      "translation_camera": [
        -0.05870816111564636,
        -0.08525089919567108,
        0.4570000171661377
      ],
      "rotation_matrix_camera": [
        [
          0.34578391909599304,
          -0.7931103110313416,
          -0.5014075636863708
        ],
        [
          -0.2003888636827469,
          0.45962363481521606,
          -0.8652112483978271
        ],
        [
          0.9166666865348816,
          0.3996526300907135,
          -1.7469371726974714e-08
        ]
      ],
      "width": 0.07172439992427826,
      "height": 0.019999999552965164,
      "depth": 0.019999999552965164,
      "object_id": -1,
      "frame": "RealSense D455 aligned color camera frame",
      "rank": 32,
      "distance_to_object_center": 0.05030253399356467
    },
    {
      "score": 0.2344129979610443,
      "translation_camera": [
        -0.04637516289949417,
        -0.017910590395331383,
        0.46400001645088196
      ],
      "rotation_matrix_camera": [
        [
          0.4980229139328003,
          -0.6140506863594055,
          -0.6123030185699463
        ],
        [
          -0.3856969475746155,
          0.47555533051490784,
          -0.790623128414154
        ],
        [
          0.7766667008399963,
          0.6299118399620056,
          -2.7534321489497415e-08
        ]
      ],
      "width": 0.07552991062402725,
      "height": 0.019999999552965164,
      "depth": 0.029999999329447746,
      "object_id": -1,
      "frame": "RealSense D455 aligned color camera frame",
      "rank": 33,
      "distance_to_object_center": 0.019897592362492694
    },
    {
      "score": 0.23209908604621887,
      "translation_camera": [
        -0.06107772886753082,
        -0.08050630241632462,
        0.4570000171661377
      ],
      "rotation_matrix_camera": [
        [
          0.34578391909599304,
          -0.7931103110313416,
          -0.5014075636863708
        ],
        [
          -0.2003888636827469,
          0.45962363481521606,
          -0.8652112483978271
        ],
        [
          0.9166666865348816,
          0.3996526300907135,
          -1.7469371726974714e-08
        ]
      ],
      "width": 0.07251347601413727,
      "height": 0.019999999552965164,
      "depth": 0.019999999552965164,
      "object_id": -1,
      "frame": "RealSense D455 aligned color camera frame",
      "rank": 34,
      "distance_to_object_center": 0.04580040554463523
    },
    {
      "score": 0.22873103618621826,
      "translation_camera": [
        -0.05491243675351143,
        -0.05299193784594536,
        0.45500001311302185
      ],
      "rotation_matrix_camera": [
        [
          0.32332366704940796,
          -0.5531456470489502,
          -0.7677836418151855
        ],
        [
          -0.38744980096817017,
          0.6628532409667969,
          -0.6407091617584229
        ],
        [
          0.8633333444595337,
          0.5046340823173523,
          -2.2058255666479454e-08
        ]
      ],
      "width": 0.06349912285804749,
      "height": 0.019999999552965164,
      "depth": 0.019999999552965164,
      "object_id": -1,
      "frame": "RealSense D455 aligned color camera frame",
      "rank": 35,
      "distance_to_object_center": 0.019071751678969316
    },
    {
      "score": 0.22615006566047668,
      "translation_camera": [
        -0.06653696298599243,
        -0.0897810086607933,
        0.4620000422000885
      ],
      "rotation_matrix_camera": [
        [
          0.32332366704940796,
          -0.5531456470489502,
          -0.7677836418151855
        ],
        [
          -0.38744980096817017,
          0.6628532409667969,
          -0.6407091617584229
        ],
        [
          0.8633333444595337,
          0.5046340823173523,
          -2.2058255666479454e-08
        ]
      ],
      "width": 0.05807994678616524,
      "height": 0.019999999552965164,
      "depth": 0.019999999552965164,
      "object_id": -1,
      "frame": "RealSense D455 aligned color camera frame",
      "rank": 36,
      "distance_to_object_center": 0.05553594071941799
    },
    {
      "score": 0.2232346087694168,
      "translation_camera": [
        -0.03493586927652359,
        -0.07914658635854721,
        0.45600003004074097
      ],
      "rotation_matrix_camera": [
        [
          0.022774772718548775,
          -0.9989326000213623,
          -0.0401865616440773
        ],
        [
          0.4925254285335541,
          0.04619145020842552,
          -0.869071364402771
        ],
        [
          0.8700000047683716,
          0.0,
          0.4930517077445984
        ]
      ],
      "width": 0.08214917778968811,
      "height": 0.019999999552965164,
      "depth": 0.009999999776482582,
      "object_id": -1,
      "frame": "RealSense D455 aligned color camera frame",
      "rank": 37,
      "distance_to_object_center": 0.04898021456003932
    },
    {
      "score": 0.2214188128709793,
      "translation_camera": [
        -0.06653696298599243,
        -0.08738275617361069,
        0.4620000422000885
      ],
      "rotation_matrix_camera": [
        [
          0.32332366704940796,
          -0.5531456470489502,
          -0.7677836418151855
        ],
        [
          -0.38744980096817017,
          0.6628532409667969,
          -0.6407091617584229
        ],
        [
          0.8633333444595337,
          0.5046340823173523,
          -2.2058255666479454e-08
        ]
      ],
      "width": 0.06180113926529884,
      "height": 0.019999999552965164,
      "depth": 0.019999999552965164,
      "object_id": -1,
      "frame": "RealSense D455 aligned color camera frame",
      "rank": 38,
      "distance_to_object_center": 0.05318426714330867
    },
    {
      "score": 0.22101563215255737,
      "translation_camera": [
        -0.05336175113916397,
        0.030131688341498375,
        0.4620000422000885
      ],
      "rotation_matrix_camera": [
        [
          0.05689249932765961,
          -0.11523131281137466,
          -0.9917080998420715
        ],
        [
          -0.43903547525405884,
          0.8892316222190857,
          -0.1285107433795929
        ],
        [
          0.8966667056083679,
          0.44270631670951843,
          -1.9351308111481558e-08
        ]
      ],
      "width": 0.07016369700431824,
      "height": 0.019999999552965164,
      "depth": 0.019999999552965164,
      "object_id": -1,
      "frame": "RealSense D455 aligned color camera frame",
      "rank": 39,
      "distance_to_object_center": 0.06545762855371826
    },
    {
      "score": 0.21931222081184387,
      "translation_camera": [
        -0.022572914138436317,
        -0.038663484156131744,
        0.40400001406669617
      ],
      "rotation_matrix_camera": [
        [
          0.32332366704940796,
          -0.9414929151535034,
          0.09514647722244263
        ],
        [
          -0.38744980096817017,
          -0.22344395518302917,
          -0.894402265548706
        ],
        [
          0.8633333444595337,
          0.252316951751709,
          -0.4370259940624237
        ]
      ],
      "width": 0.06258101016283035,
      "height": 0.019999999552965164,
      "depth": 0.019999999552965164,
      "object_id": -1,
      "frame": "RealSense D455 aligned color camera frame",
      "rank": 40,
      "distance_to_object_center": 0.06696784202421231
    },
    {
      "score": 0.21866747736930847,
      "translation_camera": [
        -0.0564618743956089,
        -0.08662619441747665,
        0.4580000340938568
      ],
      "rotation_matrix_camera": [
        [
          0.34578391909599304,
          -0.7931103110313416,
          -0.5014075636863708
        ],
        [
          -0.2003888636827469,
          0.45962363481521606,
          -0.8652112483978271
        ],
        [
          0.9166666865348816,
          0.3996526300907135,
          -1.7469371726974714e-08
        ]
      ],
      "width": 0.07120084017515182,
      "height": 0.019999999552965164,
      "depth": 0.019999999552965164,
      "object_id": -1,
      "frame": "RealSense D455 aligned color camera frame",
      "rank": 41,
      "distance_to_object_center": 0.05150750575080284
    },
    {
      "score": 0.21322911977767944,
      "translation_camera": [
        -0.0640026330947876,
        -0.08958667516708374,
        0.4610000252723694
      ],
      "rotation_matrix_camera": [
        [
          0.32332366704940796,
          -0.5531456470489502,
          -0.7677836418151855
        ],
        [
          -0.38744980096817017,
          0.6628532409667969,
          -0.6407091617584229
        ],
        [
          0.8633333444595337,
          0.5046340823173523,
          -2.2058255666479454e-08
        ]
      ],
      "width": 0.059371694922447205,
      "height": 0.019999999552965164,
      "depth": 0.019999999552965164,
      "object_id": -1,
      "frame": "RealSense D455 aligned color camera frame",
      "rank": 42,
      "distance_to_object_center": 0.05492258770546107
    },
    {
      "score": 0.21305231750011444,
      "translation_camera": [
        -0.04468546062707901,
        -0.02963099256157875,
        0.45900002121925354
      ],
      "rotation_matrix_camera": [
        [
          0.4980229139328003,
          -0.6140506863594055,
          -0.6123030185699463
        ],
        [
          -0.3856969475746155,
          0.47555533051490784,
          -0.790623128414154
        ],
        [
          0.7766667008399963,
          0.6299118399620056,
          -2.7534321489497415e-08
        ]
      ],
      "width": 0.07310407608747482,
      "height": 0.019999999552965164,
      "depth": 0.029999999329447746,
      "object_id": -1,
      "frame": "RealSense D455 aligned color camera frame",
      "rank": 43,
      "distance_to_object_center": 0.012890122368471386
    },
    {
      "score": 0.2126433551311493,
      "translation_camera": [
        -0.06519778817892075,
        -0.08480054885149002,
        0.4610000252723694
      ],
      "rotation_matrix_camera": [
        [
          0.32332366704940796,
          -0.5531456470489502,
          -0.7677836418151855
        ],
        [
          -0.38744980096817017,
          0.6628532409667969,
          -0.6407091617584229
        ],
        [
          0.8633333444595337,
          0.5046340823173523,
          -2.2058255666479454e-08
        ]
      ],
      "width": 0.06737586110830307,
      "height": 0.019999999552965164,
      "depth": 0.019999999552965164,
      "object_id": -1,
      "frame": "RealSense D455 aligned color camera frame",
      "rank": 44,
      "distance_to_object_center": 0.05040224245360147
    },
    {
      "score": 0.21100206673145294,
      "translation_camera": [
        -0.05324624851346016,
        0.021690746769309044,
        0.4610000252723694
      ],
      "rotation_matrix_camera": [
        [
          0.05689249932765961,
          -0.11523131281137466,
          -0.9917080998420715
        ],
        [
          -0.43903547525405884,
          0.8892316222190857,
          -0.1285107433795929
        ],
        [
          0.8966667056083679,
          0.44270631670951843,
          -1.9351308111481558e-08
        ]
      ],
      "width": 0.06714441627264023,
      "height": 0.019999999552965164,
      "depth": 0.019999999552965164,
      "object_id": -1,
      "frame": "RealSense D455 aligned color camera frame",
      "rank": 45,
      "distance_to_object_center": 0.05703782904413726
    },
    {
      "score": 0.21099251508712769,
      "translation_camera": [
        -0.04857076704502106,
        0.0025517677422612906,
        0.4620000422000885
      ],
      "rotation_matrix_camera": [
        [
          0.05689249932765961,
          0.9917080998420715,
          -0.11523126810789108
        ],
        [
          -0.43903547525405884,
          0.12851069867610931,
          0.8892316222190857
        ],
        [
          0.8966667056083679,
          0.0,
          0.44270631670951843
        ]
      ],
      "width": 0.07970291376113892,
      "height": 0.019999999552965164,
      "depth": 0.009999999776482582,
      "object_id": -1,
      "frame": "RealSense D455 aligned color camera frame",
      "rank": 46,
      "distance_to_object_center": 0.03852859715327391
    },
    {
      "score": 0.20942643284797668,
      "translation_camera": [
        -0.0626712441444397,
        -0.08700447529554367,
        0.46000003814697266
      ],
      "rotation_matrix_camera": [
        [
          0.32332366704940796,
          -0.5531456470489502,
          -0.7677836418151855
        ],
        [
          -0.38744980096817017,
          0.6628532409667969,
          -0.6407091617584229
        ],
        [
          0.8633333444595337,
          0.5046340823173523,
          -2.2058255666479454e-08
        ]
      ],
      "width": 0.06339188665151596,
      "height": 0.019999999552965164,
      "depth": 0.019999999552965164,
      "object_id": -1,
      "frame": "RealSense D455 aligned color camera frame",
      "rank": 47,
      "distance_to_object_center": 0.052209412228148976
    },
    {
      "score": 0.20724183320999146,
      "translation_camera": [
        -0.05947894975543022,
        0.02178484946489334,
        0.46300002932548523
      ],
      "rotation_matrix_camera": [
        [
          0.05689249932765961,
          -0.11523131281137466,
