{
  "success": true,
  "method": "graspnet_baseline_d455",
  "num_candidates": 276,
  "object_center_camera": [
    -0.08850368382968724,
    -0.03225082504633993,
    0.37800002098083496
  ],
  "candidates": [
    {
      "score": 0.3719263970851898,
      "translation_camera": [
        -0.1131487563252449,
        -0.07404018193483353,
        0.38100001215934753
      ],
      "rotation_matrix_camera": [
        [
          0.14391817152500153,
          -0.43786168098449707,
          -0.8874484300613403
        ],
        [
          -0.2771056890487671,
          0.8430759906768799,
          -0.4609070420265198
        ],
        [
          0.949999988079071,
          0.31224989891052246,
          -1.3648876695526724e-08
        ]
      ],
      "width": 0.07025101780891418,
      "height": 0.019999999552965164,
      "depth": 0.019999999552965164,
      "object_id": -1,
      "frame": "RealSense D455 aligned color camera frame",
      "rank": 0,
      "distance_to_object_center": 0.04860792008033602
    },
    {
      "score": 0.3562925457954407,
      "translation_camera": [
        -0.11413650959730148,
        -0.07601796090602875,
        0.38100001215934753
      ],
      "rotation_matrix_camera": [
        [
          0.14391817152500153,
          -0.43786168098449707,
          -0.8874484300613403
        ],
        [
          -0.2771056890487671,
          0.8430759906768799,
          -0.4609070420265198
        ],
        [
          0.949999988079071,
          0.31224989891052246,
          -1.3648876695526724e-08
        ]
      ],
      "width": 0.07050773501396179,
      "height": 0.019999999552965164,
      "depth": 0.019999999552965164,
      "object_id": -1,
      "frame": "RealSense D455 aligned color camera frame",
      "rank": 1,
      "distance_to_object_center": 0.05080948617398606
    },
    {
      "score": 0.30285072326660156,
      "translation_camera": [
        -0.10067272931337357,
        -0.05632780119776726,
        0.3750000298023224
      ],
      "rotation_matrix_camera": [
        [
          0.32332366704940796,
          -0.5531456470489502,
          -0.7677836418151855
        ],
        [
          -0.38744980096817017,
          0.6628532409667969,
          -0.6407091617584229
        ],
        [
          0.8633333444595337,
          0.5046340823173523,
          -2.2058255666479454e-08
        ]
      ],
      "width": 0.06923631578683853,
      "height": 0.019999999552965164,
      "depth": 0.019999999552965164,
      "object_id": -1,
      "frame": "RealSense D455 aligned color camera frame",
      "rank": 2,
      "distance_to_object_center": 0.027143809527249124
    },
    {
      "score": 0.29943668842315674,
      "translation_camera": [
        -0.10289075970649719,
        -0.05647800490260124,
        0.3760000169277191
      ],
      "rotation_matrix_camera": [
        [
          0.32332366704940796,
          -0.5531456470489502,
          -0.7677836418151855
        ],
        [
          -0.38744980096817017,
          0.6628532409667969,
          -0.6407091617584229
        ],
        [
          0.8633333444595337,
          0.5046340823173523,
          -2.2058255666479454e-08
        ]
      ],
      "width": 0.06949155777692795,
      "height": 0.019999999552965164,
      "depth": 0.019999999552965164,
      "object_id": -1,
      "frame": "RealSense D455 aligned color camera frame",
      "rank": 3,
      "distance_to_object_center": 0.028247906334544527
    },
    {
      "score": 0.29370737075805664,
      "translation_camera": [
        -0.1131487563252449,
        -0.07799573987722397,
        0.38100001215934753
      ],
      "rotation_matrix_camera": [
        [
          0.14391817152500153,
          -0.43786168098449707,
          -0.8874484300613403
        ],
        [
          -0.2771056890487671,
          0.8430759906768799,
          -0.4609070420265198
        ],
        [
          0.949999988079071,
          0.31224989891052246,
          -1.3648876695526724e-08
        ]
      ],
      "width": 0.07363000512123108,
      "height": 0.019999999552965164,
      "depth": 0.019999999552965164,
      "object_id": -1,
      "frame": "RealSense D455 aligned color camera frame",
      "rank": 4,
      "distance_to_object_center": 0.05204783163847732
    },
    {
      "score": 0.2831842303276062,
      "translation_camera": [
        -0.09652584791183472,
        -0.055206868797540665,
        0.37400001287460327
      ],
      "rotation_matrix_camera": [
        [
          0.32332366704940796,
          -0.5531456470489502,
          -0.7677836418151855
        ],
        [
          -0.38744980096817017,
          0.6628532409667969,
          -0.6407091617584229
        ],
        [
          0.8633333444595337,
          0.5046340823173523,
          -2.2058255666479454e-08
        ]
      ],
      "width": 0.06974625587463379,
      "height": 0.019999999552965164,
      "depth": 0.019999999552965164,
      "object_id": -1,
      "frame": "RealSense D455 aligned color camera frame",
      "rank": 5,
      "distance_to_object_center": 0.024644170225792926
    },
    {
      "score": 0.2829436659812927,
      "translation_camera": [
        -0.08392098546028137,
        -0.08432852476835251,
        0.37400001287460327
      ],
      "rotation_matrix_camera": [
        [
          0.6540746092796326,
          -0.6235225796699524,
          -0.42825937271118164
        ],
        [
          -0.309978187084198,
          0.2954989969730377,
          -0.9036558270454407
        ],
        [
          0.690000057220459,
          0.7238094210624695,
          -3.1638712982839934e-08
        ]
      ],
      "width": 0.07388369739055634,
      "height": 0.019999999552965164,
      "depth": 0.019999999552965164,
      "object_id": -1,
      "frame": "RealSense D455 aligned color camera frame",
      "rank": 6,
      "distance_to_object_center": 0.0524317460850865
    },
    {
      "score": 0.28152504563331604,
      "translation_camera": [
        -0.077752485871315,
        -0.0644562840461731,
        0.37700003385543823
      ],
      "rotation_matrix_camera": [
        [
          0.6540746092796326,
          -0.6235225796699524,
          -0.42825937271118164
        ],
        [
          -0.309978187084198,
          0.2954989969730377,
          -0.9036558270454407
        ],
        [
          0.690000057220459,
          0.7238094210624695,
          -3.1638712982839934e-08
        ]
      ],
      "width": 0.06409146636724472,
      "height": 0.019999999552965164,
      "depth": 0.019999999552965164,
      "object_id": -1,
      "frame": "RealSense D455 aligned color camera frame",
      "rank": 7,
      "distance_to_object_center": 0.03396733461991096
    },
    {
      "score": 0.2748141884803772,
      "translation_camera": [
        -0.07443056255578995,
        -0.05116106942296028,
        0.3800000250339508
      ],
      "rotation_matrix_camera": [
        [
          0.32332366704940796,
          -0.5531456470489502,
          -0.7677836418151855
        ],
        [
          -0.38744980096817017,
          0.6628532409667969,
          -0.6407091617584229
        ],
        [
          0.8633333444595337,
          0.5046340823173523,
          -2.2058255666479454e-08
        ]
      ],
      "width": 0.07268628478050232,
      "height": 0.019999999552965164,
      "depth": 0.029999999329447746,
      "object_id": -1,
      "frame": "RealSense D455 aligned color camera frame",
      "rank": 8,
      "distance_to_object_center": 0.023656925011205535
    },
    {
      "score": 0.2717887759208679,
      "translation_camera": [
        -0.08682980388402939,
        -0.0833578035235405,
        0.37400001287460327
      ],
      "rotation_matrix_camera": [
        [
          0.6540746092796326,
          -0.6235225796699524,
          -0.42825937271118164
        ],
        [
          -0.309978187084198,
          0.2954989969730377,
          -0.9036558270454407
        ],
        [
          0.690000057220459,
          0.7238094210624695,
          -3.1638712982839934e-08
        ]
      ],
      "width": 0.0736490935087204,
      "height": 0.019999999552965164,
      "depth": 0.019999999552965164,
      "object_id": -1,
      "frame": "RealSense D455 aligned color camera frame",
      "rank": 9,
      "distance_to_object_center": 0.05129059551215444
    },
    {
      "score": 0.27035340666770935,
      "translation_camera": [
        -0.06409148871898651,
        -0.05035346746444702,
        0.3890000283718109
      ],
      "rotation_matrix_camera": [
        [
          0.32332366704940796,
          -0.5531456470489502,
          -0.7677836418151855
        ],
        [
          -0.38744980096817017,
          0.6628532409667969,
          -0.6407091617584229
        ],
        [
          0.8633333444595337,
          0.5046340823173523,
          -2.2058255666479454e-08
        ]
      ],
      "width": 0.07144798338413239,
      "height": 0.019999999552965164,
      "depth": 0.019999999552965164,
      "object_id": -1,
      "frame": "RealSense D455 aligned color camera frame",
      "rank": 10,
      "distance_to_object_center": 0.0323212174158446
    },
    {
      "score": 0.26822391152381897,
      "translation_camera": [
        -0.09846505522727966,
        -0.0581190325319767,
        0.37400001287460327
      ],
      "rotation_matrix_camera": [
        [
          0.32332366704940796,
          -0.5531456470489502,
          -0.7677836418151855
        ],
        [
          -0.38744980096817017,
          0.6628532409667969,
          -0.6407091617584229
        ],
        [
          0.8633333444595337,
          0.5046340823173523,
          -2.2058255666479454e-08
        ]
      ],
      "width": 0.06869366765022278,
      "height": 0.019999999552965164,
      "depth": 0.019999999552965164,
      "object_id": -1,
      "frame": "RealSense D455 aligned color camera frame",
      "rank": 11,
      "distance_to_object_center": 0.028007019539584108
    },
    {
      "score": 0.2616625428199768,
      "translation_camera": [
        -0.10511917620897293,
        -0.053692691028118134,
        0.37700003385543823
      ],
      "rotation_matrix_camera": [
        [
          0.32332366704940796,
          -0.5531456470489502,
          -0.7677836418151855
        ],
        [
          -0.38744980096817017,
          0.6628532409667969,
          -0.6407091617584229
        ],
        [
          0.8633333444595337,
          0.5046340823173523,
          -2.2058255666479454e-08
        ]
      ],
      "width": 0.06874744594097137,
      "height": 0.019999999552965164,
      "depth": 0.019999999552965164,
      "object_id": -1,
      "frame": "RealSense D455 aligned color camera frame",
      "rank": 12,
      "distance_to_object_center": 0.02714457916486453
    },
    {
      "score": 0.2568507790565491,
      "translation_camera": [
        -0.08361677080392838,
        0.010888862423598766,
        0.37700003385543823
      ],
      "rotation_matrix_camera": [
        [
          -0.1557886302471161,
          0.9057342410087585,
          0.39417678117752075
        ],
        [
          -0.33291125297546387,
          -0.4238460063934326,
          0.8423328399658203
        ],
        [
          0.9300000071525574,
          0.0,
          0.3675594925880432
        ]
      ],
      "width": 0.08428040146827698,
      "height": 0.019999999552965164,
      "depth": 0.029999999329447746,
      "object_id": -1,
      "frame": "RealSense D455 aligned color camera frame",
      "rank": 13,
      "distance_to_object_center": 0.04342711742881718
    },
    {
      "score": 0.2504560649394989,
      "translation_camera": [
        -0.09749545156955719,
        -0.05229470506310463,
        0.37400001287460327
      ],
      "rotation_matrix_camera": [
        [
          0.32332366704940796,
          -0.5531456470489502,
          -0.7677836418151855
        ],
        [
          -0.38744980096817017,
          0.6628532409667969,
          -0.6407091617584229
        ],
        [
          0.8633333444595337,
          0.5046340823173523,
          -2.2058255666479454e-08
        ]
      ],
      "width": 0.06937716901302338,
      "height": 0.019999999552965164,
      "depth": 0.019999999552965164,
      "object_id": -1,
      "frame": "RealSense D455 aligned color camera frame",
      "rank": 14,
      "distance_to_object_center": 0.022329556154660677
    },
    {
      "score": 0.248826265335083,
      "translation_camera": [
        -0.11216100305318832,
        -0.07997351884841919,
        0.38100001215934753
      ],
      "rotation_matrix_camera": [
        [
          0.14391817152500153,
          -0.43786168098449707,
          -0.8874484300613403
        ],
        [
          -0.2771056890487671,
          0.8430759906768799,
          -0.4609070420265198
        ],
        [
          0.949999988079071,
          0.31224989891052246,
          -1.3648876695526724e-08
        ]
      ],
      "width": 0.07405916601419449,
      "height": 0.019999999552965164,
      "depth": 0.019999999552965164,
      "object_id": -1,
      "frame": "RealSense D455 aligned color camera frame",
      "rank": 15,
      "distance_to_object_center": 0.0533490787515661
    },
    {
      "score": 0.2471962571144104,
      "translation_camera": [
        -0.07928439229726791,
        -0.06606097519397736,
        0.3750000298023224
      ],
      "rotation_matrix_camera": [
        [
          0.6540746092796326,
          -0.6235225796699524,
          -0.42825937271118164
        ],
        [
          -0.309978187084198,
          0.2954989969730377,
          -0.9036558270454407
        ],
        [
          0.690000057220459,
          0.7238094210624695,
          -3.1638712982839934e-08
        ]
      ],
      "width": 0.0625748336315155,
      "height": 0.019999999552965164,
      "depth": 0.019999999552965164,
      "object_id": -1,
      "frame": "RealSense D455 aligned color camera frame",
      "rank": 16,
      "distance_to_object_center": 0.0351727385404759
    },
    {
      "score": 0.24627333879470825,
      "translation_camera": [
        -0.08025658875703812,
        -0.06898092478513718,
        0.3750000298023224
      ],
      "rotation_matrix_camera": [
        [
          0.6540746092796326,
          -0.6235225796699524,
          -0.42825937271118164
        ],
        [
          -0.309978187084198,
          0.2954989969730377,
          -0.9036558270454407
        ],
        [
          0.690000057220459,
          0.7238094210624695,
          -3.1638712982839934e-08
        ]
      ],
      "width": 0.06436729431152344,
      "height": 0.019999999552965164,
      "depth": 0.019999999552965164,
      "object_id": -1,
      "frame": "RealSense D455 aligned color camera frame",
      "rank": 17,
      "distance_to_object_center": 0.03776393452793896
    },
    {
      "score": 0.2453712373971939,
      "translation_camera": [
        -0.10067272931337357,
        -0.05340784788131714,
        0.3750000298023224
      ],
      "rotation_matrix_camera": [
        [
          0.32332366704940796,
          -0.5531456470489502,
          -0.7677836418151855
        ],
        [
          -0.38744980096817017,
          0.6628532409667969,
          -0.6407091617584229
        ],
        [
          0.8633333444595337,
          0.5046340823173523,
          -2.2058255666479454e-08
        ]
      ],
      "width": 0.0693240687251091,
      "height": 0.019999999552965164,
      "depth": 0.019999999552965164,
      "object_id": -1,
      "frame": "RealSense D455 aligned color camera frame",
      "rank": 18,
      "distance_to_object_center": 0.024590754976106913
    },
    {
      "score": 0.24484756588935852,
      "translation_camera": [
        -0.08436976373195648,
        -0.007682364899665117,
        0.3760000169277191
      ],
      "rotation_matrix_camera": [
        [
          -0.1557886302471161,
          0.9057342410087585,
          0.39417678117752075
        ],
        [
          -0.33291125297546387,
          -0.4238460063934326,
          0.8423328399658203
        ],
        [
          0.9300000071525574,
          0.0,
          0.3675594925880432
        ]
      ],
      "width": 0.08450117707252502,
      "height": 0.019999999552965164,
      "depth": 0.029999999329447746,
      "object_id": -1,
      "frame": "RealSense D455 aligned color camera frame",
      "rank": 19,
      "distance_to_object_center": 0.024993970184139423
    },
    {
      "score": 0.23803137242794037,
      "translation_camera": [
        -0.08459415286779404,
        0.01969543658196926,
        0.37700003385543823
      ],
      "rotation_matrix_camera": [
        [
          -0.1557886302471161,
          0.9057342410087585,
          0.39417678117752075
        ],
        [
          -0.33291125297546387,
          -0.4238460063934326,
          0.8423328399658203
        ],
        [
          0.9300000071525574,
          0.0,
          0.3675594925880432
        ]
      ],
      "width": 0.0848679393529892,
      "height": 0.019999999552965164,
      "depth": 0.029999999329447746,
      "object_id": -1,
      "frame": "RealSense D455 aligned color camera frame",
      "rank": 20,
      "distance_to_object_center": 0.05210276867643128
    },
    {
      "score": 0.2380167692899704,
      "translation_camera": [
        -0.08285859227180481,
        0.01778547093272209,
        0.37800002098083496
      ],
      "rotation_matrix_camera": [
        [
          -0.1557886302471161,
          0.9057342410087585,
          0.39417678117752075
        ],
        [
          -0.33291125297546387,
          -0.4238460063934326,
          0.8423328399658203
        ],
        [
          0.9300000071525574,
          0.0,
          0.3675594925880432
        ]
      ],
      "width": 0.08387048542499542,
      "height": 0.019999999552965164,
      "depth": 0.029999999329447746,
      "object_id": -1,
      "frame": "RealSense D455 aligned color camera frame",
      "rank": 21,
      "distance_to_object_center": 0.05035372850148412
    },
    {
      "score": 0.23787564039230347,
      "translation_camera": [
        -0.08089864253997803,
        0.011898848228156567,
        0.37800002098083496
      ],
      "rotation_matrix_camera": [
        [
          -0.1557886302471161,
          0.9057342410087585,
          0.39417678117752075
        ],
        [
          -0.33291125297546387,
          -0.4238460063934326,
          0.8423328399658203
        ],
        [
          0.9300000071525574,
          0.0,
          0.3675594925880432
        ]
      ],
      "width": 0.08399667590856552,
      "height": 0.019999999552965164,
      "depth": 0.029999999329447746,
      "object_id": -1,
      "frame": "RealSense D455 aligned color camera frame",
      "rank": 22,
      "distance_to_object_center": 0.04479989177735781
    },
    {
      "score": 0.23400290310382843,
      "translation_camera": [
        -0.09555623680353165,
        -0.06006047874689102,
        0.37400001287460327
      ],
      "rotation_matrix_camera": [
        [
          0.32332366704940796,
          -0.5531456470489502,
          -0.7677836418151855
        ],
        [
          -0.38744980096817017,
          0.6628532409667969,
          -0.6407091617584229
        ],
        [
          0.8633333444595337,
          0.5046340823173523,
          -2.2058255666479454e-08
        ]
      ],
      "width": 0.07007460296154022,
      "height": 0.019999999552965164,
      "depth": 0.019999999552965164,
      "object_id": -1,
      "frame": "RealSense D455 aligned color camera frame",
      "rank": 23,
      "distance_to_object_center": 0.028967488797674128
    },
    {
      "score": 0.23329347372055054,
      "translation_camera": [
        -0.09458663314580917,
        -0.06297264248132706,
        0.37400001287460327
      ],
      "rotation_matrix_camera": [
        [
          0.32332366704940796,
          -0.5531456470489502,
          -0.7677836418151855
        ],
        [
          -0.38744980096817017,
          0.6628532409667969,
          -0.6407091617584229
        ],
        [
          0.8633333444595337,
          0.5046340823173523,
          -2.2058255666479454e-08
        ]
      ],
      "width": 0.06856273859739304,
      "height": 0.019999999552965164,
      "depth": 0.019999999552965164,
      "object_id": -1,
      "frame": "RealSense D455 aligned color camera frame",
      "rank": 24,
      "distance_to_object_center": 0.03157265278276608
    },
    {
      "score": 0.23296982049942017,
      "translation_camera": [
        -0.10609655827283859,
        -0.04977865889668465,
        0.37700003385543823
      ],
      "rotation_matrix_camera": [
        [
          0.32332366704940796,
          -0.5531456470489502,
          -0.7677836418151855
        ],
        [
          -0.38744980096817017,
          0.6628532409667969,
          -0.6407091617584229
        ],
        [
          0.8633333444595337,
          0.5046340823173523,
          -2.2058255666479454e-08
        ]
      ],
      "width": 0.07041303813457489,
      "height": 0.019999999552965164,
      "depth": 0.019999999552965164,
      "object_id": -1,
      "frame": "RealSense D455 aligned color camera frame",
      "rank": 25,
      "distance_to_object_center": 0.024854258486399015
    },
    {
      "score": 0.23229148983955383,
      "translation_camera": [
        -0.10289075970649719,
        -0.0515984408557415,
        0.3760000169277191
      ],
      "rotation_matrix_camera": [
        [
          0.32332366704940796,
          -0.5531456470489502,
          -0.7677836418151855
        ],
        [
          -0.38744980096817017,
          0.6628532409667969,
          -0.6407091617584229
        ],
        [
          0.8633333444595337,
          0.5046340823173523,
          -2.2058255666479454e-08
        ]
      ],
      "width": 0.07015176117420197,
      "height": 0.019999999552965164,
      "depth": 0.019999999552965164,
      "object_id": -1,
      "frame": "RealSense D455 aligned color camera frame",
      "rank": 26,
      "distance_to_object_center": 0.024193350450191317
    },
    {
      "score": 0.2308254837989807,
      "translation_camera": [
        -0.08459415286779404,
        0.014802895486354828,
        0.37700003385543823
      ],
      "rotation_matrix_camera": [
        [
          -0.1557886302471161,
          0.9057342410087585,
          0.39417678117752075
        ],
        [
          -0.33291125297546387,
          -0.4238460063934326,
          0.8423328399658203
        ],
        [
          0.9300000071525574,
          0.0,
          0.3675594925880432
        ]
      ],
      "width": 0.08447541296482086,
      "height": 0.019999999552965164,
      "depth": 0.029999999329447746,
      "object_id": -1,
      "frame": "RealSense D455 aligned color camera frame",
      "rank": 27,
      "distance_to_object_center": 0.04722644410245071
    },
    {
      "score": 0.23075096309185028,
      "translation_camera": [
        -0.08949867635965347,
        -0.06861303001642227,
        0.37300002574920654
      ],
      "rotation_matrix_camera": [
        [
          0.4980229139328003,
          -0.6140506863594055,
          -0.6123030185699463
        ],
        [
          -0.3856969475746155,
          0.47555533051490784,
          -0.790623128414154
        ],
        [
          0.7766667008399963,
          0.6299118399620056,
          -2.7534321489497415e-08
        ]
      ],
      "width": 0.06253544986248016,
      "height": 0.019999999552965164,
      "depth": 0.019999999552965164,
      "object_id": -1,
      "frame": "RealSense D455 aligned color camera frame",
      "rank": 28,
      "distance_to_object_center": 0.03671784188561845
    },
    {
      "score": 0.2272627055644989,
      "translation_camera": [
        -0.07914753258228302,
        0.01684882491827011,
        0.3790000379085541
      ],
      "rotation_matrix_camera": [
        [
          -0.1557886302471161,
          0.9057342410087585,
          0.39417678117752075
        ],
        [
          -0.33291125297546387,
          -0.4238460063934326,
          0.8423328399658203
        ],
        [
          0.9300000071525574,
          0.0,
          0.3675594925880432
        ]
      ],
      "width": 0.08431313186883926,
      "height": 0.019999999552965164,
      "depth": 0.029999999329447746,
      "object_id": -1,
      "frame": "RealSense D455 aligned color camera frame",
      "rank": 29,
      "distance_to_object_center": 0.04999313179495018
    },
    {
      "score": 0.21966011822223663,
      "translation_camera": [
        -0.08089864253997803,
        0.008955536410212517,
        0.37800002098083496
      ],
      "rotation_matrix_camera": [
        [
          -0.1557886302471161,
          0.9057342410087585,
          0.39417678117752075
        ],
        [
          -0.33291125297546387,
          -0.4238460063934326,
          0.8423328399658203
        ],
        [
          0.9300000071525574,
          0.0,
          0.3675594925880432
        ]
      ],
      "width": 0.08400435745716095,
      "height": 0.019999999552965164,
      "depth": 0.029999999329447746,
      "object_id": -1,
      "frame": "RealSense D455 aligned color camera frame",
      "rank": 30,
      "distance_to_object_center": 0.041902277712628375
    },
    {
      "score": 0.21820402145385742,
      "translation_camera": [
        -0.08263938874006271,
        0.007953336462378502,
        0.37700003385543823
      ],
      "rotation_matrix_camera": [
        [
          -0.1557886302471161,
          0.9057342410087585,
          0.39417678117752075
        ],
        [
          -0.33291125297546387,
          -0.4238460063934326,
          0.8423328399658203
        ],
        [
          0.9300000071525574,
          0.0,
          0.3675594925880432
        ]
      ],
      "width": 0.08379245549440384,
      "height": 0.019999999552965164,
      "depth": 0.029999999329447746,
      "object_id": -1,
      "frame": "RealSense D455 aligned color camera frame",
      "rank": 31,
      "distance_to_object_center": 0.04064190612862874
    },
    {
      "score": 0.21651826798915863,
      "translation_camera": [
        -0.08187861740589142,
        0.014842160046100616,
        0.37800002098083496
      ],
      "rotation_matrix_camera": [
        [
          -0.1557886302471161,
          0.9057342410087585,
          0.39417678117752075
        ],
        [
          -0.33291125297546387,
          -0.4238460063934326,
          0.8423328399658203
        ],
        [
          0.9300000071525574,
          0.0,
          0.3675594925880432
        ]
      ],
      "width": 0.08432882279157639,
      "height": 0.019999999552965164,
      "depth": 0.029999999329447746,
      "object_id": -1,
      "frame": "RealSense D455 aligned color camera frame",
      "rank": 32,
      "distance_to_object_center": 0.047556710883286855
    },
    {
      "score": 0.21544872224330902,
      "translation_camera": [
        -0.0694211795926094,
        -0.05383278429508209,
        0.3850000202655792
      ],
      "rotation_matrix_camera": [
        [
          0.32332366704940796,
          -0.5531456470489502,
          -0.7677836418151855
        ],
        [
          -0.38744980096817017,
          0.6628532409667969,
          -0.6407091617584229
        ],
        [
          0.8633333444595337,
          0.5046340823173523,
          -2.2058255666479454e-08
        ]
      ],
      "width": 0.06742635369300842,
      "height": 0.019999999552965164,
      "depth": 0.019999999552965164,
      "object_id": -1,
      "frame": "RealSense D455 aligned color camera frame",
      "rank": 33,
      "distance_to_object_center": 0.02964663426021377
    },
    {
      "score": 0.21457919478416443,
      "translation_camera": [
        -0.0793563574552536,
        0.009002920240163803,
        0.3800000250339508
      ],
      "rotation_matrix_camera": [
        [
          -0.1557886302471161,
          0.9057342410087585,
          0.39417678117752075
        ],
        [
          -0.33291125297546387,
          -0.4238460063934326,
          0.8423328399658203
        ],
        [
          0.9300000071525574,
          0.0,
          0.3675594925880432
        ]
      ],
      "width": 0.08402237296104431,
      "height": 0.019999999552965164,
      "depth": 0.029999999329447746,
      "object_id": -1,
      "frame": "RealSense D455 aligned color camera frame",
      "rank": 34,
      "distance_to_object_center": 0.04230301521377191
    },
    {
      "score": 0.21451197564601898,
      "translation_camera": [
        -0.07660193741321564,
        0.011004392988979816,
        0.38100001215934753
      ],
      "rotation_matrix_camera": [
        [
          -0.1557886302471161,
          0.9057342410087585,
          0.39417678117752075
        ],
        [
          -0.33291125297546387,
          -0.4238460063934326,
          0.8423328399658203
        ],
        [
          0.9300000071525574,
          0.0,
          0.3675594925880432
        ]
      ],
      "width": 0.08487522602081299,
      "height": 0.019999999552965164,
      "depth": 0.029999999329447746,
      "object_id": -1,
      "frame": "RealSense D455 aligned color camera frame",
      "rank": 35,
      "distance_to_object_center": 0.044962933646685
    },
    {
      "score": 0.21355511248111725,
      "translation_camera": [
        -0.09046568721532822,
        -0.06570864468812943,
        0.37300002574920654
      ],
      "rotation_matrix_camera": [
        [
          0.4980229139328003,
          -0.6140506863594055,
          -0.6123030185699463
        ],
        [
          -0.3856969475746155,
          0.47555533051490784,
          -0.790623128414154
        ],
        [
          0.7766667008399963,
          0.6299118399620056,
          -2.7534321489497415e-08
        ]
      ],
      "width": 0.0586523674428463,
      "height": 0.019999999552965164,
      "depth": 0.019999999552965164,
      "object_id": -1,
      "frame": "RealSense D455 aligned color camera frame",
      "rank": 36,
      "distance_to_object_center": 0.03388620817949522
    },
    {
      "score": 0.21279972791671753,
      "translation_camera": [
        -0.08013010025024414,
        0.01979992352426052,
        0.3790000379085541
      ],
      "rotation_matrix_camera": [
        [
          -0.1557886302471161,
          0.9057342410087585,
          0.39417678117752075
        ],
        [
          -0.33291125297546387,
          -0.4238460063934326,
          0.8423328399658203
        ],
        [
          0.9300000071525574,
          0.0,
          0.3675594925880432
        ]
      ],
      "width": 0.08468278497457504,
      "height": 0.019999999552965164,
      "depth": 0.029999999329447746,
      "object_id": -1,
      "frame": "RealSense D455 aligned color camera frame",
      "rank": 37,
      "distance_to_object_center": 0.052729473376637366
    },
    {
      "score": 0.2107725888490677,
      "translation_camera": [
        -0.07837119698524475,
        0.013934395276010036,
        0.3800000250339508
      ],
      "rotation_matrix_camera": [
        [
          -0.1557886302471161,
          0.9057342410087585,
          0.39417678117752075
        ],
        [
          -0.33291125297546387,
          -0.4238460063934326,
          0.8423328399658203
        ],
        [
          0.9300000071525574,
          0.0,
          0.3675594925880432
        ]
      ],
      "width": 0.08441953361034393,
      "height": 0.019999999552965164,
      "depth": 0.029999999329447746,
      "object_id": -1,
      "frame": "RealSense D455 aligned color camera frame",
      "rank": 38,
      "distance_to_object_center": 0.047325911318106574
    },
    {
      "score": 0.20077013969421387,
      "translation_camera": [
        -0.07677510380744934,
        -0.08891899138689041,
        0.37700003385543823
      ],
      "rotation_matrix_camera": [
        [
          0.5313771963119507,
          -0.7907350063323975,
          -0.3039349615573883
        ],
        [
          -0.16952382028102875,
          0.2522660195827484,
          -0.9526927471160889
        ],
        [
          0.8300000429153442,
          0.557763397693634,
          -2.4380613083963e-08
        ]
      ],
      "width": 0.07757513970136642,
      "height": 0.019999999552965164,
      "depth": 0.009999999776482582,
      "object_id": -1,
      "frame": "RealSense D455 aligned color camera frame",
      "rank": 39,
      "distance_to_object_center": 0.057877807836763266
    },
    {
      "score": 0.19675390422344208,
      "translation_camera": [
        -0.0923997089266777,
        -0.06764490157365799,
        0.37300002574920654
      ],
      "rotation_matrix_camera": [
        [
          0.4980229139328003,
          -0.6140506863594055,
          -0.6123030185699463
        ],
        [
          -0.3856969475746155,
          0.47555533051490784,
          -0.790623128414154
        ],
        [
          0.7766667008399963,
          0.6299118399620056,
          -2.7534321489497415e-08
        ]
      ],
      "width": 0.06303664296865463,
      "height": 0.019999999552965164,
      "depth": 0.019999999552965164,
      "object_id": -1,
      "frame": "RealSense D455 aligned color camera frame",
      "rank": 40,
      "distance_to_object_center": 0.03595719145170176
    },
    {
      "score": 0.19531312584877014,
      "translation_camera": [
        -0.10067272931337357,
        -0.06411433964967728,
        0.3750000298023224
      ],
      "rotation_matrix_camera": [
        [
          0.32332366704940796,
          -0.5531456470489502,
          -0.7677836418151855
        ],
        [
          -0.38744980096817017,
          0.6628532409667969,
          -0.6407091617584229
        ],
        [
          0.8633333444595337,
          0.5046340823173523,
          -2.2058255666479454e-08
        ]
      ],
      "width": 0.07241253554821014,
      "height": 0.019999999552965164,
      "depth": 0.029999999329447746,
      "object_id": -1,
      "frame": "RealSense D455 aligned color camera frame",
      "rank": 41,
      "distance_to_object_center": 0.03423987701397703
    },
    {
      "score": 0.1909794807434082,
      "translation_camera": [
        -0.10833792388439178,
        -0.06855166703462601,
        0.37800002098083496
      ],
      "rotation_matrix_camera": [
        [
          0.32332366704940796,
          -0.5531456470489502,
          -0.7677836418151855
        ],
        [
          -0.38744980096817017,
          0.6628532409667969,
          -0.6407091617584229
        ],
        [
          0.8633333444595337,
          0.5046340823173523,
          -2.2058255666479454e-08
        ]
      ],
      "width": 0.07077991962432861,
      "height": 0.019999999552965164,
      "depth": 0.029999999329447746,
      "object_id": -1,
      "frame": "RealSense D455 aligned color camera frame",
      "rank": 42,
      "distance_to_object_center": 0.04136602721565318
    },
    {
      "score": 0.19082123041152954,
      "translation_camera": [
        -0.08263938874006271,
        -0.008681305684149265,
        0.37700003385543823
      ],
      "rotation_matrix_camera": [
        [
          -0.1557886302471161,
          0.9057342410087585,
          0.39417678117752075
        ],
        [
          -0.33291125297546387,
          -0.4238460063934326,
          0.8423328399658203
        ],
        [
          0.9300000071525574,
          0.0,
          0.3675594925880432
        ]
      ],
      "width": 0.08435652405023575,
      "height": 0.019999999552965164,
      "depth": 0.029999999329447746,
      "object_id": -1,
      "frame": "RealSense D455 aligned color camera frame",
      "rank": 43,
      "distance_to_object_center": 0.024308685158063035
    },
    {
      "score": 0.1904434710741043,
      "translation_camera": [
        -0.08166200667619705,
        -0.005745780188590288,
        0.37700003385543823
      ],
      "rotation_matrix_camera": [
        [
          -0.1557886302471161,
          0.9057342410087585,
          0.39417678117752075
        ],
        [
          -0.33291125297546387,
          -0.4238460063934326,
          0.8423328399658203
        ],
        [
          0.9300000071525574,
          0.0,
          0.3675594925880432
        ]
      ],
      "width": 0.08411519229412079,
      "height": 0.019999999552965164,
      "depth": 0.029999999329447746,
      "object_id": -1,
      "frame": "RealSense D455 aligned color camera frame",
      "rank": 44,
      "distance_to_object_center": 0.02739207774950395
    },
    {
      "score": 0.1867397278547287,
      "translation_camera": [
        -0.08013010025024414,
        0.006028130650520325,
        0.3790000379085541
      ],
      "rotation_matrix_camera": [
        [
          -0.1557886302471161,
          0.9057342410087585,
          0.39417678117752075
        ],
        [
          -0.33291125297546387,
          -0.4238460063934326,
          0.8423328399658203
        ],
        [
          0.9300000071525574,
          0.0,
          0.3675594925880432
        ]
      ],
      "width": 0.08362676203250885,
      "height": 0.019999999552965164,
      "depth": 0.029999999329447746,
      "object_id": -1,
      "frame": "RealSense D455 aligned color camera frame",
      "rank": 45,
      "distance_to_object_center": 0.03919687978729728
    },
    {
      "score": 0.18526630103588104,
      "translation_camera": [
        -0.09846505522727966,
        -0.062001921236515045,
        0.37400001287460327
      ],
      "rotation_matrix_camera": [
        [
          0.32332366704940796,
          -0.5531456470489502,
          -0.7677836418151855
        ],
        [
          -0.38744980096817017,
          0.6628532409667969,
          -0.6407091617584229
        ],
        [
          0.8633333444595337,
          0.5046340823173523,
          -2.2058255666479454e-08
        ]
      ],
      "width": 0.07071184366941452,
      "height": 0.019999999552965164,
      "depth": 0.029999999329447746,
      "object_id": -1,
      "frame": "RealSense D455 aligned color camera frame",
      "rank": 46,
      "distance_to_object_center": 0.031628416171027976
    },
    {
      "score": 0.18523022532463074,
      "translation_camera": [
        -0.08013010025024414,
        0.0020933332853019238,
        0.3790000379085541
      ],
      "rotation_matrix_camera": [
        [
          -0.1557886302471161,
          0.9057342410087585,
          0.39417678117752075
        ],
        [
          -0.33291125297546387,
          -0.4238460063934326,
          0.8423328399658203
        ],
        [
          0.9300000071525574,
          0.0,
          0.3675594925880432
        ]
      ],
      "width": 0.0836925357580185,
      "height": 0.019999999552965164,
      "depth": 0.029999999329447746,
      "object_id": -1,
      "frame": "RealSense D455 aligned color camera frame",
      "rank": 47,
      "distance_to_object_center": 0.035364362673834915
    },
    {
      "score": 0.1828577220439911,
      "translation_camera": [
        -0.0748223066329956,
        0.00508436094969511,
        0.38200002908706665
      ],
      "rotation_matrix_camera": [
        [
          -0.1557886302471161,
          0.9057342410087585,
          0.39417678117752075
        ],
        [
          -0.33291125297546387,
          -0.4238460063934326,
          0.8423328399658203
        ],
        [
          0.9300000071525574,
          0.0,
          0.3675594925880432
        ]
      ],
      "width": 0.08492505550384521,
