{
  "success": true,
  "method": "graspnet_baseline_d455",
  "num_candidates": 349,
  "object_center_camera": [
    0.042957076469207496,
    -0.11958654519023099,
    0.48000001907348633
  ],
  "candidates": [
    {
      "score": 0.46955615282058716,
      "translation_camera": [
        0.03330296277999878,
        -0.11281159520149231,
        0.46800002455711365
      ],
      "rotation_matrix_camera": [
        [
          0.05689249932765961,
          0.9917080998420715,
          -0.11523126810789108
        ],
        [
          -0.43903547525405884,
          0.12851069867610931,
          0.8892316222190857
        ],
        [
          0.8966667056083679,
          0.0,
          0.44270631670951843
        ]
      ],
      "width": 0.08129917085170746,
      "height": 0.019999999552965164,
      "depth": 0.029999999329447746,
      "object_id": -1,
      "frame": "RealSense D455 aligned color camera frame",
      "rank": 0,
      "distance_to_object_center": 0.016825627086888967
    },
    {
      "score": 0.46808046102523804,
      "translation_camera": [
        0.030942333862185478,
        -0.11426994204521179,
        0.46900004148483276
      ],
      "rotation_matrix_camera": [
        [
          0.05689249932765961,
          0.9917080998420715,
          -0.11523126810789108
        ],
        [
          -0.43903547525405884,
          0.12851069867610931,
          0.8892316222190857
        ],
        [
          0.8966667056083679,
          0.0,
          0.44270631670951843
        ]
      ],
      "width": 0.08229482173919678,
      "height": 0.019999999552965164,
      "depth": 0.029999999329447746,
      "object_id": -1,
      "frame": "RealSense D455 aligned color camera frame",
      "rank": 1,
      "distance_to_object_center": 0.017135338218590812
    },
    {
      "score": 0.38111597299575806,
      "translation_camera": [
        0.062174927443265915,
        -0.0942506268620491,
        0.48500004410743713
      ],
      "rotation_matrix_camera": [
        [
          0.4980229139328003,
          -0.6140506863594055,
          -0.6123030185699463
        ],
        [
          -0.3856969475746155,
          0.47555533051490784,
          -0.790623128414154
        ],
        [
          0.7766667008399963,
          0.6299118399620056,
          -2.7534321489497415e-08
        ]
      ],
      "width": 0.06447184830904007,
      "height": 0.019999999552965164,
      "depth": 0.019999999552965164,
      "object_id": -1,
      "frame": "RealSense D455 aligned color camera frame",
      "rank": 2,
      "distance_to_object_center": 0.03219060117384507
    },
    {
      "score": 0.3601166605949402,
      "translation_camera": [
        0.04040934145450592,
        -0.1147485077381134,
        0.4660000205039978
      ],
      "rotation_matrix_camera": [
        [
          0.05689249932765961,
          -0.9877405166625977,
          -0.14536793529987335
        ],
        [
          -0.43903547525405884,
          0.10601813346147537,
          -0.8921928405761719
        ],
        [
          0.8966667056083679,
          0.11458075791597366,
          -0.4276214838027954
        ]
      ],
      "width": 0.08161713182926178,
      "height": 0.019999999552965164,
      "depth": 0.029999999329447746,
      "object_id": -1,
      "frame": "RealSense D455 aligned color camera frame",
      "rank": 3,
      "distance_to_object_center": 0.015029887559090706
    },
    {
      "score": 0.3597913980484009,
      "translation_camera": [
        0.02389906905591488,
        -0.1228698119521141,
        0.4740000367164612
      ],
      "rotation_matrix_camera": [
        [
          0.05689249932765961,
          -0.11523131281137466,
          -0.9917080998420715
        ],
        [
          -0.43903547525405884,
          0.8892316222190857,
          -0.1285107433795929
        ],
        [
          0.8966667056083679,
          0.44270631670951843,
          -1.9351308111481558e-08
        ]
      ],
      "width": 0.07618413865566254,
      "height": 0.019999999552965164,
      "depth": 0.029999999329447746,
      "object_id": -1,
      "frame": "RealSense D455 aligned color camera frame",
      "rank": 4,
      "distance_to_object_center": 0.020248142519239037
    },
    {
      "score": 0.3479904532432556,
      "translation_camera": [
        0.041304294019937515,
        -0.17188042402267456,
        0.4910000264644623
      ],
      "rotation_matrix_camera": [
        [
          0.4980229139328003,
          -0.6140506863594055,
          -0.6123030185699463
        ],
        [
          -0.3856969475746155,
          0.47555533051490784,
          -0.790623128414154
        ],
        [
          0.7766667008399963,
          0.6299118399620056,
          -2.7534321489497415e-08
        ]
      ],
      "width": 0.07880199700593948,
      "height": 0.019999999552965164,
      "depth": 0.019999999552965164,
      "object_id": -1,
      "frame": "RealSense D455 aligned color camera frame",
      "rank": 5,
      "distance_to_object_center": 0.053463834652673674
    },
    {
      "score": 0.3445283770561218,
      "translation_camera": [
        0.03114025853574276,
        -0.09907481074333191,
        0.47200003266334534
      ],
      "rotation_matrix_camera": [
        [
          0.32332366704940796,
          -0.5531456470489502,
          -0.7677836418151855
        ],
        [
          -0.38744980096817017,
          0.6628532409667969,
          -0.6407091617584229
        ],
        [
          0.8633333444595337,
          0.5046340823173523,
          -2.2058255666479454e-08
        ]
      ],
      "width": 0.0811944380402565,
      "height": 0.019999999552965164,
      "depth": 0.029999999329447746,
      "object_id": -1,
      "frame": "RealSense D455 aligned color camera frame",
      "rank": 6,
      "distance_to_object_center": 0.024987361178307736
    },
    {
      "score": 0.3412378132343292,
      "translation_camera": [
        0.02389906905591488,
        -0.12040926516056061,
        0.4740000367164612
      ],
      "rotation_matrix_camera": [
        [
          0.05689249932765961,
          -0.11523131281137466,
          -0.9917080998420715
        ],
        [
          -0.43903547525405884,
          0.8892316222190857,
          -0.1285107433795929
        ],
        [
          0.8966667056083679,
          0.44270631670951843,
          -1.9351308111481558e-08
        ]
      ],
      "width": 0.07317100465297699,
      "height": 0.019999999552965164,
      "depth": 0.029999999329447746,
      "object_id": -1,
      "frame": "RealSense D455 aligned color camera frame",
      "rank": 7,
      "distance_to_object_center": 0.019997107365799398
    },
    {
      "score": 0.3385883569717407,
      "translation_camera": [
        0.06028953567147255,
        -0.0945248156785965,
        0.48000001907348633
      ],
      "rotation_matrix_camera": [
        [
          0.4980229139328003,
          -0.6140506863594055,
          -0.6123030185699463
        ],
        [
          -0.3856969475746155,
          0.47555533051490784,
          -0.790623128414154
        ],
        [
          0.7766667008399963,
          0.6299118399620056,
          -2.7534321489497415e-08
        ]
      ],
      "width": 0.06872060894966125,
      "height": 0.019999999552965164,
      "depth": 0.019999999552965164,
      "object_id": -1,
      "frame": "RealSense D455 aligned color camera frame",
      "rank": 8,
      "distance_to_object_center": 0.030471370630684037
    },
    {
      "score": 0.32470011711120605,
      "translation_camera": [
        0.02758563868701458,
        -0.10072489082813263,
        0.4740000367164612
      ],
      "rotation_matrix_camera": [
        [
          0.32332366704940796,
          -0.5531456470489502,
          -0.7677836418151855
        ],
        [
          -0.38744980096817017,
          0.6628532409667969,
          -0.6407091617584229
        ],
        [
          0.8633333444595337,
          0.5046340823173523,
          -2.2058255666479454e-08
        ]
      ],
      "width": 0.0771513506770134,
      "height": 0.019999999552965164,
      "depth": 0.029999999329447746,
      "object_id": -1,
      "frame": "RealSense D455 aligned color camera frame",
      "rank": 9,
      "distance_to_object_center": 0.025060783967220678
    },
    {
      "score": 0.3240526020526886,
      "translation_camera": [
        0.029916588217020035,
        -0.10152497887611389,
        0.47200003266334534
      ],
      "rotation_matrix_camera": [
        [
          0.32332366704940796,
          -0.5531456470489502,
          -0.7677836418151855
        ],
        [
          -0.38744980096817017,
          0.6628532409667969,
          -0.6407091617584229
        ],
        [
          0.8633333444595337,
          0.5046340823173523,
          -2.2058255666479454e-08
        ]
      ],
      "width": 0.0808105617761612,
      "height": 0.019999999552965164,
      "depth": 0.029999999329447746,
      "object_id": -1,
      "frame": "RealSense D455 aligned color camera frame",
      "rank": 10,
      "distance_to_object_center": 0.02367011394432078
    },
    {
      "score": 0.32304030656814575,
      "translation_camera": [
        0.07148924469947815,
        -0.09327896684408188,
        0.48000001907348633
      ],
      "rotation_matrix_camera": [
        [
          0.32332366704940796,
          -0.5531456470489502,
          -0.7677836418151855
        ],
        [
          -0.38744980096817017,
          0.6628532409667969,
          -0.6407091617584229
        ],
        [
          0.8633333444595337,
          0.5046340823173523,
          -2.2058255666479454e-08
        ]
      ],
      "width": 0.06613195687532425,
      "height": 0.019999999552965164,
      "depth": 0.019999999552965164,
      "object_id": -1,
      "frame": "RealSense D455 aligned color camera frame",
      "rank": 11,
      "distance_to_object_center": 0.038809448622200746
    },
    {
      "score": 0.3164215385913849,
      "translation_camera": [
        0.029422396793961525,
        -0.16063638031482697,
        0.484000027179718
      ],
      "rotation_matrix_camera": [
        [
          0.32332366704940796,
          -0.5531456470489502,
          -0.7677836418151855
        ],
        [
          -0.38744980096817017,
          0.6628532409667969,
          -0.6407091617584229
        ],
        [
          0.8633333444595337,
          0.5046340823173523,
          -2.2058255666479454e-08
        ]
      ],
      "width": 0.07388821989297867,
      "height": 0.019999999552965164,
      "depth": 0.029999999329447746,
      "object_id": -1,
      "frame": "RealSense D455 aligned color camera frame",
      "rank": 12,
      "distance_to_object_center": 0.04340825477392462
    },
    {
      "score": 0.3163304626941681,
      "translation_camera": [
        0.04003136605024338,
        -0.173154816031456,
        0.4910000264644623
      ],
      "rotation_matrix_camera": [
        [
          0.4980229139328003,
          -0.6140506863594055,
          -0.6123030185699463
        ],
        [
          -0.3856969475746155,
          0.47555533051490784,
          -0.790623128414154
        ],
        [
          0.7766667008399963,
          0.6299118399620056,
          -2.7534321489497415e-08
        ]
      ],
      "width": 0.07922340929508209,
      "height": 0.019999999552965164,
      "depth": 0.019999999552965164,
      "object_id": -1,
      "frame": "RealSense D455 aligned color camera frame",
      "rank": 13,
      "distance_to_object_center": 0.05476421810795803
    },
    {
      "score": 0.3139839172363281,
      "translation_camera": [
        0.03565322235226631,
        -0.09802529215812683,
        0.4670000374317169
      ],
      "rotation_matrix_camera": [
        [
          0.32332366704940796,
          -0.5531456470489502,
          -0.7677836418151855
        ],
        [
          -0.38744980096817017,
          0.6628532409667969,
          -0.6407091617584229
        ],
        [
          0.8633333444595337,
          0.5046340823173523,
          -2.2058255666479454e-08
        ]
      ],
      "width": 0.07966267317533493,
      "height": 0.019999999552965164,
      "depth": 0.029999999329447746,
      "object_id": -1,
      "frame": "RealSense D455 aligned color camera frame",
      "rank": 14,
      "distance_to_object_center": 0.026215137610974333
    },
    {
      "score": 0.3081364035606384,
      "translation_camera": [
        0.03337412327528,
        -0.0984451025724411,
        0.46900004148483276
      ],
      "rotation_matrix_camera": [
        [
          0.32332366704940796,
          -0.5531456470489502,
          -0.7677836418151855
        ],
        [
          -0.38744980096817017,
          0.6628532409667969,
          -0.6407091617584229
        ],
        [
          0.8633333444595337,
          0.5046340823173523,
          -2.2058255666479454e-08
        ]
      ],
      "width": 0.07851008325815201,
      "height": 0.019999999552965164,
      "depth": 0.029999999329447746,
      "object_id": -1,
      "frame": "RealSense D455 aligned color camera frame",
      "rank": 15,
      "distance_to_object_center": 0.02568643795525546
    },
    {
      "score": 0.30705615878105164,
      "translation_camera": [
        0.05852322280406952,
        -0.09570637345314026,
        0.48600003123283386
      ],
      "rotation_matrix_camera": [
        [
          0.4980229139328003,
          -0.6140506863594055,
          -0.6123030185699463
        ],
        [
          -0.3856969475746155,
          0.47555533051490784,
          -0.790623128414154
        ],
        [
          0.7766667008399963,
          0.6299118399620056,
          -2.7534321489497415e-08
        ]
      ],
      "width": 0.06605508923530579,
      "height": 0.019999999552965164,
      "depth": 0.019999999552965164,
      "object_id": -1,
      "frame": "RealSense D455 aligned color camera frame",
      "rank": 16,
      "distance_to_object_center": 0.029130184685710516
    },
    {
      "score": 0.3061043620109558,
      "translation_camera": [
        0.031800009310245514,
        -0.15997259318828583,
        0.4820000231266022
      ],
      "rotation_matrix_camera": [
        [
          0.32332366704940796,
          -0.5531456470489502,
          -0.7677836418151855
        ],
        [
          -0.38744980096817017,
          0.6628532409667969,
          -0.6407091617584229
        ],
        [
          0.8633333444595337,
          0.5046340823173523,
          -2.2058255666479454e-08
        ]
      ],
      "width": 0.07549792528152466,
      "height": 0.019999999552965164,
      "depth": 0.029999999329447746,
      "object_id": -1,
      "frame": "RealSense D455 aligned color camera frame",
      "rank": 17,
      "distance_to_object_center": 0.04194654975922641
    },
    {
      "score": 0.3048783540725708,
      "translation_camera": [
        0.031800009310245514,
        -0.15747052431106567,
        0.4820000231266022
      ],
      "rotation_matrix_camera": [
        [
          0.32332366704940796,
          -0.5531456470489502,
          -0.7677836418151855
        ],
        [
          -0.38744980096817017,
          0.6628532409667969,
          -0.6407091617584229
        ],
        [
          0.8633333444595337,
          0.5046340823173523,
          -2.2058255666479454e-08
        ]
      ],
      "width": 0.07626225054264069,
      "height": 0.019999999552965164,
      "depth": 0.029999999329447746,
      "object_id": -1,
      "frame": "RealSense D455 aligned color camera frame",
      "rank": 18,
      "distance_to_object_center": 0.039543343786659045
    },
    {
      "score": 0.3038918673992157,
      "translation_camera": [
        0.030550412833690643,
        -0.16247467696666718,
        0.4820000231266022
      ],
      "rotation_matrix_camera": [
        [
          0.32332366704940796,
          -0.5531456470489502,
          -0.7677836418151855
        ],
        [
          -0.38744980096817017,
          0.6628532409667969,
          -0.6407091617584229
        ],
        [
          0.8633333444595337,
          0.5046340823173523,
          -2.2058255666479454e-08
        ]
      ],
      "width": 0.07566717267036438,
      "height": 0.019999999552965164,
      "depth": 0.029999999329447746,
      "object_id": -1,
      "frame": "RealSense D455 aligned color camera frame",
      "rank": 19,
      "distance_to_object_center": 0.04469135448887505
    },
    {
      "score": 0.30267658829689026,
      "translation_camera": [
        0.029789822176098824,
        -0.11573347449302673,
        0.4700000286102295
      ],
      "rotation_matrix_camera": [
        [
          0.05689249932765961,
          -0.11523131281137466,
          -0.9917080998420715
        ],
        [
          -0.43903547525405884,
          0.8892316222190857,
          -0.1285107433795929
        ],
        [
          0.8966667056083679,
          0.44270631670951843,
          -1.9351308111481558e-08
        ]
      ],
      "width": 0.07694005221128464,
      "height": 0.019999999552965164,
      "depth": 0.019999999552965164,
      "object_id": -1,
      "frame": "RealSense D455 aligned color camera frame",
      "rank": 20,
      "distance_to_object_center": 0.016977118385705817
    },
    {
      "score": 0.30111193656921387,
      "translation_camera": [
        0.03298104181885719,
        -0.1608891487121582,
        0.48100003600120544
      ],
      "rotation_matrix_camera": [
        [
          0.32332366704940796,
          -0.5531456470489502,
          -0.7677836418151855
        ],
        [
          -0.38744980096817017,
          0.6628532409667969,
          -0.6407091617584229
        ],
        [
          0.8633333444595337,
          0.5046340823173523,
          -2.2058255666479454e-08
        ]
      ],
      "width": 0.07582568377256393,
      "height": 0.019999999552965164,
      "depth": 0.029999999329447746,
      "object_id": -1,
      "frame": "RealSense D455 aligned color camera frame",
      "rank": 21,
      "distance_to_object_center": 0.0425020747598306
    },
    {
      "score": 0.2989118993282318,
      "translation_camera": [
        0.03928534686565399,
        -0.11135844141244888,
        0.4670000374317169
      ],
      "rotation_matrix_camera": [
        [
          0.4980229139328003,
          0.22324463725090027,
          -0.8379349708557129
        ],
        [
          -0.3856969475746155,
          0.9224773645401001,
          0.016531437635421753
        ],
        [
          0.7766667008399963,
          0.3149559199810028,
          0.5455196499824524
        ]
      ],
      "width": 0.07438532263040543,
      "height": 0.019999999552965164,
      "depth": 0.019999999552965164,
      "object_id": -1,
      "frame": "RealSense D455 aligned color camera frame",
      "rank": 22,
      "distance_to_object_center": 0.01581716829100282
    },
    {
      "score": 0.2988107204437256,
      "translation_camera": [
        0.07009848952293396,
        -0.10178738832473755,
        0.4790000319480896
      ],
      "rotation_matrix_camera": [
        [
          0.05689249932765961,
          -0.11523131281137466,
          -0.9917080998420715
        ],
        [
          -0.43903547525405884,
          0.8892316222190857,
          -0.1285107433795929
        ],
        [
          0.8966667056083679,
          0.44270631670951843,
          -1.9351308111481558e-08
        ]
      ],
      "width": 0.0748598501086235,
      "height": 0.019999999552965164,
      "depth": 0.019999999552965164,
      "object_id": -1,
      "frame": "RealSense D455 aligned color camera frame",
      "rank": 23,
      "distance_to_object_center": 0.032472546280302605
    },
    {
      "score": 0.29605916142463684,
      "translation_camera": [
        0.02863212488591671,
        -0.1147572323679924,
        0.4710000157356262
      ],
      "rotation_matrix_camera": [
        [
          0.05689249932765961,
          -0.11523131281137466,
          -0.9917080998420715
        ],
        [
          -0.43903547525405884,
          0.8892316222190857,
          -0.1285107433795929
        ],
        [
          0.8966667056083679,
          0.44270631670951843,
          -1.9351308111481558e-08
        ]
      ],
      "width": 0.07786745578050613,
      "height": 0.019999999552965164,
      "depth": 0.019999999552965164,
      "object_id": -1,
      "frame": "RealSense D455 aligned color camera frame",
      "rank": 24,
      "distance_to_object_center": 0.017593366939848563
    },
    {
      "score": 0.29560133814811707,
      "translation_camera": [
        0.030550412833690643,
        -0.15872156620025635,
        0.4820000231266022
      ],
      "rotation_matrix_camera": [
        [
          0.32332366704940796,
          -0.5531456470489502,
          -0.7677836418151855
        ],
        [
          -0.38744980096817017,
          0.6628532409667969,
          -0.6407091617584229
        ],
        [
          0.8633333444595337,
          0.5046340823173523,
          -2.2058255666479454e-08
        ]
      ],
      "width": 0.07579988986253738,
      "height": 0.019999999552965164,
      "depth": 0.029999999329447746,
      "object_id": -1,
      "frame": "RealSense D455 aligned color camera frame",
      "rank": 25,
      "distance_to_object_center": 0.04110322600760751
    },
    {
      "score": 0.2952389717102051,
      "translation_camera": [
        0.03298104181885719,
        -0.1583922654390335,
        0.48100003600120544
      ],
      "rotation_matrix_camera": [
        [
          0.32332366704940796,
          -0.5531456470489502,
          -0.7677836418151855
        ],
        [
          -0.38744980096817017,
          0.6628532409667969,
          -0.6407091617584229
        ],
        [
          0.8633333444595337,
          0.5046340823173523,
          -2.2058255666479454e-08
        ]
      ],
      "width": 0.07630561292171478,
      "height": 0.019999999552965164,
      "depth": 0.029999999329447746,
      "object_id": -1,
      "frame": "RealSense D455 aligned color camera frame",
      "rank": 26,
      "distance_to_object_center": 0.040079985344670936
    },
    {
      "score": 0.2933984398841858,
      "translation_camera": [
        0.035401295870542526,
        -0.1593088060617447,
        0.48000001907348633
      ],
      "rotation_matrix_camera": [
        [
          0.32332366704940796,
          -0.5531456470489502,
          -0.7677836418151855
        ],
        [
          -0.38744980096817017,
          0.6628532409667969,
          -0.6407091617584229
        ],
        [
          0.8633333444595337,
          0.5046340823173523,
          -2.2058255666479454e-08
        ]
      ],
      "width": 0.07608764618635178,
      "height": 0.019999999552965164,
      "depth": 0.029999999329447746,
      "object_id": -1,
      "frame": "RealSense D455 aligned color camera frame",
      "rank": 27,
      "distance_to_object_center": 0.040434488115960496
    },
    {
      "score": 0.29077547788619995,
      "translation_camera": [
        0.0322267971932888,
        -0.09987489134073257,
        0.4700000286102295
      ],
      "rotation_matrix_camera": [
        [
          0.32332366704940796,
          -0.5531456470489502,
          -0.7677836418151855
        ],
        [
          -0.38744980096817017,
          0.6628532409667969,
          -0.6407091617584229
        ],
        [
          0.8633333444595337,
          0.5046340823173523,
          -2.2058255666479454e-08
        ]
      ],
      "width": 0.07948027551174164,
      "height": 0.019999999552965164,
      "depth": 0.029999999329447746,
      "object_id": -1,
      "frame": "RealSense D455 aligned color camera frame",
      "rank": 28,
      "distance_to_object_center": 0.024570063086750173
    },
    {
      "score": 0.2901420593261719,
      "translation_camera": [
        0.030942333862185478,
        -0.12157371640205383,
        0.46900004148483276
      ],
      "rotation_matrix_camera": [
        [
          0.05689249932765961,
          -0.9877405166625977,
          -0.14536793529987335
        ],
        [
          -0.43903547525405884,
          0.10601813346147537,
          -0.8921928405761719
        ],
        [
          0.8966667056083679,
          0.11458075791597366,
          -0.4276214838027954
        ]
      ],
      "width": 0.07996431738138199,
      "height": 0.019999999552965164,
      "depth": 0.029999999329447746,
      "object_id": -1,
      "frame": "RealSense D455 aligned color camera frame",
      "rank": 29,
      "distance_to_object_center": 0.01641043559107949
    },
    {
      "score": 0.2871339023113251,
      "translation_camera": [
        0.032089658081531525,
        -0.12009979039430618,
        0.46800002455711365
      ],
      "rotation_matrix_camera": [
        [
          0.05689249932765961,
          -0.9877405166625977,
          -0.14536793529987335
        ],
        [
          -0.43903547525405884,
          0.10601813346147537,
          -0.8921928405761719
        ],
        [
          0.8966667056083679,
          0.11458075791597366,
          -0.4276214838027954
        ]
      ],
      "width": 0.07790487259626389,
      "height": 0.019999999552965164,
      "depth": 0.029999999329447746,
      "object_id": -1,
      "frame": "RealSense D455 aligned color camera frame",
      "rank": 30,
      "distance_to_object_center": 0.016197656356562156
    },
    {
      "score": 0.28688621520996094,
      "translation_camera": [
        0.03173403441905975,
        -0.16463448107242584,
        0.48100003600120544
      ],
      "rotation_matrix_camera": [
        [
          0.32332366704940796,
          -0.5531456470489502,
          -0.7677836418151855
        ],
        [
          -0.38744980096817017,
          0.6628532409667969,
          -0.6407091617584229
        ],
        [
          0.8633333444595337,
          0.5046340823173523,
          -2.2058255666479454e-08
        ]
      ],
      "width": 0.07620681822299957,
      "height": 0.019999999552965164,
      "depth": 0.029999999329447746,
      "object_id": -1,
      "frame": "RealSense D455 aligned color camera frame",
      "rank": 31,
      "distance_to_object_center": 0.04643568922673
    },
    {
      "score": 0.28578102588653564,
      "translation_camera": [
        0.03298104181885719,
        -0.1558953821659088,
        0.48100003600120544
      ],
      "rotation_matrix_camera": [
        [
          0.32332366704940796,
          -0.5531456470489502,
          -0.7677836418151855
        ],
        [
          -0.38744980096817017,
          0.6628532409667969,
          -0.6407091617584229
        ],
        [
          0.8633333444595337,
          0.5046340823173523,
          -2.2058255666479454e-08
        ]
      ],
      "width": 0.0763624757528305,
      "height": 0.019999999552965164,
      "depth": 0.029999999329447746,
      "object_id": -1,
      "frame": "RealSense D455 aligned color camera frame",
      "rank": 32,
      "distance_to_object_center": 0.037667664431539474
    },
    {
      "score": 0.2851838171482086,
      "translation_camera": [
        0.03789011761546135,
        -0.1593088060617447,
        0.48000001907348633
      ],
      "rotation_matrix_camera": [
        [
          0.32332366704940796,
          -0.5531456470489502,
          -0.7677836418151855
        ],
        [
          -0.38744980096817017,
          0.6628532409667969,
          -0.6407091617584229
        ],
        [
          0.8633333444595337,
          0.5046340823173523,
          -2.2058255666479454e-08
        ]
      ],
      "width": 0.07557917386293411,
      "height": 0.019999999552965164,
      "depth": 0.029999999329447746,
      "object_id": -1,
      "frame": "RealSense D455 aligned color camera frame",
      "rank": 33,
      "distance_to_object_center": 0.04004412667008915
    },
    {
      "score": 0.28326985239982605,
      "translation_camera": [
        0.034228045493364334,
        -0.1633860319852829,
        0.48100003600120544
      ],
      "rotation_matrix_camera": [
        [
          0.32332366704940796,
          -0.5531456470489502,
          -0.7677836418151855
        ],
        [
          -0.38744980096817017,
          0.6628532409667969,
          -0.6407091617584229
        ],
        [
          0.8633333444595337,
          0.5046340823173523,
          -2.2058255666479454e-08
        ]
      ],
      "width": 0.07507036626338959,
      "height": 0.019999999552965164,
      "depth": 0.029999999329447746,
      "object_id": -1,
      "frame": "RealSense D455 aligned color camera frame",
      "rank": 34,
      "distance_to_object_center": 0.04467203889619189
    },
    {
      "score": 0.2810991108417511,
      "translation_camera": [
        0.034156884998083115,
        -0.15681712329387665,
        0.48000001907348633
      ],
      "rotation_matrix_camera": [
        [
          0.32332366704940796,
          -0.5531456470489502,
          -0.7677836418151855
        ],
        [
          -0.38744980096817017,
          0.6628532409667969,
          -0.6407091617584229
        ],
        [
          0.8633333444595337,
          0.5046340823173523,
          -2.2058255666479454e-08
        ]
      ],
      "width": 0.0762605369091034,
      "height": 0.019999999552965164,
      "depth": 0.029999999329447746,
      "object_id": -1,
      "frame": "RealSense D455 aligned color camera frame",
      "rank": 35,
      "distance_to_object_center": 0.03825649377373873
    },
    {
      "score": 0.2810942530632019,
      "translation_camera": [
        0.03781118243932724,
        -0.15773367881774902,
        0.4790000319480896
      ],
      "rotation_matrix_camera": [
        [
          0.32332366704940796,
          -0.5531456470489502,
          -0.7677836418151855
        ],
        [
          -0.38744980096817017,
          0.6628532409667969,
          -0.6407091617584229
        ],
        [
          0.8633333444595337,
          0.5046340823173523,
          -2.2058255666479454e-08
        ]
      ],
      "width": 0.07545409351587296,
      "height": 0.019999999552965164,
      "depth": 0.029999999329447746,
      "object_id": -1,
      "frame": "RealSense D455 aligned color camera frame",
      "rank": 36,
      "distance_to_object_center": 0.03850563599803844
    },
    {
      "score": 0.2790183126926422,
      "translation_camera": [
        0.041536640375852585,
        -0.15649041533470154,
        0.4790000319480896
      ],
      "rotation_matrix_camera": [
        [
          0.32332366704940796,
          -0.5531456470489502,
          -0.7677836418151855
        ],
        [
          -0.38744980096817017,
          0.6628532409667969,
          -0.6407091617584229
        ],
        [
          0.8633333444595337,
          0.5046340823173523,
          -2.2058255666479454e-08
        ]
      ],
      "width": 0.07413652539253235,
      "height": 0.019999999552965164,
      "depth": 0.029999999329447746,
      "object_id": -1,
      "frame": "RealSense D455 aligned color camera frame",
      "rank": 37,
      "distance_to_object_center": 0.036944732298207404
    },
    {
      "score": 0.27220743894577026,
      "translation_camera": [
        0.07134030759334564,
        -0.09930089116096497,
        0.4790000319480896
      ],
      "rotation_matrix_camera": [
        [
          0.32332366704940796,
          -0.5531456470489502,
          -0.7677836418151855
        ],
        [
          -0.38744980096817017,
          0.6628532409667969,
          -0.6407091617584229
        ],
        [
          0.8633333444595337,
          0.5046340823173523,
          -2.2058255666479454e-08
        ]
      ],
      "width": 0.06437601149082184,
      "height": 0.019999999552965164,
      "depth": 0.019999999552965164,
      "object_id": -1,
      "frame": "RealSense D455 aligned color camera frame",
      "rank": 38,
      "distance_to_object_center": 0.03490151204020078
    },
    {
      "score": 0.26993831992149353,
      "translation_camera": [
        0.060152217745780945,
        -0.09375873953104019,
        0.48900002241134644
      ],
      "rotation_matrix_camera": [
        [
          0.4980229139328003,
          -0.6140506863594055,
          -0.6123030185699463
        ],
        [
          -0.3856969475746155,
          0.47555533051490784,
          -0.790623128414154
        ],
        [
          0.7766667008399963,
          0.6299118399620056,
          -2.7534321489497415e-08
        ]
      ],
      "width": 0.06130588427186012,
      "height": 0.019999999552965164,
      "depth": 0.019999999552965164,
      "object_id": -1,
      "frame": "RealSense D455 aligned color camera frame",
      "rank": 39,
      "distance_to_object_center": 0.03230709656982102
    },
    {
      "score": 0.2683897614479065,
      "translation_camera": [
        0.03664570674300194,
        -0.16180050373077393,
        0.48000001907348633
      ],
      "rotation_matrix_camera": [
        [
          0.32332366704940796,
          -0.5531456470489502,
          -0.7677836418151855
        ],
        [
          -0.38744980096817017,
          0.6628532409667969,
          -0.6407091617584229
        ],
        [
          0.8633333444595337,
          0.5046340823173523,
          -2.2058255666479454e-08
        ]
      ],
      "width": 0.07539848238229752,
      "height": 0.019999999552965164,
      "depth": 0.029999999329447746,
      "object_id": -1,
      "frame": "RealSense D455 aligned color camera frame",
      "rank": 40,
      "distance_to_object_center": 0.04268315456340525
    },
    {
      "score": 0.26604321599006653,
      "translation_camera": [
        0.01680484600365162,
        -0.09616970270872116,
        0.4820000231266022
      ],
      "rotation_matrix_camera": [
        [
          -0.22638584673404694,
          0.8128176331520081,
          -0.5367280840873718
        ],
        [
          -0.14400814473628998,
          0.5170480608940125,
          0.843755304813385
        ],
        [
          0.9633333683013916,
          0.26830747723579407,
          -1.1728092275120616e-08
        ]
      ],
      "width": 0.0729825422167778,
      "height": 0.019999999552965164,
      "depth": 0.019999999552965164,
      "object_id": -1,
      "frame": "RealSense D455 aligned color camera frame",
      "rank": 41,
      "distance_to_object_center": 0.03516088290046016
    },
    {
      "score": 0.2643764913082123,
      "translation_camera": [
        0.015555248595774174,
        -0.09742073714733124,
        0.4820000231266022
      ],
      "rotation_matrix_camera": [
        [
          -0.22638584673404694,
          0.8128176331520081,
          -0.5367280840873718
        ],
        [
          -0.14400814473628998,
          0.5170480608940125,
          0.843755304813385
        ],
        [
          0.9633333683013916,
          0.26830747723579407,
          -1.1728092275120616e-08
        ]
      ],
      "width": 0.07309667021036148,
      "height": 0.019999999552965164,
      "depth": 0.019999999552965164,
      "object_id": -1,
      "frame": "RealSense D455 aligned color camera frame",
      "rank": 42,
      "distance_to_object_center": 0.03530132055904462
    },
    {
      "score": 0.2624056935310364,
      "translation_camera": [
        0.029726440086960793,
        -0.12522560358047485,
        0.46900004148483276
      ],
      "rotation_matrix_camera": [
        [
          0.05689249932765961,
          -0.9877405166625977,
          -0.14536793529987335
        ],
        [
          -0.43903547525405884,
          0.10601813346147537,
          -0.8921928405761719
        ],
        [
          0.8966667056083679,
          0.11458075791597366,
          -0.4276214838027954
        ]
      ],
      "width": 0.07774095982313156,
      "height": 0.019999999552965164,
      "depth": 0.029999999329447746,
      "object_id": -1,
      "frame": "RealSense D455 aligned color camera frame",
      "rank": 43,
      "distance_to_object_center": 0.01810657962064317
    },
    {
      "score": 0.26222091913223267,
      "translation_camera": [
        0.031800009310245514,
        -0.166227787733078,
        0.4820000231266022
      ],
      "rotation_matrix_camera": [
        [
          0.32332366704940796,
          -0.5531456470489502,
          -0.7677836418151855
        ],
        [
          -0.38744980096817017,
          0.6628532409667969,
          -0.6407091617584229
        ],
        [
          0.8633333444595337,
          0.5046340823173523,
          -2.2058255666479454e-08
        ]
      ],
      "width": 0.07613730430603027,
      "height": 0.019999999552965164,
      "depth": 0.029999999329447746,
      "object_id": -1,
      "frame": "RealSense D455 aligned color camera frame",
      "rank": 44,
      "distance_to_object_center": 0.04799880904504559
    },
    {
      "score": 0.2608109712600708,
      "translation_camera": [
        0.033392444252967834,
        -0.1717441827058792,
        0.4870000183582306
      ],
      "rotation_matrix_camera": [
        [
          0.32332366704940796,
          -0.5531456470489502,
          -0.7677836418151855
        ],
        [
          -0.38744980096817017,
          0.6628532409667969,
          -0.6407091617584229
        ],
        [
          0.8633333444595337,
          0.5046340823173523,
          -2.2058255666479454e-08
        ]
      ],
      "width": 0.07680033147335052,
      "height": 0.019999999552965164,
      "depth": 0.019999999552965164,
      "object_id": -1,
      "frame": "RealSense D455 aligned color camera frame",
      "rank": 45,
      "distance_to_object_center": 0.053487394128262644
    },
    {
      "score": 0.2593558132648468,
      "translation_camera": [
        0.015619792975485325,
        -0.0965687483549118,
        0.484000027179718
      ],
      "rotation_matrix_camera": [
        [
          -0.22638584673404694,
          0.8128176331520081,
          -0.5367280840873718
        ],
        [
          -0.14400814473628998,
          0.5170480608940125,
          0.843755304813385
        ],
        [
          0.9633333683013916,
          0.26830747723579407,
          -1.1728092275120616e-08
        ]
      ],
      "width": 0.07268702983856201,
      "height": 0.019999999552965164,
      "depth": 0.019999999552965164,
      "object_id": -1,
      "frame": "RealSense D455 aligned color camera frame",
      "rank": 46,
      "distance_to_object_center": 0.035960340721662855
    },
    {
      "score": 0.258614182472229,
      "translation_camera": [
        0.034228045493364334,
        -0.15464694797992706,
        0.48100003600120544
      ],
      "rotation_matrix_camera": [
        [
          0.32332366704940796,
          -0.5531456470489502,
          -0.7677836418151855
        ],
        [
          -0.38744980096817017,
          0.6628532409667969,
          -0.6407091617584229
        ],
        [
          0.8633333444595337,
          0.5046340823173523,
          -2.2058255666479454e-08
        ]
      ],
      "width": 0.07601286470890045,
      "height": 0.019999999552965164,
      "depth": 0.029999999329447746,
      "object_id": -1,
      "frame": "RealSense D455 aligned color camera frame",
      "rank": 47,
      "distance_to_object_center": 0.03614454121176091
    },
    {
      "score": 0.25672781467437744,
      "translation_camera": [
        0.016769981011748314,
        -0.09846706688404083,
        0.48100003600120544
      ],
      "rotation_matrix_camera": [
        [
          -0.22638584673404694,
          0.8128176331520081,
