{
  "success": true,
  "method": "graspnet_baseline_d455",
  "num_candidates": 608,
  "object_center_camera": [
    -0.04334055207018906,
    -0.039947643736009245,
    0.3660000264644623
  ],
  "candidates": [
    {
      "score": 0.252032071352005,
      "translation_camera": [
        -0.03524212911725044,
        0.015153495594859123,
        0.3620000183582306
      ],
      "rotation_matrix_camera": [
        [
          0.8544597029685974,
          0.03706137463450432,
          -0.5181940793991089
        ],
        [
          -0.517707347869873,
          -0.022455113008618355,
          -0.8552629947662354
        ],
        [
          -0.04333333298563957,
          0.9990606307983398,
          -4.367032602203835e-08
        ]
      ],
      "width": 0.06589764356613159,
      "height": 0.019999999552965164,
      "depth": 0.019999999552965164,
      "object_id": -1,
      "frame": "RealSense D455 aligned color camera frame",
      "rank": 0,
      "distance_to_object_center": 0.05583654784040979
    },
    {
      "score": 0.24050602316856384,
      "translation_camera": [
        -0.03711911663413048,
        0.012334768660366535,
        0.3620000183582306
      ],
      "rotation_matrix_camera": [
        [
          0.8544597029685974,
          0.03706137463450432,
          -0.5181940793991089
        ],
        [
          -0.517707347869873,
          -0.022455113008618355,
          -0.8552629947662354
        ],
        [
          -0.04333333298563957,
          0.9990606307983398,
          -4.367032602203835e-08
        ]
      ],
      "width": 0.06252210587263107,
      "height": 0.019999999552965164,
      "depth": 0.019999999552965164,
      "object_id": -1,
      "frame": "RealSense D455 aligned color camera frame",
      "rank": 1,
      "distance_to_object_center": 0.0528030015218801
    },
    {
      "score": 0.23266173899173737,
      "translation_camera": [
        -0.03711911663413048,
        0.015153495594859123,
        0.3620000183582306
      ],
      "rotation_matrix_camera": [
        [
          0.8544597029685974,
          0.03706137463450432,
          -0.5181940793991089
        ],
        [
          -0.517707347869873,
          -0.022455113008618355,
          -0.8552629947662354
        ],
        [
          -0.04333333298563957,
          0.9990606307983398,
          -4.367032602203835e-08
        ]
      ],
      "width": 0.06564906239509583,
      "height": 0.019999999552965164,
      "depth": 0.019999999552965164,
      "object_id": -1,
      "frame": "RealSense D455 aligned color camera frame",
      "rank": 2,
      "distance_to_object_center": 0.055595340445892885
    },
    {
      "score": 0.23229974508285522,
      "translation_camera": [
        -0.03618062287569046,
        0.013274344615638256,
        0.3620000183582306
      ],
      "rotation_matrix_camera": [
        [
          0.8544597029685974,
          0.03706137463450432,
          -0.5181940793991089
        ],
        [
          -0.517707347869873,
          -0.022455113008618355,
          -0.8552629947662354
        ],
        [
          -0.04333333298563957,
          0.9990606307983398,
          -4.367032602203835e-08
        ]
      ],
      "width": 0.06364192813634872,
      "height": 0.019999999552965164,
      "depth": 0.019999999552965164,
      "object_id": -1,
      "frame": "RealSense D455 aligned color camera frame",
      "rank": 3,
      "distance_to_object_center": 0.05385020608152818
    },
    {
      "score": 0.23167487978935242,
      "translation_camera": [
        -0.036980196833610535,
        0.039496876299381256,
        0.37000003457069397
      ],
      "rotation_matrix_camera": [
        [
          0.8544597029685974,
          0.03706137463450432,
          -0.5181940793991089
        ],
        [
          -0.517707347869873,
          -0.022455113008618355,
          -0.8552629947662354
        ],
        [
          -0.04333333298563957,
          0.9990606307983398,
          -4.367032602203835e-08
        ]
      ],
      "width": 0.06282927840948105,
      "height": 0.019999999552965164,
      "depth": 0.019999999552965164,
      "object_id": -1,
      "frame": "RealSense D455 aligned color camera frame",
      "rank": 4,
      "distance_to_object_center": 0.07979903475129854
    },
    {
      "score": 0.2307462990283966,
      "translation_camera": [
        -0.0343983992934227,
        0.017079699784517288,
        0.3630000352859497
      ],
      "rotation_matrix_camera": [
        [
          0.8544597029685974,
          0.03706137463450432,
          -0.5181940793991089
        ],
        [
          -0.517707347869873,
          -0.022455113008618355,
          -0.8552629947662354
        ],
        [
          -0.04333333298563957,
          0.9990606307983398,
          -4.367032602203835e-08
        ]
      ],
      "width": 0.06611056625843048,
      "height": 0.019999999552965164,
      "depth": 0.019999999552965164,
      "object_id": -1,
      "frame": "RealSense D455 aligned color camera frame",
      "rank": 5,
      "distance_to_object_center": 0.05780207567520671
    },
    {
      "score": 0.23074044287204742,
      "translation_camera": [
        -0.036780305206775665,
        0.03737308084964752,
        0.3680000305175781
      ],
      "rotation_matrix_camera": [
        [
          0.8544597029685974,
          0.03706137463450432,
          -0.5181940793991089
        ],
        [
          -0.517707347869873,
          -0.022455113008618355,
          -0.8552629947662354
        ],
        [
          -0.04333333298563957,
          0.9990606307983398,
          -4.367032602203835e-08
        ]
      ],
      "width": 0.06315546482801437,
      "height": 0.019999999552965164,
      "depth": 0.019999999552965164,
      "object_id": -1,
      "frame": "RealSense D455 aligned color camera frame",
      "rank": 6,
      "distance_to_object_center": 0.07762429584590376
    },
    {
      "score": 0.23001009225845337,
      "translation_camera": [
        -0.03553419187664986,
        0.019068526104092598,
        0.36500000953674316
      ],
      "rotation_matrix_camera": [
        [
          0.8544597029685974,
          0.03706137463450432,
          -0.5181940793991089
        ],
        [
          -0.517707347869873,
          -0.022455113008618355,
          -0.8552629947662354
        ],
        [
          -0.04333333298563957,
          0.9990606307983398,
          -4.367032602203835e-08
        ]
      ],
      "width": 0.06676527112722397,
      "height": 0.019999999552965164,
      "depth": 0.019999999552965164,
      "object_id": -1,
      "frame": "RealSense D455 aligned color camera frame",
      "rank": 7,
      "distance_to_object_center": 0.05953862272443615
    },
    {
      "score": 0.22758939862251282,
      "translation_camera": [
        -0.03628057241439819,
        0.018021870404481888,
        0.3630000352859497
      ],
      "rotation_matrix_camera": [
        [
          0.8544597029685974,
          0.03706137463450432,
          -0.5181940793991089
        ],
        [
          -0.517707347869873,
          -0.022455113008618355,
          -0.8552629947662354
        ],
        [
          -0.04333333298563957,
          0.9990606307983398,
          -4.367032602203835e-08
        ]
      ],
      "width": 0.06585651636123657,
      "height": 0.019999999552965164,
      "depth": 0.019999999552965164,
      "object_id": -1,
      "frame": "RealSense D455 aligned color camera frame",
      "rank": 8,
      "distance_to_object_center": 0.05847484783644961
    },
    {
      "score": 0.22596997022628784,
      "translation_camera": [
        -0.037836890667676926,
        0.03843238204717636,
        0.36900001764297485
      ],
      "rotation_matrix_camera": [
        [
          0.8544597029685974,
          0.03706137463450432,
          -0.5181940793991089
        ],
        [
          -0.517707347869873,
          -0.022455113008618355,
          -0.8552629947662354
        ],
        [
          -0.04333333298563957,
          0.9990606307983398,
          -4.367032602203835e-08
        ]
      ],
      "width": 0.06270018219947815,
      "height": 0.019999999552965164,
      "depth": 0.019999999552965164,
      "object_id": -1,
      "frame": "RealSense D455 aligned color camera frame",
      "rank": 9,
      "distance_to_object_center": 0.07863026565946153
    },
    {
      "score": 0.22456607222557068,
      "translation_camera": [
        -0.03742673248052597,
        0.019068526104092598,
        0.36500000953674316
      ],
      "rotation_matrix_camera": [
        [
          0.8544597029685974,
          0.03706137463450432,
          -0.5181940793991089
        ],
        [
          -0.517707347869873,
          -0.022455113008618355,
          -0.8552629947662354
        ],
        [
          -0.04333333298563957,
          0.9990606307983398,
          -4.367032602203835e-08
        ]
      ],
      "width": 0.06578859686851501,
      "height": 0.019999999552965164,
      "depth": 0.019999999552965164,
      "object_id": -1,
      "frame": "RealSense D455 aligned color camera frame",
      "rank": 10,
      "distance_to_object_center": 0.05932016182201928
    },
    {
      "score": 0.22070074081420898,
      "translation_camera": [
        -0.03618062287569046,
        0.016093071550130844,
        0.3620000183582306
      ],
      "rotation_matrix_camera": [
        [
          0.8544597029685974,
          0.03706137463450432,
          -0.5181940793991089
        ],
        [
          -0.517707347869873,
          -0.022455113008618355,
          -0.8552629947662354
        ],
        [
          -0.04333333298563957,
          0.9990606307983398,
          -4.367032602203835e-08
        ]
      ],
      "width": 0.06536198407411575,
      "height": 0.019999999552965164,
      "depth": 0.019999999552965164,
      "object_id": -1,
      "frame": "RealSense D455 aligned color camera frame",
      "rank": 11,
      "distance_to_object_center": 0.05663767668877642
    },
    {
      "score": 0.2183336764574051,
      "translation_camera": [
        -0.038057610392570496,
        0.011395193636417389,
        0.3620000183582306
      ],
      "rotation_matrix_camera": [
        [
          0.8544597029685974,
          0.03706137463450432,
          -0.5181940793991089
        ],
        [
          -0.517707347869873,
          -0.022455113008618355,
          -0.8552629947662354
        ],
        [
          -0.04333333298563957,
          0.9990606307983398,
          -4.367032602203835e-08
        ]
      ],
      "width": 0.06261396408081055,
      "height": 0.019999999552965164,
      "depth": 0.019999999552965164,
      "object_id": -1,
      "frame": "RealSense D455 aligned color camera frame",
      "rank": 12,
      "distance_to_object_center": 0.0517686824930912
    },
    {
      "score": 0.2181563526391983,
      "translation_camera": [
        -0.03793943300843239,
        0.040457215160131454,
        0.37000003457069397
      ],
      "rotation_matrix_camera": [
        [
          0.8544597029685974,
          0.03706137463450432,
          -0.5181940793991089
        ],
        [
          -0.517707347869873,
          -0.022455113008618355,
          -0.8552629947662354
        ],
        [
          -0.04333333298563957,
          0.9990606307983398,
          -4.367032602203835e-08
        ]
      ],
      "width": 0.06261678785085678,
      "height": 0.019999999552965164,
      "depth": 0.019999999552965164,
      "object_id": -1,
      "frame": "RealSense D455 aligned color camera frame",
      "rank": 13,
      "distance_to_object_center": 0.08068527428271832
    },
    {
      "score": 0.21590964496135712,
      "translation_camera": [
        -0.034303635358810425,
        0.012334768660366535,
        0.3620000183582306
      ],
      "rotation_matrix_camera": [
        [
          0.8544597029685974,
          0.03706137463450432,
          -0.5181940793991089
        ],
        [
          -0.517707347869873,
          -0.022455113008618355,
          -0.8552629947662354
        ],
        [
          -0.04333333298563957,
          0.9990606307983398,
          -4.367032602203835e-08
        ]
      ],
      "width": 0.06408393383026123,
      "height": 0.019999999552965164,
      "depth": 0.019999999552965164,
      "object_id": -1,
      "frame": "RealSense D455 aligned color camera frame",
      "rank": 14,
      "distance_to_object_center": 0.05320823784418181
    },
    {
      "score": 0.21369798481464386,
      "translation_camera": [
        -0.03879353404045105,
        0.03747463598847389,
        0.36900001764297485
      ],
      "rotation_matrix_camera": [
        [
          0.8544597029685974,
          0.03706137463450432,
          -0.5181940793991089
        ],
        [
          -0.517707347869873,
          -0.022455113008618355,
          -0.8552629947662354
        ],
        [
          -0.04333333298563957,
          0.9990606307983398,
          -4.367032602203835e-08
        ]
      ],
      "width": 0.061047155410051346,
      "height": 0.019999999552965164,
      "depth": 0.019999999552965164,
      "object_id": -1,
      "frame": "RealSense D455 aligned color camera frame",
      "rank": 15,
      "distance_to_object_center": 0.0776136889844184
    },
    {
      "score": 0.2129623144865036,
      "translation_camera": [
        -0.03524212911725044,
        0.011395193636417389,
        0.3620000183582306
      ],
      "rotation_matrix_camera": [
        [
          0.8544597029685974,
          0.03706137463450432,
          -0.5181940793991089
        ],
        [
          -0.517707347869873,
          -0.022455113008618355,
          -0.8552629947662354
        ],
        [
          -0.04333333298563957,
          0.9990606307983398,
          -4.367032602203835e-08
        ]
      ],
      "width": 0.06412101536989212,
      "height": 0.019999999552965164,
      "depth": 0.019999999552965164,
      "object_id": -1,
      "frame": "RealSense D455 aligned color camera frame",
      "rank": 16,
      "distance_to_object_center": 0.05213129068636275
    },
    {
      "score": 0.21263381838798523,
      "translation_camera": [
        -0.03722165897488594,
        0.017079699784517288,
        0.3630000352859497
      ],
      "rotation_matrix_camera": [
        [
          0.8544597029685974,
          0.03706137463450432,
          -0.5181940793991089
        ],
        [
          -0.517707347869873,
          -0.022455113008618355,
          -0.8552629947662354
        ],
        [
          -0.04333333298563957,
          0.9990606307983398,
          -4.367032602203835e-08
        ]
      ],
      "width": 0.06602995097637177,
      "height": 0.019999999552965164,
      "depth": 0.019999999552965164,
      "object_id": -1,
      "frame": "RealSense D455 aligned color camera frame",
      "rank": 17,
      "distance_to_object_center": 0.05743308026556682
    },
    {
      "score": 0.2122974991798401,
      "translation_camera": [
        -0.038057610392570496,
        0.013274344615638256,
        0.3620000183582306
      ],
      "rotation_matrix_camera": [
        [
          0.8544597029685974,
          0.03706137463450432,
          -0.5181940793991089
        ],
        [
          -0.517707347869873,
          -0.022455113008618355,
          -0.8552629947662354
        ],
        [
          -0.04333333298563957,
          0.9990606307983398,
          -4.367032602203835e-08
        ]
      ],
      "width": 0.06256797164678574,
      "height": 0.019999999552965164,
      "depth": 0.019999999552965164,
      "object_id": -1,
      "frame": "RealSense D455 aligned color camera frame",
      "rank": 18,
      "distance_to_object_center": 0.05363291509625354
    },
    {
      "score": 0.2114873230457306,
      "translation_camera": [
        -0.03420887514948845,
        0.01323767565190792,
        0.36100003123283386
      ],
      "rotation_matrix_camera": [
        [
          0.8544597029685974,
          0.03706137463450432,
          -0.5181940793991089
        ],
        [
          -0.517707347869873,
          -0.022455113008618355,
          -0.8552629947662354
        ],
        [
          -0.04333333298563957,
          0.9990606307983398,
          -4.367032602203835e-08
        ]
      ],
      "width": 0.06374841928482056,
      "height": 0.019999999552965164,
      "depth": 0.019999999552965164,
      "object_id": -1,
      "frame": "RealSense D455 aligned color camera frame",
      "rank": 19,
      "distance_to_object_center": 0.05419470153156229
    },
    {
      "score": 0.2104845494031906,
      "translation_camera": [
        -0.03826787695288658,
        0.01807151734828949,
        0.36400002241134644
      ],
      "rotation_matrix_camera": [
        [
          0.8544597029685974,
          0.03706137463450432,
          -0.5181940793991089
        ],
        [
          -0.517707347869873,
          -0.022455113008618355,
          -0.8552629947662354
        ],
        [
          -0.04333333298563957,
          0.9990606307983398,
          -4.367032602203835e-08
        ]
      ],
      "width": 0.0648232102394104,
      "height": 0.019999999552965164,
      "depth": 0.019999999552965164,
      "object_id": -1,
      "frame": "RealSense D455 aligned color camera frame",
      "rank": 20,
      "distance_to_object_center": 0.058274823912080456
    },
    {
      "score": 0.2095506489276886,
      "translation_camera": [
        -0.03773435205221176,
        0.03546278178691864,
        0.3680000305175781
      ],
      "rotation_matrix_camera": [
        [
          0.8544597029685974,
          0.03706137463450432,
          -0.5181940793991089
        ],
        [
          -0.517707347869873,
          -0.022455113008618355,
          -0.8552629947662354
        ],
        [
          -0.04333333298563957,
          0.9990606307983398,
          -4.367032602203835e-08
        ]
      ],
      "width": 0.0607818104326725,
      "height": 0.019999999552965164,
      "depth": 0.019999999552965164,
      "object_id": -1,
      "frame": "RealSense D455 aligned color camera frame",
      "rank": 21,
      "distance_to_object_center": 0.0756449718910854
    },
    {
      "score": 0.20908154547214508,
      "translation_camera": [
        -0.03816274553537369,
        0.01613752916455269,
        0.3630000352859497
      ],
      "rotation_matrix_camera": [
        [
          0.8544597029685974,
          0.03706137463450432,
          -0.5181940793991089
        ],
        [
          -0.517707347869873,
          -0.022455113008618355,
          -0.8552629947662354
        ],
        [
          -0.04333333298563957,
          0.9990606307983398,
          -4.367032602203835e-08
        ]
      ],
      "width": 0.0652792826294899,
      "height": 0.019999999552965164,
      "depth": 0.019999999552965164,
      "object_id": -1,
      "frame": "RealSense D455 aligned color camera frame",
      "rank": 22,
      "distance_to_object_center": 0.05640351271746341
    },
    {
      "score": 0.20781210064888,
      "translation_camera": [
        -0.03878065571188927,
        -0.05407468602061272,
        0.36000001430511475
      ],
      "rotation_matrix_camera": [
        [
          0.8618829250335693,
          0.2416844666004181,
          -0.44580990076065063
        ],
        [
          -0.4292526841163635,
          -0.12036871165037155,
          -0.8951276540756226
        ],
        [
          -0.27000001072883606,
          0.9628603458404541,
          -4.2087961560355325e-08
        ]
      ],
      "width": 0.06448285281658173,
      "height": 0.019999999552965164,
      "depth": 0.019999999552965164,
      "object_id": -1,
      "frame": "RealSense D455 aligned color camera frame",
      "rank": 23,
      "distance_to_object_center": 0.016011437300309066
    },
    {
      "score": 0.20738326013088226,
      "translation_camera": [
        -0.038688402622938156,
        0.03641793131828308,
        0.3680000305175781
      ],
      "rotation_matrix_camera": [
        [
          0.8544597029685974,
          0.03706137463450432,
          -0.5181940793991089
        ],
        [
          -0.517707347869873,
          -0.022455113008618355,
          -0.8552629947662354
        ],
        [
          -0.04333333298563957,
          0.9990606307983398,
          -4.367032602203835e-08
        ]
      ],
      "width": 0.06119152531027794,
      "height": 0.019999999552965164,
      "depth": 0.019999999552965164,
      "object_id": -1,
      "frame": "RealSense D455 aligned color camera frame",
      "rank": 24,
      "distance_to_object_center": 0.07653328402770125
    },
    {
      "score": 0.2072879821062088,
      "translation_camera": [
        -0.03496696427464485,
        0.029812682420015335,
        0.36900001764297485
      ],
      "rotation_matrix_camera": [
        [
          0.8544597029685974,
          0.03706137463450432,
          -0.5181940793991089
        ],
        [
          -0.517707347869873,
          -0.022455113008618355,
          -0.8552629947662354
        ],
        [
          -0.04333333298563957,
          0.9990606307983398,
          -4.367032602203835e-08
        ]
      ],
      "width": 0.05771545693278313,
      "height": 0.019999999552965164,
      "depth": 0.019999999552965164,
      "object_id": -1,
      "frame": "RealSense D455 aligned color camera frame",
      "rank": 25,
      "distance_to_object_center": 0.07032510238197856
    },
    {
      "score": 0.20519627630710602,
      "translation_camera": [
        -0.03899610415101051,
        0.012334768660366535,
        0.3620000183582306
      ],
      "rotation_matrix_camera": [
        [
          0.8544597029685974,
          0.03706137463450432,
          -0.5181940793991089
        ],
        [
          -0.517707347869873,
          -0.022455113008618355,
          -0.8552629947662354
        ],
        [
          -0.04333333298563957,
          0.9990606307983398,
          -4.367032602203835e-08
        ]
      ],
      "width": 0.062200877815485,
      "height": 0.019999999552965164,
      "depth": 0.019999999552965164,
      "object_id": -1,
      "frame": "RealSense D455 aligned color camera frame",
      "rank": 26,
      "distance_to_object_center": 0.05261487373886857
    },
    {
      "score": 0.20263662934303284,
      "translation_camera": [
        -0.039750173687934875,
        0.03651689365506172,
        0.36900001764297485
      ],
      "rotation_matrix_camera": [
        [
          0.8544597029685974,
          0.03706137463450432,
          -0.5181940793991089
        ],
        [
          -0.517707347869873,
          -0.022455113008618355,
          -0.8552629947662354
        ],
        [
          -0.04333333298563957,
          0.9990606307983398,
          -4.367032602203835e-08
        ]
      ],
      "width": 0.05909809097647667,
      "height": 0.019999999552965164,
      "depth": 0.019999999552965164,
      "object_id": -1,
      "frame": "RealSense D455 aligned color camera frame",
      "rank": 27,
      "distance_to_object_center": 0.0766075469025696
    },
    {
      "score": 0.20218071341514587,
      "translation_camera": [
        -0.04441269859671593,
        0.003942874260246754,
        0.3680000305175781
      ],
      "rotation_matrix_camera": [
        [
          0.8544597029685974,
          0.03706137463450432,
          -0.5181940793991089
        ],
        [
          -0.517707347869873,
          -0.022455113008618355,
          -0.8552629947662354
        ],
        [
          -0.04333333298563957,
          0.9990606307983398,
          -4.367032602203835e-08
        ]
      ],
      "width": 0.0629604309797287,
      "height": 0.019999999552965164,
      "depth": 0.019999999552965164,
      "object_id": -1,
      "frame": "RealSense D455 aligned color camera frame",
      "rank": 28,
      "distance_to_object_center": 0.043949142020823284
    },
    {
      "score": 0.2007289081811905,
      "translation_camera": [
        -0.04275008291006088,
        -0.009275470860302448,
        0.3620000183582306
      ],
      "rotation_matrix_camera": [
        [
          -0.3535899221897125,
          -0.09390044957399368,
          -0.9306755065917969
        ],
        [
          -0.8994978666305542,
          -0.23887336254119873,
          0.36584576964378357
        ],
        [
          -0.2566666603088379,
          0.9664999842643738,
          -4.224705563160569e-08
        ]
      ],
      "width": 0.07065130770206451,
      "height": 0.019999999552965164,
      "depth": 0.019999999552965164,
      "object_id": -1,
      "frame": "RealSense D455 aligned color camera frame",
      "rank": 29,
      "distance_to_object_center": 0.030937532344972592
    },
    {
      "score": 0.20027336478233337,
      "translation_camera": [
        -0.04322246089577675,
        0.002971487818285823,
        0.3660000264644623
      ],
      "rotation_matrix_camera": [
        [
          0.8618829250335693,
          0.2416844666004181,
          -0.44580990076065063
        ],
        [
          -0.4292526841163635,
          -0.12036871165037155,
          -0.8951276540756226
        ],
        [
          -0.27000001072883606,
          0.9628603458404541,
          -4.2087961560355325e-08
        ]
      ],
      "width": 0.06017892807722092,
      "height": 0.019999999552965164,
      "depth": 0.019999999552965164,
      "object_id": -1,
      "frame": "RealSense D455 aligned color camera frame",
      "rank": 30,
      "distance_to_object_center": 0.042919294016798094
    },
    {
      "score": 0.1991099715232849,
      "translation_camera": [
        -0.03327297419309616,
        0.011363714933395386,
        0.36100003123283386
      ],
      "rotation_matrix_camera": [
        [
          0.8544597029685974,
          0.03706137463450432,
          -0.5181940793991089
        ],
        [
          -0.517707347869873,
          -0.022455113008618355,
          -0.8552629947662354
        ],
        [
          -0.04333333298563957,
          0.9990606307983398,
          -4.367032602203835e-08
        ]
      ],
      "width": 0.06392589211463928,
      "height": 0.019999999552965164,
      "depth": 0.019999999552965164,
      "object_id": -1,
      "frame": "RealSense D455 aligned color camera frame",
      "rank": 31,
      "distance_to_object_center": 0.05252819819038078
    },
    {
      "score": 0.19788189232349396,
      "translation_camera": [
        -0.038898665457963943,
        0.04237789288163185,
        0.37000003457069397
      ],
      "rotation_matrix_camera": [
        [
          0.8544597029685974,
          0.03706137463450432,
          -0.5181940793991089
        ],
        [
          -0.517707347869873,
          -0.022455113008618355,
          -0.8552629947662354
        ],
        [
          -0.04333333298563957,
          0.9990606307983398,
          -4.367032602203835e-08
        ]
      ],
      "width": 0.06285790354013443,
      "height": 0.019999999552965164,
      "depth": 0.019999999552965164,
      "object_id": -1,
      "frame": "RealSense D455 aligned color camera frame",
      "rank": 32,
      "distance_to_object_center": 0.08254225827361612
    },
    {
      "score": 0.19784638285636902,
      "translation_camera": [
        -0.039103832095861435,
        0.01519535668194294,
        0.3630000352859497
      ],
      "rotation_matrix_camera": [
        [
          0.8544597029685974,
          0.03706137463450432,
          -0.5181940793991089
        ],
        [
          -0.517707347869873,
          -0.022455113008618355,
          -0.8552629947662354
        ],
        [
          -0.04333333298563957,
          0.9990606307983398,
          -4.367032602203835e-08
        ]
      ],
      "width": 0.0642879530787468,
      "height": 0.019999999552965164,
      "depth": 0.019999999552965164,
      "object_id": -1,
      "frame": "RealSense D455 aligned color camera frame",
      "rank": 33,
      "distance_to_object_center": 0.055386823688547936
    },
    {
      "score": 0.19768643379211426,
      "translation_camera": [
        -0.03964244946837425,
        0.03355248644948006,
        0.3680000305175781
      ],
      "rotation_matrix_camera": [
        [
          0.8544597029685974,
          0.03706137463450432,
          -0.5181940793991089
        ],
        [
          -0.517707347869873,
          -0.022455113008618355,
          -0.8552629947662354
        ],
        [
          -0.04333333298563957,
          0.9990606307983398,
          -4.367032602203835e-08
        ]
      ],
      "width": 0.06106599047780037,
      "height": 0.019999999552965164,
      "depth": 0.019999999552965164,
      "object_id": -1,
      "frame": "RealSense D455 aligned color camera frame",
      "rank": 34,
      "distance_to_object_center": 0.07362027652997444
    },
    {
      "score": 0.1976751983165741,
      "translation_camera": [
        -0.04334055259823799,
        0.004884712863713503,
        0.367000013589859
      ],
      "rotation_matrix_camera": [
        [
          0.8544597029685974,
          0.03706137463450432,
          -0.5181940793991089
        ],
        [
          -0.517707347869873,
          -0.022455113008618355,
          -0.8552629947662354
        ],
        [
          -0.04333333298563957,
          0.9990606307983398,
          -4.367032602203835e-08
        ]
      ],
      "width": 0.06248778477311134,
      "height": 0.019999999552965164,
      "depth": 0.019999999552965164,
      "object_id": -1,
      "frame": "RealSense D455 aligned color camera frame",
      "rank": 35,
      "distance_to_object_center": 0.04484350758510827
    },
    {
      "score": 0.1969129592180252,
      "translation_camera": [
        -0.04332651570439339,
        -0.044606588780879974,
        0.359000027179718
      ],
      "rotation_matrix_camera": [
        [
          0.8618829250335693,
          0.2416844666004181,
          -0.44580990076065063
        ],
        [
          -0.4292526841163635,
          -0.12036871165037155,
          -0.8951276540756226
        ],
        [
          -0.27000001072883606,
          0.9628603458404541,
          -4.2087961560355325e-08
        ]
      ],
      "width": 0.06445500254631042,
      "height": 0.019999999552965164,
      "depth": 0.019999999552965164,
      "object_id": -1,
      "frame": "RealSense D455 aligned color camera frame",
      "rank": 36,
      "distance_to_object_center": 0.008408683365254662
    },
    {
      "score": 0.19683536887168884,
      "translation_camera": [
        -0.03899610415101051,
        0.014213920570909977,
        0.3620000183582306
      ],
      "rotation_matrix_camera": [
        [
          0.8544597029685974,
          0.03706137463450432,
          -0.5181940793991089
        ],
        [
          -0.517707347869873,
          -0.022455113008618355,
          -0.8552629947662354
        ],
        [
          -0.04333333298563957,
          0.9990606307983398,
          -4.367032602203835e-08
        ]
      ],
      "width": 0.06321175396442413,
      "height": 0.019999999552965164,
      "depth": 0.019999999552965164,
      "object_id": -1,
      "frame": "RealSense D455 aligned color camera frame",
      "rank": 37,
      "distance_to_object_center": 0.0544825599687177
    },
    {
      "score": 0.1963530331850052,
      "translation_camera": [
        -0.03784734755754471,
        -0.060615379363298416,
        0.36000001430511475
      ],
      "rotation_matrix_camera": [
        [
          0.9810783267021179,
          -0.00981128215789795,
          -0.19336247444152832
        ],
        [
          -0.1933528035879135,
          0.0019335818942636251,
          -0.9811273813247681
        ],
        [
          0.009999999776482582,
          0.9999499917030334,
          -4.3709203367825467e-08
        ]
      ],
      "width": 0.06776395440101624,
      "height": 0.019999999552965164,
      "depth": 0.029999999329447746,
      "object_id": -1,
      "frame": "RealSense D455 aligned color camera frame",
      "rank": 38,
      "distance_to_object_center": 0.02221104990065919
    },
    {
      "score": 0.19570496678352356,
      "translation_camera": [
        -0.038688402622938156,
        0.030687039718031883,
        0.3680000305175781
      ],
      "rotation_matrix_camera": [
        [
          0.8544597029685974,
          0.03706137463450432,
          -0.5181940793991089
        ],
        [
          -0.517707347869873,
          -0.022455113008618355,
          -0.8552629947662354
        ],
        [
          -0.04333333298563957,
          0.9990606307983398,
          -4.367032602203835e-08
        ]
      ],
      "width": 0.05958247184753418,
      "height": 0.019999999552965164,
      "depth": 0.019999999552965164,
      "object_id": -1,
      "frame": "RealSense D455 aligned color camera frame",
      "rank": 39,
      "distance_to_object_center": 0.07081596583641735
    },
    {
      "score": 0.19553309679031372,
      "translation_camera": [
        -0.04146508499979973,
        -0.044606588780879974,
        0.359000027179718
      ],
      "rotation_matrix_camera": [
        [
          0.8618829250335693,
          0.2416844666004181,
          -0.44580990076065063
        ],
        [
          -0.4292526841163635,
          -0.12036871165037155,
          -0.8951276540756226
        ],
        [
          -0.27000001072883606,
          0.9628603458404541,
          -4.2087961560355325e-08
        ]
      ],
      "width": 0.06394670903682709,
      "height": 0.019999999552965164,
      "depth": 0.019999999552965164,
      "object_id": -1,
      "frame": "RealSense D455 aligned color camera frame",
      "rank": 40,
      "distance_to_object_center": 0.008615285001069927
    },
    {
      "score": 0.19469237327575684,
      "translation_camera": [
        -0.038583267480134964,
        0.034413862973451614,
        0.367000013589859
      ],
      "rotation_matrix_camera": [
        [
          0.8544597029685974,
          0.03706137463450432,
          -0.5181940793991089
        ],
        [
          -0.517707347869873,
          -0.022455113008618355,
          -0.8552629947662354
        ],
        [
          -0.04333333298563957,
          0.9990606307983398,
          -4.367032602203835e-08
        ]
      ],
      "width": 0.06142355129122734,
      "height": 0.019999999552965164,
      "depth": 0.019999999552965164,
      "object_id": -1,
      "frame": "RealSense D455 aligned color camera frame",
      "rank": 41,
      "distance_to_object_center": 0.07452023490987476
    },
    {
      "score": 0.19421204924583435,
      "translation_camera": [
        -0.03847813978791237,
        0.020070726051926613,
        0.3660000264644623
      ],
      "rotation_matrix_camera": [
        [
          0.8544597029685974,
          0.03706137463450432,
          -0.5181940793991089
        ],
        [
          -0.517707347869873,
          -0.022455113008618355,
          -0.8552629947662354
        ],
        [
          -0.04333333298563957,
          0.9990606307983398,
          -4.367032602203835e-08
        ]
      ],
      "width": 0.06507599353790283,
      "height": 0.019999999552965164,
      "depth": 0.019999999552965164,
      "object_id": -1,
      "frame": "RealSense D455 aligned color camera frame",
      "rank": 42,
      "distance_to_object_center": 0.06021501278920604
    },
    {
      "score": 0.19283735752105713,
      "translation_camera": [
        -0.03899610415101051,
        0.009516041725873947,
        0.3620000183582306
      ],
      "rotation_matrix_camera": [
        [
          0.8544597029685974,
          0.03706137463450432,
          -0.5181940793991089
        ],
        [
          -0.517707347869873,
          -0.022455113008618355,
          -0.8552629947662354
        ],
        [
          -0.04333333298563957,
          0.9990606307983398,
          -4.367032602203835e-08
        ]
      ],
      "width": 0.06188938394188881,
      "height": 0.019999999552965164,
      "depth": 0.019999999552965164,
      "object_id": -1,
      "frame": "RealSense D455 aligned color camera frame",
      "rank": 43,
      "distance_to_object_center": 0.049814962331055604
    },
    {
      "score": 0.19272014498710632,
      "translation_camera": [
        -0.04004491865634918,
        0.010484500788152218,
        0.3630000352859497
      ],
      "rotation_matrix_camera": [
        [
          0.8544597029685974,
          0.03706137463450432,
          -0.5181940793991089
        ],
        [
          -0.517707347869873,
          -0.022455113008618355,
          -0.8552629947662354
        ],
        [
          -0.04333333298563957,
          0.9990606307983398,
          -4.367032602203835e-08
        ]
      ],
      "width": 0.06259041279554367,
      "height": 0.019999999552965164,
      "depth": 0.019999999552965164,
      "object_id": -1,
      "frame": "RealSense D455 aligned color camera frame",
      "rank": 44,
      "distance_to_object_center": 0.0506286712049159
    },
    {
      "score": 0.1912163496017456,
      "translation_camera": [
        -0.040760185569524765,
        -0.010186828672885895,
        0.36100003123283386
      ],
      "rotation_matrix_camera": [
        [
          -0.3535899221897125,
          -0.09390044957399368,
          -0.9306755065917969
        ],
        [
          -0.8994978666305542,
          -0.23887336254119873,
          0.36584576964378357
        ],
        [
          -0.2566666603088379,
          0.9664999842643738,
          -4.224705563160569e-08
        ]
      ],
      "width": 0.0728384405374527,
      "height": 0.019999999552965164,
      "depth": 0.019999999552965164,
      "object_id": -1,
      "frame": "RealSense D455 aligned color camera frame",
      "rank": 45,
      "distance_to_object_center": 0.030288023323014775
    },
    {
      "score": 0.1894986480474472,
      "translation_camera": [
        -0.04204259067773819,
        0.004844783805310726,
        0.36400002241134644
      ],
      "rotation_matrix_camera": [
        [
          0.8618829250335693,
          0.2416844666004181,
          -0.44580990076065063
        ],
        [
          -0.4292526841163635,
          -0.12036871165037155,
          -0.8951276540756226
        ],
        [
          -0.27000001072883606,
          0.9628603458404541,
          -4.2087961560355325e-08
        ]
      ],
      "width": 0.06036851927638054,
      "height": 0.019999999552965164,
      "depth": 0.019999999552965164,
      "object_id": -1,
      "frame": "RealSense D455 aligned color camera frame",
      "rank": 46,
      "distance_to_object_center": 0.04485583891795106
    },
    {
      "score": 0.1894683837890625,
      "translation_camera": [
        -0.04332651570439339,
        -0.046470168977975845,
        0.359000027179718
      ],
      "rotation_matrix_camera": [
        [
          0.8618829250335693,
          0.2416844666004181,
          -0.44580990076065063
        ],
        [
          -0.4292526841163635,
          -0.12036871165037155,
          -0.8951276540756226
        ],
        [
          -0.27000001072883606,
          0.9628603458404541,
          -4.2087961560355325e-08
        ]
      ],
      "width": 0.06267191469669342,
      "height": 0.019999999552965164,
      "depth": 0.019999999552965164,
      "object_id": -1,
      "frame": "RealSense D455 aligned color camera frame",
      "rank": 47,
      "distance_to_object_center": 0.009567837923902997
    },
    {
      "score": 0.18903063237667084,
      "translation_camera": [
        -0.03711911663413048,
        0.010455617681145668,
