{
  "success": true,
  "method": "graspnet_baseline_d455",
  "num_candidates": 244,
  "object_center_camera": [
    0.03675773856050365,
    -0.01375665532837002,
    0.38700002431869507
  ],
  "candidates": [
    {
      "score": 0.40879812836647034,
      "translation_camera": [
        0.0395333506166935,
        -0.047821640968322754,
        0.37700003385543823
      ],
      "rotation_matrix_camera": [
        [
          0.5313771963119507,
          -0.7907350063323975,
          -0.3039349615573883
        ],
        [
          -0.16952382028102875,
          0.2522660195827484,
          -0.9526927471160889
        ],
        [
          0.8300000429153442,
          0.557763397693634,
          -2.4380613083963e-08
        ]
      ],
      "width": 0.0729915127158165,
      "height": 0.019999999552965164,
      "depth": 0.009999999776482582,
      "object_id": -1,
      "frame": "RealSense D455 aligned color camera frame",
      "rank": 0,
      "distance_to_object_center": 0.035610771940550234
    },
    {
      "score": 0.4033606946468353,
      "translation_camera": [
        0.03876051306724548,
        -0.047091636806726456,
        0.3790000379085541
      ],
      "rotation_matrix_camera": [
        [
          0.5313771963119507,
          -0.7907350063323975,
          -0.3039349615573883
        ],
        [
          -0.16952382028102875,
          0.2522660195827484,
          -0.9526927471160889
        ],
        [
          0.8300000429153442,
          0.557763397693634,
          -2.4380613083963e-08
        ]
      ],
      "width": 0.07256637513637543,
      "height": 0.019999999552965164,
      "depth": 0.009999999776482582,
      "object_id": -1,
      "frame": "RealSense D455 aligned color camera frame",
      "rank": 1,
      "distance_to_object_center": 0.034339945813143945
    },
    {
      "score": 0.3763579726219177,
      "translation_camera": [
        0.04051073268055916,
        -0.04586462303996086,
        0.37700003385543823
      ],
      "rotation_matrix_camera": [
        [
          0.5313771963119507,
          -0.7907350063323975,
          -0.3039349615573883
        ],
        [
          -0.16952382028102875,
          0.2522660195827484,
          -0.9526927471160889
        ],
        [
          0.8300000429153442,
          0.557763397693634,
          -2.4380613083963e-08
        ]
      ],
      "width": 0.07520599663257599,
      "height": 0.019999999552965164,
      "depth": 0.009999999776482582,
      "object_id": -1,
      "frame": "RealSense D455 aligned color camera frame",
      "rank": 2,
      "distance_to_object_center": 0.033837942678285854
    },
    {
      "score": 0.365325391292572,
      "translation_camera": [
        0.04246549680829048,
        -0.04684313386678696,
        0.37700003385543823
      ],
      "rotation_matrix_camera": [
        [
          0.5313771963119507,
          -0.7907350063323975,
          -0.3039349615573883
        ],
        [
          -0.16952382028102875,
          0.2522660195827484,
          -0.9526927471160889
        ],
        [
          0.8300000429153442,
          0.557763397693634,
          -2.4380613083963e-08
        ]
      ],
      "width": 0.0775863379240036,
      "height": 0.019999999552965164,
      "depth": 0.009999999776482582,
      "object_id": -1,
      "frame": "RealSense D455 aligned color camera frame",
      "rank": 3,
      "distance_to_object_center": 0.03503274718821707
    },
    {
      "score": 0.3627580404281616,
      "translation_camera": [
        0.04332764446735382,
        -0.048670701682567596,
        0.3760000169277191
      ],
      "rotation_matrix_camera": [
        [
          0.5313771963119507,
          -0.7907350063323975,
          -0.3039349615573883
        ],
        [
          -0.16952382028102875,
          0.2522660195827484,
          -0.9526927471160889
        ],
        [
          0.8300000429153442,
          0.557763397693634,
          -2.4380613083963e-08
        ]
      ],
      "width": 0.07856176048517227,
      "height": 0.019999999552965164,
      "depth": 0.009999999776482582,
      "object_id": -1,
      "frame": "RealSense D455 aligned color camera frame",
      "rank": 4,
      "distance_to_object_center": 0.03719078459846535
    },
    {
      "score": 0.3587648868560791,
      "translation_camera": [
        0.0396382138133049,
        -0.04500517621636391,
        0.37800002098083496
      ],
      "rotation_matrix_camera": [
        [
          0.5313771963119507,
          -0.7907350063323975,
          -0.3039349615573883
        ],
        [
          -0.16952382028102875,
          0.2522660195827484,
          -0.9526927471160889
        ],
        [
          0.8300000429153442,
          0.557763397693634,
          -2.4380613083963e-08
        ]
      ],
      "width": 0.07527834177017212,
      "height": 0.019999999552965164,
      "depth": 0.009999999776482582,
      "object_id": -1,
      "frame": "RealSense D455 aligned color camera frame",
      "rank": 5,
      "distance_to_object_center": 0.032646090967386646
    },
    {
      "score": 0.3587483763694763,
      "translation_camera": [
        0.04148811474442482,
        -0.04880014806985855,
        0.37700003385543823
      ],
      "rotation_matrix_camera": [
        [
          0.5313771963119507,
          -0.7907350063323975,
          -0.3039349615573883
        ],
        [
          -0.16952382028102875,
          0.2522660195827484,
          -0.9526927471160889
        ],
        [
          0.8300000429153442,
          0.557763397693634,
          -2.4380613083963e-08
        ]
      ],
      "width": 0.07589840888977051,
      "height": 0.019999999552965164,
      "depth": 0.009999999776482582,
      "object_id": -1,
      "frame": "RealSense D455 aligned color camera frame",
      "rank": 6,
      "distance_to_object_center": 0.03674809725182238
    },
    {
      "score": 0.343940407037735,
      "translation_camera": [
        0.03876051306724548,
        -0.044140540063381195,
        0.3790000379085541
      ],
      "rotation_matrix_camera": [
        [
          0.5313771963119507,
          -0.7907350063323975,
          -0.3039349615573883
        ],
        [
          -0.16952382028102875,
          0.2522660195827484,
          -0.9526927471160889
        ],
        [
          0.8300000429153442,
          0.557763397693634,
          -2.4380613083963e-08
        ]
      ],
      "width": 0.07546980679035187,
      "height": 0.019999999552965164,
      "depth": 0.009999999776482582,
      "object_id": -1,
      "frame": "RealSense D455 aligned color camera frame",
      "rank": 7,
      "distance_to_object_center": 0.031483191386480196
    },
    {
      "score": 0.3389251232147217,
      "translation_camera": [
        0.04148811474442482,
        -0.04390760883688927,
        0.37700003385543823
      ],
      "rotation_matrix_camera": [
        [
          0.5313771963119507,
          -0.7907350063323975,
          -0.3039349615573883
        ],
        [
          -0.16952382028102875,
          0.2522660195827484,
          -0.9526927471160889
        ],
        [
          0.8300000429153442,
          0.557763397693634,
          -2.4380613083963e-08
        ]
      ],
      "width": 0.07775352895259857,
      "height": 0.019999999552965164,
      "depth": 0.009999999776482582,
      "object_id": -1,
      "frame": "RealSense D455 aligned color camera frame",
      "rank": 8,
      "distance_to_object_center": 0.03211629283680676
    },
    {
      "score": 0.3371009826660156,
      "translation_camera": [
        0.044420260936021805,
        -0.047821640968322754,
        0.37700003385543823
      ],
      "rotation_matrix_camera": [
        [
          0.5313771963119507,
          -0.7907350063323975,
          -0.3039349615573883
        ],
        [
          -0.16952382028102875,
          0.2522660195827484,
          -0.9526927471160889
        ],
        [
          0.8300000429153442,
          0.557763397693634,
          -2.4380613083963e-08
        ]
      ],
      "width": 0.0801391527056694,
      "height": 0.019999999552965164,
      "depth": 0.009999999776482582,
      "object_id": -1,
      "frame": "RealSense D455 aligned color camera frame",
      "rank": 9,
      "distance_to_object_center": 0.03631992986048748
    },
    {
      "score": 0.3345026969909668,
      "translation_camera": [
        0.04344287887215614,
        -0.044886115938425064,
        0.37700003385543823
      ],
      "rotation_matrix_camera": [
        [
          0.5313771963119507,
          -0.7907350063323975,
          -0.3039349615573883
        ],
        [
          -0.16952382028102875,
          0.2522660195827484,
          -0.9526927471160889
        ],
        [
          0.8300000429153442,
          0.557763397693634,
          -2.4380613083963e-08
        ]
      ],
      "width": 0.07972203940153122,
      "height": 0.019999999552965164,
      "depth": 0.009999999776482582,
      "object_id": -1,
      "frame": "RealSense D455 aligned color camera frame",
      "rank": 10,
      "distance_to_object_center": 0.03337265689340118
    },
    {
      "score": 0.33406877517700195,
      "translation_camera": [
        0.04722680151462555,
        -0.04769479110836983,
        0.3760000169277191
      ],
      "rotation_matrix_camera": [
        [
          0.5313771963119507,
          -0.7907350063323975,
          -0.3039349615573883
        ],
        [
          -0.16952382028102875,
          0.2522660195827484,
          -0.9526927471160889
        ],
        [
          0.8300000429153442,
          0.557763397693634,
          -2.4380613083963e-08
        ]
      ],
      "width": 0.08154965937137604,
      "height": 0.019999999552965164,
      "depth": 0.009999999776482582,
      "object_id": -1,
      "frame": "RealSense D455 aligned color camera frame",
      "rank": 11,
      "distance_to_object_center": 0.037180619978163305
    },
    {
      "score": 0.3284466862678528,
      "translation_camera": [
        0.04332764446735382,
        -0.05062253028154373,
        0.3760000169277191
      ],
      "rotation_matrix_camera": [
        [
          0.5313771963119507,
          -0.7907350063323975,
          -0.3039349615573883
        ],
        [
          -0.16952382028102875,
          0.2522660195827484,
          -0.9526927471160889
        ],
        [
          0.8300000429153442,
          0.557763397693634,
          -2.4380613083963e-08
        ]
      ],
      "width": 0.0787496343255043,
      "height": 0.019999999552965164,
      "depth": 0.009999999776482582,
      "object_id": -1,
      "frame": "RealSense D455 aligned color camera frame",
      "rank": 12,
      "distance_to_object_center": 0.03902891956343951
    },
    {
      "score": 0.3219846189022064,
      "translation_camera": [
        0.04625201225280762,
        -0.049646615982055664,
        0.3760000169277191
      ],
      "rotation_matrix_camera": [
        [
          0.5313771963119507,
          -0.7907350063323975,
          -0.3039349615573883
        ],
        [
          -0.16952382028102875,
          0.2522660195827484,
          -0.9526927471160889
        ],
        [
          0.8300000429153442,
          0.557763397693634,
          -2.4380613083963e-08
        ]
      ],
      "width": 0.0823352262377739,
      "height": 0.019999999552965164,
      "depth": 0.009999999776482582,
      "object_id": -1,
      "frame": "RealSense D455 aligned color camera frame",
      "rank": 13,
      "distance_to_object_center": 0.03871990019704344
    },
    {
      "score": 0.31025347113609314,
      "translation_camera": [
        0.04904559627175331,
        -0.04854126274585724,
        0.3750000298023224
      ],
      "rotation_matrix_camera": [
        [
          0.5313771963119507,
          -0.7907350063323975,
          -0.3039349615573883
        ],
        [
          -0.16952382028102875,
          0.2522660195827484,
          -0.9526927471160889
        ],
        [
          0.8300000429153442,
          0.557763397693634,
          -2.4380613083963e-08
        ]
      ],
      "width": 0.08184146136045456,
      "height": 0.019999999552965164,
      "depth": 0.009999999776482582,
      "object_id": -1,
      "frame": "RealSense D455 aligned color camera frame",
      "rank": 14,
      "distance_to_object_center": 0.03879381688766393
    },
    {
      "score": 0.3068513870239258,
      "translation_camera": [
        0.03886277973651886,
        -0.042284414172172546,
        0.3800000250339508
      ],
      "rotation_matrix_camera": [
        [
          0.5313771963119507,
          -0.7907350063323975,
          -0.3039349615573883
        ],
        [
          -0.16952382028102875,
          0.2522660195827484,
          -0.9526927471160889
        ],
        [
          0.8300000429153442,
          0.557763397693634,
          -2.4380613083963e-08
        ]
      ],
      "width": 0.07767023891210556,
      "height": 0.019999999552965164,
      "depth": 0.009999999776482582,
      "object_id": -1,
      "frame": "RealSense D455 aligned color camera frame",
      "rank": 15,
      "distance_to_object_center": 0.029449349958688274
    },
    {
      "score": 0.2931957542896271,
      "translation_camera": [
        0.039743077009916306,
        -0.041189439594745636,
        0.3790000379085541
      ],
      "rotation_matrix_camera": [
        [
          0.5313771963119507,
          -0.7907350063323975,
          -0.3039349615573883
        ],
        [
          -0.16952382028102875,
          0.2522660195827484,
          -0.9526927471160889
        ],
        [
          0.8300000429153442,
          0.557763397693634,
          -2.4380613083963e-08
        ]
      ],
      "width": 0.0788387879729271,
      "height": 0.019999999552965164,
      "depth": 0.009999999776482582,
      "object_id": -1,
      "frame": "RealSense D455 aligned color camera frame",
      "rank": 16,
      "distance_to_object_center": 0.02873098816305293
    },
    {
      "score": 0.2928021252155304,
      "translation_camera": [
        0.04807339608669281,
        -0.05146121233701706,
        0.3750000298023224
      ],
      "rotation_matrix_camera": [
        [
          0.5313771963119507,
          -0.7907350063323975,
          -0.3039349615573883
        ],
        [
          -0.16952382028102875,
          0.2522660195827484,
          -0.9526927471160889
        ],
        [
          0.8300000429153442,
          0.557763397693634,
          -2.4380613083963e-08
        ]
      ],
      "width": 0.08435240387916565,
      "height": 0.019999999552965164,
      "depth": 0.009999999776482582,
      "object_id": -1,
      "frame": "RealSense D455 aligned color camera frame",
      "rank": 17,
      "distance_to_object_center": 0.04115431438939653
    },
    {
      "score": 0.2801970839500427,
      "translation_camera": [
        0.04159816354513168,
        -0.04009965434670448,
        0.37800002098083496
      ],
      "rotation_matrix_camera": [
        [
          0.5313771963119507,
          -0.7907350063323975,
          -0.3039349615573883
        ],
        [
          -0.16952382028102875,
          0.2522660195827484,
          -0.9526927471160889
        ],
        [
          0.8300000429153442,
          0.557763397693634,
          -2.4380613083963e-08
        ]
      ],
      "width": 0.07929335534572601,
      "height": 0.019999999552965164,
      "depth": 0.009999999776482582,
      "object_id": -1,
      "frame": "RealSense D455 aligned color camera frame",
      "rank": 18,
      "distance_to_object_center": 0.02825567856897574
    },
    {
      "score": 0.2737812399864197,
      "translation_camera": [
        0.049935199320316315,
        -0.004938018042594194,
        0.3240000307559967
      ],
      "rotation_matrix_camera": [
        [
          -0.4467552900314331,
          -0.1930502951145172,
          -0.8735795617103577
        ],
        [
          -0.8019134998321533,
          -0.3465198576450348,
          0.4866813123226166
        ],
        [
          -0.39666667580604553,
          0.9179626703262329,
          -4.0125421207903855e-08
        ]
      ],
      "width": 0.053824592381715775,
      "height": 0.019999999552965164,
      "depth": 0.019999999552965164,
      "object_id": -1,
      "frame": "RealSense D455 aligned color camera frame",
      "rank": 19,
      "distance_to_object_center": 0.0649647059914421
    },
    {
      "score": 0.2688930034637451,
      "translation_camera": [
        0.0412629209458828,
        -0.005852465983480215,
        0.3840000331401825
      ],
      "rotation_matrix_camera": [
        [
          0.6540746092796326,
          -0.6235225796699524,
          -0.42825937271118164
        ],
        [
          -0.309978187084198,
          0.2954989969730377,
          -0.9036558270454407
        ],
        [
          0.690000057220459,
          0.7238094210624695,
          -3.1638712982839934e-08
        ]
      ],
      "width": 0.06501837819814682,
      "height": 0.019999999552965164,
      "depth": 0.019999999552965164,
      "object_id": -1,
      "frame": "RealSense D455 aligned color camera frame",
      "rank": 20,
      "distance_to_object_center": 0.009579813390486963
    },
    {
      "score": 0.2684091031551361,
      "translation_camera": [
        0.049935199320316315,
        -0.0032561258412897587,
        0.3240000307559967
      ],
      "rotation_matrix_camera": [
        [
          -0.4467552900314331,
          -0.1930502951145172,
          -0.8735795617103577
        ],
        [
          -0.8019134998321533,
          -0.3465198576450348,
          0.4866813123226166
        ],
        [
          -0.39666667580604553,
          0.9179626703262329,
          -4.0125421207903855e-08
        ]
      ],
      "width": 0.05690033361315727,
      "height": 0.019999999552965164,
      "depth": 0.019999999552965164,
      "object_id": -1,
      "frame": "RealSense D455 aligned color camera frame",
      "rank": 21,
      "distance_to_object_center": 0.06521430656294276
    },
    {
      "score": 0.26713964343070984,
      "translation_camera": [
        0.048106301575899124,
        0.0026223785243928432,
        0.3230000138282776
      ],
      "rotation_matrix_camera": [
        [
          -0.4467552900314331,
          -0.1930502951145172,
          -0.8735795617103577
        ],
        [
          -0.8019134998321533,
          -0.3465198576450348,
          0.4866813123226166
        ],
        [
          -0.39666667580604553,
          0.9179626703262329,
          -4.0125421207903855e-08
        ]
      ],
      "width": 0.06606525927782059,
      "height": 0.019999999552965164,
      "depth": 0.019999999552965164,
      "object_id": -1,
      "frame": "RealSense D455 aligned color camera frame",
      "rank": 22,
      "distance_to_object_center": 0.0670303213123576
    },
    {
      "score": 0.2658684253692627,
      "translation_camera": [
        0.04840417578816414,
        -0.0024226338136941195,
        0.32500001788139343
      ],
      "rotation_matrix_camera": [
        [
          -0.4467552900314331,
          -0.1930502951145172,
          -0.8735795617103577
        ],
        [
          -0.8019134998321533,
          -0.3465198576450348,
          0.4866813123226166
        ],
        [
          -0.39666667580604553,
          0.9179626703262329,
          -4.0125421207903855e-08
        ]
      ],
      "width": 0.05549853667616844,
      "height": 0.019999999552965164,
      "depth": 0.019999999552965164,
      "object_id": -1,
      "frame": "RealSense D455 aligned color camera frame",
      "rank": 23,
      "distance_to_object_center": 0.06409446420728093
    },
    {
      "score": 0.2656971216201782,
      "translation_camera": [
        0.0412629209458828,
        -0.003859112039208412,
        0.3840000331401825
      ],
      "rotation_matrix_camera": [
        [
          0.6540746092796326,
          -0.6235225796699524,
          -0.42825937271118164
        ],
        [
          -0.309978187084198,
          0.2954989969730377,
          -0.9036558270454407
        ],
        [
          0.690000057220459,
          0.7238094210624695,
          -3.1638712982839934e-08
        ]
      ],
      "width": 0.06461465358734131,
      "height": 0.019999999552965164,
      "depth": 0.019999999552965164,
      "object_id": -1,
      "frame": "RealSense D455 aligned color camera frame",
      "rank": 24,
      "distance_to_object_center": 0.011280867810479467
    },
    {
      "score": 0.2648695111274719,
      "translation_camera": [
        0.03984794020652771,
        -0.0393255278468132,
        0.3800000250339508
      ],
      "rotation_matrix_camera": [
        [
          0.5313771963119507,
          -0.7907350063323975,
          -0.3039349615573883
        ],
        [
          -0.16952382028102875,
          0.2522660195827484,
          -0.9526927471160889
        ],
        [
          0.8300000429153442,
          0.557763397693634,
          -2.4380613083963e-08
        ]
      ],
      "width": 0.07806883752346039,
      "height": 0.019999999552965164,
      "depth": 0.009999999776482582,
      "object_id": -1,
      "frame": "RealSense D455 aligned color camera frame",
      "rank": 25,
      "distance_to_object_center": 0.026689259601268618
    },
    {
      "score": 0.2632931172847748,
      "translation_camera": [
        0.040725644677877426,
        -0.038238342851400375,
        0.3790000379085541
      ],
      "rotation_matrix_camera": [
        [
          0.5313771963119507,
          -0.7907350063323975,
          -0.3039349615573883
        ],
        [
          -0.16952382028102875,
          0.2522660195827484,
          -0.9526927471160889
        ],
        [
          0.8300000429153442,
          0.557763397693634,
          -2.4380613083963e-08
        ]
      ],
      "width": 0.07739925384521484,
      "height": 0.019999999552965164,
      "depth": 0.009999999776482582,
      "object_id": -1,
      "frame": "RealSense D455 aligned color camera frame",
      "rank": 26,
      "distance_to_object_center": 0.026059491274659084
    },
    {
      "score": 0.26311740279197693,
      "translation_camera": [
        0.04924674704670906,
        -0.004109716974198818,
        0.32500001788139343
      ],
      "rotation_matrix_camera": [
        [
          -0.4467552900314331,
          -0.1930502951145172,
          -0.8735795617103577
        ],
        [
          -0.8019134998321533,
          -0.3465198576450348,
          0.4866813123226166
        ],
        [
          -0.39666667580604553,
          0.9179626703262329,
          -4.0125421207903855e-08
        ]
      ],
      "width": 0.05273160710930824,
      "height": 0.019999999552965164,
      "depth": 0.019999999552965164,
      "object_id": -1,
      "frame": "RealSense D455 aligned color camera frame",
      "rank": 27,
      "distance_to_object_center": 0.06397686731001398
    },
    {
      "score": 0.262909859418869,
      "translation_camera": [
        0.04962695389986038,
        0.0017785046948119998,
        0.32200002670288086
      ],
      "rotation_matrix_camera": [
        [
          -0.4467552900314331,
          -0.1930502951145172,
          -0.8735795617103577
        ],
        [
          -0.8019134998321533,
          -0.3465198576450348,
          0.4866813123226166
        ],
        [
          -0.39666667580604553,
          0.9179626703262329,
          -4.0125421207903855e-08
        ]
      ],
      "width": 0.06816805154085159,
      "height": 0.019999999552965164,
      "depth": 0.019999999552965164,
      "object_id": -1,
      "frame": "RealSense D455 aligned color camera frame",
      "rank": 28,
      "distance_to_object_center": 0.06805848654247654
    },
    {
      "score": 0.2581290602684021,
      "translation_camera": [
        0.03927186504006386,
        -0.011832527816295624,
        0.3840000331401825
      ],
      "rotation_matrix_camera": [
        [
          0.6540746092796326,
          -0.6235225796699524,
          -0.42825937271118164
        ],
        [
          -0.309978187084198,
          0.2954989969730377,
          -0.9036558270454407
        ],
        [
          0.690000057220459,
          0.7238094210624695,
          -3.1638712982839934e-08
        ]
      ],
      "width": 0.06473448872566223,
      "height": 0.019999999552965164,
      "depth": 0.019999999552965164,
      "object_id": -1,
      "frame": "RealSense D455 aligned color camera frame",
      "rank": 29,
      "distance_to_object_center": 0.0043615416665556085
    },
    {
      "score": 0.2580708861351013,
      "translation_camera": [
        0.04825524240732193,
        0.00010765897604869679,
        0.3240000307559967
      ],
      "rotation_matrix_camera": [
        [
          -0.4467552900314331,
          -0.1930502951145172,
          -0.8735795617103577
        ],
        [
          -0.8019134998321533,
          -0.3465198576450348,
          0.4866813123226166
        ],
        [
          -0.39666667580604553,
          0.9179626703262329,
          -4.0125421207903855e-08
        ]
      ],
      "width": 0.06112022325396538,
      "height": 0.019999999552965164,
      "depth": 0.019999999552965164,
      "object_id": -1,
      "frame": "RealSense D455 aligned color camera frame",
      "rank": 30,
      "distance_to_object_center": 0.0655241252878613
    },
    {
      "score": 0.25394609570503235,
      "translation_camera": [
        0.043253980576992035,
        0.00012759582023136318,
        0.3840000331401825
      ],
      "rotation_matrix_camera": [
        [
          0.6540746092796326,
          -0.6235225796699524,
          -0.42825937271118164
        ],
        [
          -0.309978187084198,
          0.2954989969730377,
          -0.9036558270454407
        ],
        [
          0.690000057220459,
          0.7238094210624695,
          -3.1638712982839934e-08
        ]
      ],
      "width": 0.06433866918087006,
      "height": 0.019999999552965164,
      "depth": 0.019999999552965164,
      "object_id": -1,
      "frame": "RealSense D455 aligned color camera frame",
      "rank": 31,
      "distance_to_object_center": 0.015619652280552893
    },
    {
      "score": 0.2514159381389618,
      "translation_camera": [
        0.04978107288479805,
        0.00010732669034041464,
        0.3230000138282776
      ],
      "rotation_matrix_camera": [
        [
          -0.4467552900314331,
          -0.1930502951145172,
          -0.8735795617103577
        ],
        [
          -0.8019134998321533,
          -0.3465198576450348,
          0.4866813123226166
        ],
        [
          -0.39666667580604553,
          0.9179626703262329,
          -4.0125421207903855e-08
        ]
      ],
      "width": 0.06387384235858917,
      "height": 0.019999999552965164,
      "depth": 0.019999999552965164,
      "object_id": -1,
      "frame": "RealSense D455 aligned color camera frame",
      "rank": 32,
      "distance_to_object_center": 0.06676689731529403
    },
    {
      "score": 0.2389165759086609,
      "translation_camera": [
        0.049935199320316315,
        -0.0015742334071546793,
        0.3240000307559967
      ],
      "rotation_matrix_camera": [
        [
          -0.4467552900314331,
          -0.1930502951145172,
          -0.8735795617103577
        ],
        [
          -0.8019134998321533,
          -0.3465198576450348,
          0.4866813123226166
        ],
        [
          -0.39666667580604553,
          0.9179626703262329,
          -4.0125421207903855e-08
        ]
      ],
      "width": 0.05922694876790047,
      "height": 0.019999999552965164,
      "depth": 0.019999999552965164,
      "object_id": -1,
      "frame": "RealSense D455 aligned color camera frame",
      "rank": 33,
      "distance_to_object_center": 0.0655061528777484
    },
    {
      "score": 0.23490449786186218,
      "translation_camera": [
        0.037977296859025955,
        -0.039429016411304474,
        0.38100001215934753
      ],
      "rotation_matrix_camera": [
        [
          0.5313771963119507,
          -0.7907350063323975,
          -0.3039349615573883
        ],
        [
          -0.16952382028102875,
          0.2522660195827484,
          -0.9526927471160889
        ],
        [
          0.8300000429153442,
          0.557763397693634,
          -2.4380613083963e-08
        ]
      ],
      "width": 0.07709918916225433,
      "height": 0.019999999552965164,
      "depth": 0.009999999776482582,
      "object_id": -1,
      "frame": "RealSense D455 aligned color camera frame",
      "rank": 34,
      "distance_to_object_center": 0.02639237753459094
    },
    {
      "score": 0.23209096491336823,
      "translation_camera": [
        0.044891562312841415,
        -0.023606769740581512,
        0.38100001215934753
      ],
      "rotation_matrix_camera": [
        [
          0.5313771963119507,
          -0.7907350063323975,
          -0.3039349615573883
        ],
        [
          -0.16952382028102875,
          0.2522660195827484,
          -0.9526927471160889
        ],
        [
          0.8300000429153442,
          0.557763397693634,
          -2.4380613083963e-08
        ]
      ],
      "width": 0.06253477931022644,
      "height": 0.019999999552965164,
      "depth": 0.009999999776482582,
      "object_id": -1,
      "frame": "RealSense D455 aligned color camera frame",
      "rank": 35,
      "distance_to_object_center": 0.01411325577887926
    },
    {
      "score": 0.23207344114780426,
      "translation_camera": [
        0.04962695389986038,
        0.0034500150941312313,
        0.32200002670288086
      ],
      "rotation_matrix_camera": [
        [
          -0.4467552900314331,
          -0.1930502951145172,
          -0.8735795617103577
        ],
        [
          -0.8019134998321533,
          -0.3465198576450348,
          0.4866813123226166
        ],
        [
          -0.39666667580604553,
          0.9179626703262329,
          -4.0125421207903855e-08
        ]
      ],
      "width": 0.06893158704042435,
      "height": 0.019999999552965164,
      "depth": 0.019999999552965164,
      "object_id": -1,
      "frame": "RealSense D455 aligned color camera frame",
      "rank": 36,
      "distance_to_object_center": 0.06845937408810547
    },
    {
      "score": 0.2279878407716751,
      "translation_camera": [
        0.04378857836127281,
        -0.03242146596312523,
        0.3800000250339508
      ],
      "rotation_matrix_camera": [
        [
          0.5313771963119507,
          -0.7907350063323975,
          -0.3039349615573883
        ],
        [
          -0.16952382028102875,
          0.2522660195827484,
          -0.9526927471160889
        ],
        [
          0.8300000429153442,
          0.557763397693634,
          -2.4380613083963e-08
        ]
      ],
      "width": 0.06834550201892853,
      "height": 0.019999999552965164,
      "depth": 0.009999999776482582,
      "object_id": -1,
      "frame": "RealSense D455 aligned color camera frame",
      "rank": 37,
      "distance_to_object_center": 0.021137829934072493
    },
    {
      "score": 0.22707925736904144,
      "translation_camera": [
        0.04931871220469475,
        0.011734227649867535,
        0.320000022649765
      ],
      "rotation_matrix_camera": [
        [
          -0.4467552900314331,
          -0.1930502951145172,
          -0.8735795617103577
        ],
        [
          -0.8019134998321533,
          -0.3465198576450348,
          0.4866813123226166
        ],
        [
          -0.39666667580604553,
          0.9179626703262329,
          -4.0125421207903855e-08
        ]
      ],
      "width": 0.08152654021978378,
      "height": 0.019999999552965164,
      "depth": 0.029999999329447746,
      "object_id": -1,
      "frame": "RealSense D455 aligned color camera frame",
      "rank": 38,
      "distance_to_object_center": 0.07277749238285759
    },
    {
      "score": 0.22696596384048462,
      "translation_camera": [
        0.04825524240732193,
        0.009358067065477371,
        0.3240000307559967
      ],
      "rotation_matrix_camera": [
        [
          -0.4467552900314331,
          -0.1930502951145172,
          -0.8735795617103577
        ],
        [
          -0.8019134998321533,
          -0.3465198576450348,
          0.4866813123226166
        ],
        [
          -0.39666667580604553,
          0.9179626703262329,
          -4.0125421207903855e-08
        ]
      ],
      "width": 0.07803269475698471,
      "height": 0.019999999552965164,
      "depth": 0.029999999329447746,
      "object_id": -1,
      "frame": "RealSense D455 aligned color camera frame",
      "rank": 39,
      "distance_to_object_center": 0.06808437540987114
    },
    {
      "score": 0.2195572853088379,
      "translation_camera": [
        0.04931871220469475,
        0.009242535568773746,
        0.320000022649765
      ],
      "rotation_matrix_camera": [
        [
          -0.4467552900314331,
          -0.1930502951145172,
          -0.8735795617103577
        ],
        [
          -0.8019134998321533,
          -0.3465198576450348,
          0.4866813123226166
        ],
        [
          -0.39666667580604553,
          0.9179626703262329,
          -4.0125421207903855e-08
        ]
      ],
      "width": 0.08167824149131775,
      "height": 0.019999999552965164,
      "depth": 0.029999999329447746,
      "object_id": -1,
      "frame": "RealSense D455 aligned color camera frame",
      "rank": 40,
      "distance_to_object_center": 0.07194262341929125
    },
    {
      "score": 0.2177462875843048,
      "translation_camera": [
        0.04181825742125511,
        -0.03439405560493469,
        0.3800000250339508
      ],
      "rotation_matrix_camera": [
        [
          0.5313771963119507,
          -0.7907350063323975,
          -0.3039349615573883
        ],
        [
          -0.16952382028102875,
          0.2522660195827484,
          -0.9526927471160889
        ],
        [
          0.8300000429153442,
          0.557763397693634,
          -2.4380613083963e-08
        ]
      ],
      "width": 0.07061897963285446,
      "height": 0.019999999552965164,
      "depth": 0.009999999776482582,
      "object_id": -1,
      "frame": "RealSense D455 aligned color camera frame",
      "rank": 41,
      "distance_to_object_center": 0.022372106098925804
    },
    {
      "score": 0.21583378314971924,
      "translation_camera": [
        0.048842571675777435,
        -0.032506782561540604,
        0.38100001215934753
      ],
      "rotation_matrix_camera": [
        [
          0.5313771963119507,
          -0.7907350063323975,
          -0.3039349615573883
        ],
        [
          -0.16952382028102875,
          0.2522660195827484,
          -0.9526927471160889
        ],
        [
          0.8300000429153442,
          0.557763397693634,
          -2.4380613083963e-08
        ]
      ],
      "width": 0.06859204173088074,
      "height": 0.019999999552965164,
      "depth": 0.009999999776482582,
      "object_id": -1,
      "frame": "RealSense D455 aligned color camera frame",
      "rank": 42,
      "distance_to_object_center": 0.02310001317307896
    },
    {
      "score": 0.2148258537054062,
      "translation_camera": [
        0.046744056046009064,
        -0.03340775892138481,
        0.3800000250339508
      ],
      "rotation_matrix_camera": [
        [
          0.5313771963119507,
          -0.7907350063323975,
          -0.3039349615573883
        ],
        [
          -0.16952382028102875,
          0.2522660195827484,
          -0.9526927471160889
        ],
        [
          0.8300000429153442,
          0.557763397693634,
          -2.4380613083963e-08
        ]
      ],
      "width": 0.06977054476737976,
      "height": 0.019999999552965164,
      "depth": 0.009999999776482582,
      "object_id": -1,
      "frame": "RealSense D455 aligned color camera frame",
      "rank": 43,
      "distance_to_object_center": 0.023127740904185397
    },
    {
      "score": 0.21362075209617615,
      "translation_camera": [
        0.048106301575899124,
        0.01100588496774435,
        0.3230000138282776
      ],
      "rotation_matrix_camera": [
        [
          -0.4467552900314331,
          -0.1930502951145172,
          -0.8735795617103577
        ],
        [
          -0.8019134998321533,
          -0.3465198576450348,
          0.4866813123226166
        ],
        [
          -0.39666667580604553,
          0.9179626703262329,
          -4.0125421207903855e-08
        ]
      ],
      "width": 0.08013597875833511,
      "height": 0.019999999552965164,
      "depth": 0.029999999329447746,
      "object_id": -1,
      "frame": "RealSense D455 aligned color camera frame",
      "rank": 44,
      "distance_to_object_center": 0.06955555065704416
    },
    {
      "score": 0.21055562794208527,
      "translation_camera": [
        0.04378857836127281,
        -0.030448874458670616,
        0.3800000250339508
      ],
      "rotation_matrix_camera": [
        [
          0.5313771963119507,
          -0.7907350063323975,
          -0.3039349615573883
        ],
        [
          -0.16952382028102875,
          0.2522660195827484,
          -0.9526927471160889
        ],
        [
          0.8300000429153442,
          0.557763397693634,
          -2.4380613083963e-08
        ]
      ],
      "width": 0.06766742467880249,
      "height": 0.019999999552965164,
      "depth": 0.009999999776482582,
      "object_id": -1,
      "frame": "RealSense D455 aligned color camera frame",
      "rank": 45,
      "distance_to_object_center": 0.019418106956767777
    },
    {
      "score": 0.21017535030841827,
      "translation_camera": [
        0.03347211703658104,
        -0.02291470393538475,
        0.38600003719329834
      ],
      "rotation_matrix_camera": [
        [
          0.6540746092796326,
          -0.6235225796699524,
          -0.42825937271118164
        ],
        [
          -0.309978187084198,
          0.2954989969730377,
          -0.9036558270454407
        ],
        [
          0.690000057220459,
          0.7238094210624695,
          -3.1638712982839934e-08
        ]
      ],
      "width": 0.06492476910352707,
      "height": 0.019999999552965164,
      "depth": 0.019999999552965164,
      "object_id": -1,
      "frame": "RealSense D455 aligned color camera frame",
      "rank": 46,
      "distance_to_object_center": 0.009780855654689277
    },
    {
      "score": 0.20770585536956787,
      "translation_camera": [
        0.048842571675777435,
        -0.030529001727700233,
        0.38100001215934753
      ],
      "rotation_matrix_camera": [
        [
          0.5313771963119507,
          -0.7907350063323975,
          -0.3039349615573883
        ],
        [
          -0.16952382028102875,
          0.2522660195827484,
          -0.9526927471160889
        ],
        [
          0.8300000429153442,
          0.557763397693634,
          -2.4380613083963e-08
        ]
      ],
      "width": 0.06676425784826279,
      "height": 0.019999999552965164,
      "depth": 0.009999999776482582,
      "object_id": -1,
      "frame": "RealSense D455 aligned color camera frame",
      "rank": 47,
      "distance_to_object_center": 0.021525680966591076
    },
    {
      "score": 0.20563167333602905,
      "translation_camera": [
        0.04879216104745865,
        0.01180756650865078,
        0.32200002670288086
      ],
      "rotation_matrix_camera": [
        [
          -0.4467552900314331,
          -0.1930502951145172,
          -0.8735795617103577
        ],
        [
          -0.8019134998321533,
