{
  "success": true,
  "method": "graspnet_baseline_d455",
  "num_candidates": 633,
  "object_center_camera": [
    -0.04660989178565973,
    0.011621053019266551,
    0.3270000219345093
  ],
  "candidates": [
    {
      "score": 0.4442325830459595,
      "translation_camera": [
        -0.010994025506079197,
        0.038728680461645126,
        0.4020000100135803
      ],
      "rotation_matrix_camera": [
        [
          0.05689249932765961,
          0.9917080998420715,
          -0.11523126810789108
        ],
        [
          -0.43903547525405884,
          0.12851069867610931,
          0.8892316222190857
        ],
        [
          0.8966667056083679,
          0.0,
          0.44270631670951843
        ]
      ],
      "width": 0.07556639611721039,
      "height": 0.019999999552965164,
      "depth": 0.029999999329447746,
      "object_id": -1,
      "frame": "RealSense D455 aligned color camera frame",
      "rank": 0,
      "distance_to_object_center": 0.08734020613818448
    },
    {
      "score": 0.354857861995697,
      "translation_camera": [
        -0.034368645399808884,
        0.026412172242999077,
        0.3270000219345093
      ],
      "rotation_matrix_camera": [
        [
          -0.9794528484344482,
          0.19562169909477234,
          -0.04903397709131241
        ],
        [
          -0.19537703692913055,
          -0.980679452419281,
          -0.009781085886061192
        ],
        [
          -0.05000000447034836,
          0.0,
          0.9987492561340332
        ]
      ],
      "width": 0.07630804181098938,
      "height": 0.019999999552965164,
      "depth": 0.029999999329447746,
      "object_id": -1,
      "frame": "RealSense D455 aligned color camera frame",
      "rank": 1,
      "distance_to_object_center": 0.019199617729782445
    },
    {
      "score": 0.3346632421016693,
      "translation_camera": [
        -0.03277351334691048,
        0.025641847401857376,
        0.328000009059906
      ],
      "rotation_matrix_camera": [
        [
          -0.9794528484344482,
          0.19562169909477234,
          -0.04903397709131241
        ],
        [
          -0.19537703692913055,
          -0.980679452419281,
          -0.009781085886061192
        ],
        [
          -0.05000000447034836,
          0.0,
          0.9987492561340332
        ]
      ],
      "width": 0.07765556871891022,
      "height": 0.019999999552965164,
      "depth": 0.029999999329447746,
      "object_id": -1,
      "frame": "RealSense D455 aligned color camera frame",
      "rank": 2,
      "distance_to_object_center": 0.019723793186659986
    },
    {
      "score": 0.3283647894859314,
      "translation_camera": [
        -0.03606369346380234,
        0.028109176084399223,
        0.3270000219345093
      ],
      "rotation_matrix_camera": [
        [
          -0.9794528484344482,
          0.19562169909477234,
          -0.04903397709131241
        ],
        [
          -0.19537703692913055,
          -0.980679452419281,
          -0.009781085886061192
        ],
        [
          -0.05000000447034836,
          0.0,
          0.9987492561340332
        ]
      ],
      "width": 0.07515566796064377,
      "height": 0.019999999552965164,
      "depth": 0.029999999329447746,
      "object_id": -1,
      "frame": "RealSense D455 aligned color camera frame",
      "rank": 3,
      "distance_to_object_center": 0.01957244239370518
    },
    {
      "score": 0.3166279196739197,
      "translation_camera": [
        -0.03500077873468399,
        0.025407318025827408,
        0.32500001788139343
      ],
      "rotation_matrix_camera": [
        [
          -0.9794528484344482,
          0.19562169909477234,
          -0.04903397709131241
        ],
        [
          -0.19537703692913055,
          -0.980679452419281,
          -0.009781085886061192
        ],
        [
          -0.05000000447034836,
          0.0,
          0.9987492561340332
        ]
      ],
      "width": 0.07601271569728851,
      "height": 0.019999999552965164,
      "depth": 0.029999999329447746,
      "object_id": -1,
      "frame": "RealSense D455 aligned color camera frame",
      "rank": 4,
      "distance_to_object_center": 0.018133742715554877
    },
    {
      "score": 0.27631038427352905,
      "translation_camera": [
        -0.038717273622751236,
        0.039274752140045166,
        0.34300002455711365
      ],
      "rotation_matrix_camera": [
        [
          0.4980229139328003,
          -0.6140506863594055,
          -0.6123030185699463
        ],
        [
          -0.3856969475746155,
          0.47555533051490784,
          -0.790623128414154
        ],
        [
          0.7766667008399963,
          0.6299118399620056,
          -2.7534321489497415e-08
        ]
      ],
      "width": 0.0721285417675972,
      "height": 0.019999999552965164,
      "depth": 0.019999999552965164,
      "object_id": -1,
      "frame": "RealSense D455 aligned color camera frame",
      "rank": 5,
      "distance_to_object_center": 0.0329092780299321
    },
    {
      "score": 0.27279457449913025,
      "translation_camera": [
        -0.04405123367905617,
        0.0401647686958313,
        0.34300002455711365
      ],
      "rotation_matrix_camera": [
        [
          0.4980229139328003,
          -0.6140506863594055,
          -0.6123030185699463
        ],
        [
          -0.3856969475746155,
          0.47555533051490784,
          -0.790623128414154
        ],
        [
          0.7766667008399963,
          0.6299118399620056,
          -2.7534321489497415e-08
        ]
      ],
      "width": 0.07387405633926392,
      "height": 0.019999999552965164,
      "depth": 0.019999999552965164,
      "object_id": -1,
      "frame": "RealSense D455 aligned color camera frame",
      "rank": 6,
      "distance_to_object_center": 0.03282210413508559
    },
    {
      "score": 0.2683544456958771,
      "translation_camera": [
        -0.0413842536509037,
        0.0401647686958313,
        0.34300002455711365
      ],
      "rotation_matrix_camera": [
        [
          0.4980229139328003,
          -0.6140506863594055,
          -0.6123030185699463
        ],
        [
          -0.3856969475746155,
          0.47555533051490784,
          -0.790623128414154
        ],
        [
          0.7766667008399963,
          0.6299118399620056,
          -2.7534321489497415e-08
        ]
      ],
      "width": 0.07304026931524277,
      "height": 0.019999999552965164,
      "depth": 0.019999999552965164,
      "object_id": -1,
      "frame": "RealSense D455 aligned color camera frame",
      "rank": 7,
      "distance_to_object_center": 0.03313685384075156
    },
    {
      "score": 0.2660563290119171,
      "translation_camera": [
        -0.02796756848692894,
        0.034723129123449326,
        0.34200000762939453
      ],
      "rotation_matrix_camera": [
        [
          0.6540746092796326,
          -0.6235225796699524,
          -0.42825937271118164
        ],
        [
          -0.309978187084198,
          0.2954989969730377,
          -0.9036558270454407
        ],
        [
          0.690000057220459,
          0.7238094210624695,
          -3.1638712982839934e-08
        ]
      ],
      "width": 0.06885623186826706,
      "height": 0.019999999552965164,
      "depth": 0.019999999552965164,
      "object_id": -1,
      "frame": "RealSense D455 aligned color camera frame",
      "rank": 8,
      "distance_to_object_center": 0.03326021210312129
    },
    {
      "score": 0.26017463207244873,
      "translation_camera": [
        -0.03668546304106712,
        0.02709394320845604,
        0.32500001788139343
      ],
      "rotation_matrix_camera": [
        [
          -0.9794528484344482,
          0.19562169909477234,
          -0.04903397709131241
        ],
        [
          -0.19537703692913055,
          -0.980679452419281,
          -0.009781085886061192
        ],
        [
          -0.05000000447034836,
          0.0,
          0.9987492561340332
        ]
      ],
      "width": 0.0738663300871849,
      "height": 0.019999999552965164,
      "depth": 0.029999999329447746,
      "object_id": -1,
      "frame": "RealSense D455 aligned color camera frame",
      "rank": 9,
      "distance_to_object_center": 0.01849066339874511
    },
    {
      "score": 0.25990599393844604,
      "translation_camera": [
        -0.040495261549949646,
        0.04194480553269386,
        0.34300002455711365
      ],
      "rotation_matrix_camera": [
        [
          0.4980229139328003,
          -0.6140506863594055,
          -0.6123030185699463
        ],
        [
          -0.3856969475746155,
          0.47555533051490784,
          -0.790623128414154
        ],
        [
          0.7766667008399963,
          0.6299118399620056,
          -2.7534321489497415e-08
        ]
      ],
      "width": 0.07480113953351974,
      "height": 0.019999999552965164,
      "depth": 0.019999999552965164,
      "object_id": -1,
      "frame": "RealSense D455 aligned color camera frame",
      "rank": 10,
      "distance_to_object_center": 0.03482698312140166
    },
    {
      "score": 0.25722143054008484,
      "translation_camera": [
        -0.06125224009156227,
        0.019846588373184204,
        0.31700003147125244
      ],
      "rotation_matrix_camera": [
        [
          -0.3535899221897125,
          -0.09390044957399368,
          -0.9306755065917969
        ],
        [
          -0.8994978666305542,
          -0.23887336254119873,
          0.36584576964378357
        ],
        [
          -0.2566666603088379,
          0.9664999842643738,
          -4.224705563160569e-08
        ]
      ],
      "width": 0.07176505029201508,
      "height": 0.019999999552965164,
      "depth": 0.019999999552965164,
      "object_id": -1,
      "frame": "RealSense D455 aligned color camera frame",
      "rank": 11,
      "distance_to_object_center": 0.01954629389513889
    },
    {
      "score": 0.25717782974243164,
      "translation_camera": [
        -0.05878742039203644,
        0.019024034962058067,
        0.31700003147125244
      ],
      "rotation_matrix_camera": [
        [
          -0.3535899221897125,
          -0.09390044957399368,
          -0.9306755065917969
        ],
        [
          -0.8994978666305542,
          -0.23887336254119873,
          0.36584576964378357
        ],
        [
          -0.2566666603088379,
          0.9664999842643738,
          -4.224705563160569e-08
        ]
      ],
      "width": 0.07198036462068558,
      "height": 0.019999999552965164,
      "depth": 0.019999999552965164,
      "object_id": -1,
      "frame": "RealSense D455 aligned color camera frame",
      "rank": 12,
      "distance_to_object_center": 0.017409656914185525
    },
    {
      "score": 0.2556762099266052,
      "translation_camera": [
        -0.05696393921971321,
        0.019783979281783104,
        0.3160000145435333
      ],
      "rotation_matrix_camera": [
        [
          -0.44123926758766174,
          -0.013243177905678749,
          -0.8972917795181274
        ],
        [
          -0.8968878984451294,
          -0.02691873349249363,
          0.4414379596710205
        ],
        [
          -0.029999999329447746,
          0.9995498657226562,
          -4.369171335838473e-08
        ]
      ],
      "width": 0.0676020085811615,
      "height": 0.019999999552965164,
      "depth": 0.019999999552965164,
      "object_id": -1,
      "frame": "RealSense D455 aligned color camera frame",
      "rank": 13,
      "distance_to_object_center": 0.017170900559826133
    },
    {
      "score": 0.2495582550764084,
      "translation_camera": [
        -0.06494584679603577,
        0.01831631548702717,
        0.3190000057220459
      ],
      "rotation_matrix_camera": [
        [
          -0.3535899221897125,
          -0.09390044957399368,
          -0.9306755065917969
        ],
        [
          -0.8994978666305542,
          -0.23887336254119873,
          0.36584576964378357
        ],
        [
          -0.2566666603088379,
          0.9664999842643738,
          -4.224705563160569e-08
        ]
      ],
      "width": 0.06907111406326294,
      "height": 0.019999999552965164,
      "depth": 0.019999999552965164,
      "object_id": -1,
      "frame": "RealSense D455 aligned color camera frame",
      "rank": 14,
      "distance_to_object_center": 0.02109583003947498
    },
    {
      "score": 0.24931854009628296,
      "translation_camera": [
        -0.04316224157810211,
        0.04194480553269386,
        0.34300002455711365
      ],
      "rotation_matrix_camera": [
        [
          0.4980229139328003,
          -0.6140506863594055,
          -0.6123030185699463
        ],
        [
          -0.3856969475746155,
          0.47555533051490784,
          -0.790623128414154
        ],
        [
          0.7766667008399963,
          0.6299118399620056,
          -2.7534321489497415e-08
        ]
      ],
      "width": 0.07538281381130219,
      "height": 0.019999999552965164,
      "depth": 0.019999999552965164,
      "object_id": -1,
      "frame": "RealSense D455 aligned color camera frame",
      "rank": 15,
      "distance_to_object_center": 0.034458908026410356
    },
    {
      "score": 0.2472122311592102,
      "translation_camera": [
        -0.03837014362215996,
        0.028780566528439522,
        0.32500001788139343
      ],
      "rotation_matrix_camera": [
        [
          -0.9794528484344482,
          0.19562169909477234,
          -0.04903397709131241
        ],
        [
          -0.19537703692913055,
          -0.980679452419281,
          -0.009781085886061192
        ],
        [
          -0.05000000447034836,
          0.0,
          0.9987492561340332
        ]
      ],
      "width": 0.07340314984321594,
      "height": 0.019999999552965164,
      "depth": 0.029999999329447746,
      "object_id": -1,
      "frame": "RealSense D455 aligned color camera frame",
      "rank": 16,
      "distance_to_object_center": 0.01914007235832371
    },
    {
      "score": 0.24668696522712708,
      "translation_camera": [
        -0.06309385597705841,
        0.02073434367775917,
        0.31800001859664917
      ],
      "rotation_matrix_camera": [
        [
          -0.3535899221897125,
          -0.09390044957399368,
          -0.9306755065917969
        ],
        [
          -0.8994978666305542,
          -0.23887336254119873,
          0.36584576964378357
        ],
        [
          -0.2566666603088379,
          0.9664999842643738,
          -4.224705563160569e-08
        ]
      ],
      "width": 0.07009901106357574,
      "height": 0.019999999552965164,
      "depth": 0.019999999552965164,
      "object_id": -1,
      "frame": "RealSense D455 aligned color camera frame",
      "rank": 17,
      "distance_to_object_center": 0.020875181488336236
    },
    {
      "score": 0.24609091877937317,
      "translation_camera": [
        -0.06309385597705841,
        0.01908404566347599,
        0.31800001859664917
      ],
      "rotation_matrix_camera": [
        [
          -0.3535899221897125,
          -0.09390044957399368,
          -0.9306755065917969
        ],
        [
          -0.8994978666305542,
          -0.23887336254119873,
          0.36584576964378357
        ],
        [
          -0.2566666603088379,
          0.9664999842643738,
          -4.224705563160569e-08
        ]
      ],
      "width": 0.07042751461267471,
      "height": 0.019999999552965164,
      "depth": 0.019999999552965164,
      "object_id": -1,
      "frame": "RealSense D455 aligned color camera frame",
      "rank": 18,
      "distance_to_object_center": 0.02020933929529442
    },
    {
      "score": 0.24600189924240112,
      "translation_camera": [
        -0.0301310196518898,
        0.010290644131600857,
        0.3270000219345093
      ],
      "rotation_matrix_camera": [
        [
          -0.9794528484344482,
          -0.049033984541893005,
          -0.19562169909477234
        ],
        [
          -0.19537703692913055,
          -0.00978104304522276,
          0.980679452419281
        ],
        [
          -0.05000000447034836,
          0.9987492561340332,
          -4.365671557593487e-08
        ]
      ],
      "width": 0.06838757544755936,
      "height": 0.019999999552965164,
      "depth": 0.019999999552965164,
      "object_id": -1,
      "frame": "RealSense D455 aligned color camera frame",
      "rank": 19,
      "distance_to_object_center": 0.016532489667606603
    },
    {
      "score": 0.2445937544107437,
      "translation_camera": [
        -0.05221456661820412,
        0.016556374728679657,
        0.31700003147125244
      ],
      "rotation_matrix_camera": [
        [
          -0.44123926758766174,
          -0.013243177905678749,
          -0.8972917795181274
        ],
        [
          -0.8968878984451294,
          -0.02691873349249363,
          0.4414379596710205
        ],
        [
          -0.029999999329447746,
          0.9995498657226562,
          -4.369171335838473e-08
        ]
      ],
      "width": 0.07089566439390182,
      "height": 0.019999999552965164,
      "depth": 0.019999999552965164,
      "object_id": -1,
      "frame": "RealSense D455 aligned color camera frame",
      "rank": 20,
      "distance_to_object_center": 0.012480768791191848
    },
    {
      "score": 0.24415282905101776,
      "translation_camera": [
        -0.03163141384720802,
        0.014444263651967049,
        0.32500001788139343
      ],
      "rotation_matrix_camera": [
        [
          -0.9794528484344482,
          -0.049033984541893005,
          -0.19562169909477234
        ],
        [
          -0.19537703692913055,
          -0.00978104304522276,
          0.980679452419281
        ],
        [
          -0.05000000447034836,
          0.9987492561340332,
          -4.365671557593487e-08
        ]
      ],
      "width": 0.06896787881851196,
      "height": 0.019999999552965164,
      "depth": 0.029999999329447746,
      "object_id": -1,
      "frame": "RealSense D455 aligned color camera frame",
      "rank": 21,
      "distance_to_object_center": 0.015372876628717136
    },
    {
      "score": 0.24364665150642395,
      "translation_camera": [
        -0.02860989235341549,
        0.010353583842515945,
        0.3290000259876251
      ],
      "rotation_matrix_camera": [
        [
          -0.9794528484344482,
          -0.049033984541893005,
          -0.19562169909477234
        ],
        [
          -0.19537703692913055,
          -0.00978104304522276,
          0.980679452419281
        ],
        [
          -0.05000000447034836,
          0.9987492561340332,
          -4.365671557593487e-08
        ]
      ],
      "width": 0.06892822682857513,
      "height": 0.019999999552965164,
      "depth": 0.019999999552965164,
      "object_id": -1,
      "frame": "RealSense D455 aligned color camera frame",
      "rank": 22,
      "distance_to_object_center": 0.018155067443754808
    },
    {
      "score": 0.24360889196395874,
      "translation_camera": [
        -0.06494584679603577,
        0.019971800968050957,
        0.3190000057220459
      ],
      "rotation_matrix_camera": [
        [
          -0.3535899221897125,
          -0.09390044957399368,
          -0.9306755065917969
        ],
        [
          -0.8994978666305542,
          -0.23887336254119873,
          0.36584576964378357
        ],
        [
          -0.2566666603088379,
          0.9664999842643738,
          -4.224705563160569e-08
        ]
      ],
      "width": 0.06913124024868011,
      "height": 0.019999999552965164,
      "depth": 0.019999999552965164,
      "object_id": -1,
      "frame": "RealSense D455 aligned color camera frame",
      "rank": 23,
      "distance_to_object_center": 0.021678157136766442
    },
    {
      "score": 0.2434459924697876,
      "translation_camera": [
        -0.02860989235341549,
        0.012060966342687607,
        0.3290000259876251
      ],
      "rotation_matrix_camera": [
        [
          -0.9794528484344482,
          -0.049033984541893005,
          -0.19562169909477234
        ],
        [
          -0.19537703692913055,
          -0.00978104304522276,
          0.980679452419281
        ],
        [
          -0.05000000447034836,
          0.9987492561340332,
          -4.365671557593487e-08
        ]
      ],
      "width": 0.06853215396404266,
      "height": 0.019999999552965164,
      "depth": 0.019999999552965164,
      "object_id": -1,
      "frame": "RealSense D455 aligned color camera frame",
      "rank": 24,
      "distance_to_object_center": 0.018116112152042896
    },
    {
      "score": 0.24327543377876282,
      "translation_camera": [
        -0.026986250653862953,
        0.01466648280620575,
        0.33000001311302185
      ],
      "rotation_matrix_camera": [
        [
          -0.9794528484344482,
          -0.049033984541893005,
          -0.19562169909477234
        ],
        [
          -0.19537703692913055,
          -0.00978104304522276,
          0.980679452419281
        ],
        [
          -0.05000000447034836,
          0.9987492561340332,
          -4.365671557593487e-08
        ]
      ],
      "width": 0.06823533773422241,
      "height": 0.019999999552965164,
      "depth": 0.019999999552965164,
      "object_id": -1,
      "frame": "RealSense D455 aligned color camera frame",
      "rank": 25,
      "distance_to_object_center": 0.020083871163893582
    },
    {
      "score": 0.24041154980659485,
      "translation_camera": [
        -0.02937304601073265,
        0.008619921281933784,
        0.328000009059906
      ],
      "rotation_matrix_camera": [
        [
          -0.9794528484344482,
          -0.049033984541893005,
          -0.19562169909477234
        ],
        [
          -0.19537703692913055,
          -0.00978104304522276,
          0.980679452419281
        ],
        [
          -0.05000000447034836,
          0.9987492561340332,
          -4.365671557593487e-08
        ]
      ],
      "width": 0.06629562377929688,
      "height": 0.019999999552965164,
      "depth": 0.019999999552965164,
      "object_id": -1,
      "frame": "RealSense D455 aligned color camera frame",
      "rank": 26,
      "distance_to_object_center": 0.017524714497657495
    },
    {
      "score": 0.23873016238212585,
      "translation_camera": [
        -0.04582922160625458,
        0.0401647686958313,
        0.34300002455711365
      ],
      "rotation_matrix_camera": [
        [
          0.4980229139328003,
          -0.6140506863594055,
          -0.6123030185699463
        ],
        [
          -0.3856969475746155,
          0.47555533051490784,
          -0.790623128414154
        ],
        [
          0.7766667008399963,
          0.6299118399620056,
          -2.7534321489497415e-08
        ]
      ],
      "width": 0.07264021039009094,
      "height": 0.019999999552965164,
      "depth": 0.019999999552965164,
      "object_id": -1,
      "frame": "RealSense D455 aligned color camera frame",
      "rank": 27,
      "distance_to_object_center": 0.0327315327242237
    },
    {
      "score": 0.2366698682308197,
      "translation_camera": [
        -0.02860989235341549,
        0.013768348842859268,
        0.3290000259876251
      ],
      "rotation_matrix_camera": [
        [
          -0.9794528484344482,
          -0.049033984541893005,
          -0.19562169909477234
        ],
        [
          -0.19537703692913055,
          -0.00978104304522276,
          0.980679452419281
        ],
        [
          -0.05000000447034836,
          0.9987492561340332,
          -4.365671557593487e-08
        ]
      ],
      "width": 0.0685962438583374,
      "height": 0.019999999552965164,
      "depth": 0.019999999552965164,
      "object_id": -1,
      "frame": "RealSense D455 aligned color camera frame",
      "rank": 28,
      "distance_to_object_center": 0.018237622518499818
    },
    {
      "score": 0.23599563539028168,
      "translation_camera": [
        -0.026210136711597443,
        0.016428688541054726,
        0.33100003004074097
      ],
      "rotation_matrix_camera": [
        [
          -0.9794528484344482,
          -0.049033984541893005,
          -0.19562169909477234
        ],
        [
          -0.19537703692913055,
          -0.00978104304522276,
          0.980679452419281
        ],
        [
          -0.05000000447034836,
          0.9987492561340332,
          -4.365671557593487e-08
        ]
      ],
      "width": 0.06624660640954971,
      "height": 0.019999999552965164,
      "depth": 0.019999999552965164,
      "object_id": -1,
      "frame": "RealSense D455 aligned color camera frame",
      "rank": 29,
      "distance_to_object_center": 0.02133690303774212
    },
    {
      "score": 0.23571215569972992,
      "translation_camera": [
        -0.03163141384720802,
        0.011914328671991825,
        0.32500001788139343
      ],
      "rotation_matrix_camera": [
        [
          -0.9794528484344482,
          -0.049033984541893005,
          -0.19562169909477234
        ],
        [
          -0.19537703692913055,
          -0.00978104304522276,
          0.980679452419281
        ],
        [
          -0.05000000447034836,
          0.9987492561340332,
          -4.365671557593487e-08
        ]
      ],
      "width": 0.06781946867704391,
      "height": 0.019999999552965164,
      "depth": 0.029999999329447746,
      "object_id": -1,
      "frame": "RealSense D455 aligned color camera frame",
      "rank": 30,
      "distance_to_object_center": 0.015114259101049108
    },
    {
      "score": 0.23568323254585266,
      "translation_camera": [
        -0.06659942865371704,
        0.01831631548702717,
        0.3190000057220459
      ],
      "rotation_matrix_camera": [
        [
          -0.3535899221897125,
          -0.09390044957399368,
          -0.9306755065917969
        ],
        [
          -0.8994978666305542,
          -0.23887336254119873,
          0.36584576964378357
        ],
        [
          -0.2566666603088379,
          0.9664999842643738,
          -4.224705563160569e-08
        ]
      ],
      "width": 0.06837327033281326,
      "height": 0.019999999552965164,
      "depth": 0.019999999552965164,
      "object_id": -1,
      "frame": "RealSense D455 aligned color camera frame",
      "rank": 31,
      "distance_to_object_center": 0.022547913054455908
    },
    {
      "score": 0.23565171658992767,
      "translation_camera": [
        -0.05027419328689575,
        0.04105478897690773,
        0.34300002455711365
      ],
      "rotation_matrix_camera": [
        [
          0.4980229139328003,
          -0.6140506863594055,
          -0.6123030185699463
        ],
        [
          -0.3856969475746155,
          0.47555533051490784,
          -0.790623128414154
        ],
        [
          0.7766667008399963,
          0.6299118399620056,
          -2.7534321489497415e-08
        ]
      ],
      "width": 0.0744345411658287,
      "height": 0.019999999552965164,
      "depth": 0.019999999552965164,
      "object_id": -1,
      "frame": "RealSense D455 aligned color camera frame",
      "rank": 32,
      "distance_to_object_center": 0.033701216622541184
    },
    {
      "score": 0.2345322072505951,
      "translation_camera": [
        -0.02937304601073265,
        0.015428691171109676,
        0.328000009059906
      ],
      "rotation_matrix_camera": [
        [
          -0.9794528484344482,
          -0.049033984541893005,
          -0.19562169909477234
        ],
        [
          -0.19537703692913055,
          -0.00978104304522276,
          0.980679452419281
        ],
        [
          -0.05000000447034836,
          0.9987492561340332,
          -4.365671557593487e-08
        ]
      ],
      "width": 0.06942059844732285,
      "height": 0.019999999552965164,
      "depth": 0.019999999552965164,
      "object_id": -1,
      "frame": "RealSense D455 aligned color camera frame",
      "rank": 33,
      "distance_to_object_center": 0.017680693844274103
    },
    {
      "score": 0.23437094688415527,
      "translation_camera": [
        -0.030978545546531677,
        0.01707865670323372,
        0.3270000219345093
      ],
      "rotation_matrix_camera": [
        [
          -0.9794528484344482,
          -0.049033984541893005,
          -0.19562169909477234
        ],
        [
          -0.19537703692913055,
          -0.00978104304522276,
          0.980679452419281
        ],
        [
          -0.05000000447034836,
          0.9987492561340332,
          -4.365671557593487e-08
        ]
      ],
      "width": 0.06816817820072174,
      "height": 0.019999999552965164,
      "depth": 0.029999999329447746,
      "object_id": -1,
      "frame": "RealSense D455 aligned color camera frame",
      "rank": 34,
      "distance_to_object_center": 0.016556703271447332
    },
    {
      "score": 0.234135240316391,
      "translation_camera": [
        -0.030978545546531677,
        0.014533151872456074,
        0.3270000219345093
      ],
      "rotation_matrix_camera": [
        [
          -0.9794528484344482,
          -0.049033984541893005,
          -0.19562169909477234
        ],
        [
          -0.19537703692913055,
          -0.00978104304522276,
          0.980679452419281
        ],
        [
          -0.05000000447034836,
          0.9987492561340332,
          -4.365671557593487e-08
        ]
      ],
      "width": 0.06768734753131866,
      "height": 0.019999999552965164,
      "depth": 0.029999999329447746,
      "object_id": -1,
      "frame": "RealSense D455 aligned color camera frame",
      "rank": 35,
      "distance_to_object_center": 0.015900292606686538
    },
    {
      "score": 0.23409433662891388,
      "translation_camera": [
        -0.03478538990020752,
        0.013517254032194614,
        0.3230000138282776
      ],
      "rotation_matrix_camera": [
        [
          -0.9794528484344482,
          -0.049033984541893005,
          -0.19562169909477234
        ],
        [
          -0.19537703692913055,
          -0.00978104304522276,
          0.980679452419281
        ],
        [
          -0.05000000447034836,
          0.9987492561340332,
          -4.365671557593487e-08
        ]
      ],
      "width": 0.06701559573411942,
      "height": 0.019999999552965164,
      "depth": 0.029999999329447746,
      "object_id": -1,
      "frame": "RealSense D455 aligned color camera frame",
      "rank": 36,
      "distance_to_object_center": 0.012625945032765333
    },
    {
      "score": 0.23298247158527374,
      "translation_camera": [
        -0.02860989235341549,
        0.01632942259311676,
        0.3290000259876251
      ],
      "rotation_matrix_camera": [
        [
          -0.9794528484344482,
          -0.049033984541893005,
          -0.19562169909477234
        ],
        [
          -0.19537703692913055,
          -0.00978104304522276,
          0.980679452419281
        ],
        [
          -0.05000000447034836,
          0.9987492561340332,
          -4.365671557593487e-08
        ]
      ],
      "width": 0.06820809096097946,
      "height": 0.019999999552965164,
      "depth": 0.019999999552965164,
      "object_id": -1,
      "frame": "RealSense D455 aligned color camera frame",
      "rank": 37,
      "distance_to_object_center": 0.018712796151757524
    },
    {
      "score": 0.23265215754508972,
      "translation_camera": [
        -0.03405333682894707,
        0.011877669021487236,
        0.3240000307559967
      ],
      "rotation_matrix_camera": [
        [
          -0.9794528484344482,
          -0.049033984541893005,
          -0.19562169909477234
        ],
        [
          -0.19537703692913055,
          -0.00978104304522276,
          0.980679452419281
        ],
        [
          -0.05000000447034836,
          0.9987492561340332,
          -4.365671557593487e-08
        ]
      ],
      "width": 0.06619096547365189,
      "height": 0.019999999552965164,
      "depth": 0.029999999329447746,
      "object_id": -1,
      "frame": "RealSense D455 aligned color camera frame",
      "rank": 38,
      "distance_to_object_center": 0.012912508324283643
    },
    {
      "score": 0.23217490315437317,
      "translation_camera": [
        -0.06391805410385132,
        0.01743374951183796,
        0.31800001859664917
      ],
      "rotation_matrix_camera": [
        [
          -0.3535899221897125,
          -0.09390044957399368,
          -0.9306755065917969
        ],
        [
          -0.8994978666305542,
          -0.23887336254119873,
          0.36584576964378357
        ],
        [
          -0.2566666603088379,
          0.9664999842643738,
          -4.224705563160569e-08
        ]
      ],
      "width": 0.06994333118200302,
      "height": 0.019999999552965164,
      "depth": 0.019999999552965164,
      "object_id": -1,
      "frame": "RealSense D455 aligned color camera frame",
      "rank": 39,
      "distance_to_object_center": 0.020355834137394422
    },
    {
      "score": 0.23144930601119995,
      "translation_camera": [
        -0.02937304601073265,
        0.017981979995965958,
        0.328000009059906
      ],
      "rotation_matrix_camera": [
        [
          -0.9794528484344482,
          -0.049033984541893005,
          -0.19562169909477234
        ],
        [
          -0.19537703692913055,
          -0.00978104304522276,
          0.980679452419281
        ],
        [
          -0.05000000447034836,
          0.9987492561340332,
          -4.365671557593487e-08
        ]
      ],
      "width": 0.06794445961713791,
      "height": 0.019999999552965164,
      "depth": 0.029999999329447746,
      "object_id": -1,
      "frame": "RealSense D455 aligned color camera frame",
      "rank": 40,
      "distance_to_object_center": 0.018400277675146185
    },
    {
      "score": 0.23090259730815887,
      "translation_camera": [
        -0.03405333682894707,
        0.01524053793400526,
        0.3240000307559967
      ],
      "rotation_matrix_camera": [
        [
          -0.9794528484344482,
          -0.049033984541893005,
          -0.19562169909477234
        ],
        [
          -0.19537703692913055,
          -0.00978104304522276,
          0.980679452419281
        ],
        [
          -0.05000000447034836,
          0.9987492561340332,
          -4.365671557593487e-08
        ]
      ],
      "width": 0.06728970259428024,
      "height": 0.019999999552965164,
      "depth": 0.029999999329447746,
      "object_id": -1,
      "frame": "RealSense D455 aligned color camera frame",
      "rank": 41,
      "distance_to_object_center": 0.01340774740588887
    },
    {
      "score": 0.23017796874046326,
      "translation_camera": [
        -0.025428835302591324,
        0.01733979769051075,
        0.3320000171661377
      ],
      "rotation_matrix_camera": [
        [
          -0.9794528484344482,
          -0.049033984541893005,
          -0.19562169909477234
        ],
        [
          -0.19537703692913055,
          -0.00978104304522276,
          0.980679452419281
        ],
        [
          -0.05000000447034836,
          0.9987492561340332,
          -4.365671557593487e-08
        ]
      ],
      "width": 0.06573642790317535,
      "height": 0.019999999552965164,
      "depth": 0.019999999552965164,
      "object_id": -1,
      "frame": "RealSense D455 aligned color camera frame",
      "rank": 42,
      "distance_to_object_center": 0.022502025390398195
    },
    {
      "score": 0.22815579175949097,
      "translation_camera": [
        -0.05450689420104027,
        0.018964020535349846,
        0.3160000145435333
      ],
      "rotation_matrix_camera": [
        [
          -0.44123926758766174,
          -0.013243177905678749,
          -0.8972917795181274
        ],
        [
          -0.8968878984451294,
          -0.02691873349249363,
          0.4414379596710205
        ],
        [
          -0.029999999329447746,
          0.9995498657226562,
          -4.369171335838473e-08
        ]
      ],
      "width": 0.06814692914485931,
      "height": 0.019999999552965164,
      "depth": 0.019999999552965164,
      "object_id": -1,
      "frame": "RealSense D455 aligned color camera frame",
      "rank": 43,
      "distance_to_object_center": 0.015403959935429139
    },
    {
      "score": 0.22801971435546875,
      "translation_camera": [
        -0.0301310196518898,
        0.012836148962378502,
        0.3270000219345093
      ],
      "rotation_matrix_camera": [
        [
          -0.9794528484344482,
          -0.049033984541893005,
          -0.19562169909477234
        ],
        [
          -0.19537703692913055,
          -0.00978104304522276,
          0.980679452419281
        ],
        [
          -0.05000000447034836,
          0.9987492561340332,
          -4.365671557593487e-08
        ]
      ],
      "width": 0.06844058632850647,
      "height": 0.019999999552965164,
      "depth": 0.029999999329447746,
      "object_id": -1,
      "frame": "RealSense D455 aligned color camera frame",
      "rank": 44,
      "distance_to_object_center": 0.016523609924956058
    },
    {
      "score": 0.22796505689620972,
      "translation_camera": [
        -0.05550099536776543,
        0.02066914178431034,
        0.31700003147125244
      ],
      "rotation_matrix_camera": [
        [
          -0.44123926758766174,
          -0.013243177905678749,
          -0.8972917795181274
        ],
        [
          -0.8968878984451294,
          -0.02691873349249363,
          0.4414379596710205
        ],
        [
          -0.029999999329447746,
          0.9995498657226562,
          -4.369171335838473e-08
        ]
      ],
      "width": 0.06728183478116989,
      "height": 0.019999999552965164,
      "depth": 0.019999999552965164,
      "object_id": -1,
      "frame": "RealSense D455 aligned color camera frame",
      "rank": 45,
      "distance_to_object_center": 0.016153001036125516
    },
    {
      "score": 0.2275635302066803,
      "translation_camera": [
        -0.02692279778420925,
        0.03275560215115547,
        0.3400000333786011
      ],
      "rotation_matrix_camera": [
        [
          0.6540746092796326,
          -0.6235225796699524,
          -0.42825937271118164
        ],
        [
          -0.309978187084198,
          0.2954989969730377,
          -0.9036558270454407
        ],
        [
          0.690000057220459,
          0.7238094210624695,
          -3.1638712982839934e-08
        ]
      ],
      "width": 0.06827302277088165,
      "height": 0.019999999552965164,
      "depth": 0.019999999552965164,
      "object_id": -1,
      "frame": "RealSense D455 aligned color camera frame",
      "rank": 46,
      "distance_to_object_center": 0.03167413984272804
    },
    {
      "score": 0.22755107283592224,
      "translation_camera": [
        -0.02442196011543274,
        0.032060857862234116,
        0.34200000762939453
      ],
      "rotation_matrix_camera": [
        [
          0.6540746092796326,
          -0.6235225796699524,
          -0.42825937271118164
        ],
        [
          -0.309978187084198,
          0.2954989969730377,
          -0.9036558270454407
        ],
        [
          0.690000057220459,
          0.7238094210624695,
          -3.1638712982839934e-08
        ]
      ],
      "width": 0.06848683208227158,
      "height": 0.019999999552965164,
      "depth": 0.019999999552965164,
      "object_id": -1,
      "frame": "RealSense D455 aligned color camera frame",
      "rank": 47,
      "distance_to_object_center": 0.0336910893956848
    },
    {
      "score": 0.22734972834587097,
      "translation_camera": [
        -0.036459702998399734,
        0.021898476406931877,
        0.3230000138282776
      ],
      "rotation_matrix_camera": [
