{
  "success": true,
  "method": "graspnet_baseline_d455",
  "num_candidates": 209,
  "object_center_camera": [
    -0.040160243214632955,
    -0.023544810660365234,
    0.3800000250339508
  ],
  "candidates": [
    {
      "score": 0.3348706364631653,
      "translation_camera": [
        -0.04158934950828552,
        -0.025315947830677032,
        0.37700003385543823
      ],
      "rotation_matrix_camera": [
        [
          0.4980229139328003,
          -0.6140506863594055,
          -0.6123030185699463
        ],
        [
          -0.3856969475746155,
          0.47555533051490784,
          -0.790623128414154
        ],
        [
          0.7766667008399963,
          0.6299118399620056,
          -2.7534321489497415e-08
        ]
      ],
      "width": 0.06749342381954193,
      "height": 0.019999999552965164,
      "depth": 0.019999999552965164,
      "object_id": -1,
      "frame": "RealSense D455 aligned color camera frame",
      "rank": 0,
      "distance_to_object_center": 0.003765530340572324
    },
    {
      "score": 0.3295300006866455,
      "translation_camera": [
        -0.036702439188957214,
        -0.025315947830677032,
        0.37700003385543823
      ],
      "rotation_matrix_camera": [
        [
          0.4980229139328003,
          -0.6140506863594055,
          -0.6123030185699463
        ],
        [
          -0.3856969475746155,
          0.47555533051490784,
          -0.790623128414154
        ],
        [
          0.7766667008399963,
          0.6299118399620056,
          -2.7534321489497415e-08
        ]
      ],
      "width": 0.06769245862960815,
      "height": 0.019999999552965164,
      "depth": 0.019999999552965164,
      "object_id": -1,
      "frame": "RealSense D455 aligned color camera frame",
      "rank": 1,
      "distance_to_object_center": 0.004908490870643716
    },
    {
      "score": 0.32758399844169617,
      "translation_camera": [
        -0.027071477845311165,
        -0.05987973138689995,
        0.3790000379085541
      ],
      "rotation_matrix_camera": [
        [
          -0.6358653903007507,
          0.7673709392547607,
          -0.08256512880325317
        ],
        [
          -0.05268014967441559,
          0.06357516348361969,
          0.9965856671333313
        ],
        [
          0.7699999809265137,
          0.6380438804626465,
          -2.788978292755928e-08
        ]
      ],
      "width": 0.059935063123703,
      "height": 0.019999999552965164,
      "depth": 0.029999999329447746,
      "object_id": -1,
      "frame": "RealSense D455 aligned color camera frame",
      "rank": 2,
      "distance_to_object_center": 0.03863343393160487
    },
    {
      "score": 0.3251524269580841,
      "translation_camera": [
        -0.02895999699831009,
        -0.060702838003635406,
        0.37800002098083496
      ],
      "rotation_matrix_camera": [
        [
          -0.6358653903007507,
          0.7673709392547607,
          -0.08256512880325317
        ],
        [
          -0.05268014967441559,
          0.06357516348361969,
          0.9965856671333313
        ],
        [
          0.7699999809265137,
          0.6380438804626465,
          -2.788978292755928e-08
        ]
      ],
      "width": 0.06068174168467522,
      "height": 0.019999999552965164,
      "depth": 0.029999999329447746,
      "object_id": -1,
      "frame": "RealSense D455 aligned color camera frame",
      "rank": 3,
      "distance_to_object_center": 0.038860835394545344
    },
    {
      "score": 0.3193557560443878,
      "translation_camera": [
        -0.027071477845311165,
        -0.06283082813024521,
        0.3790000379085541
      ],
      "rotation_matrix_camera": [
        [
          -0.6358653903007507,
          0.7673709392547607,
          -0.08256512880325317
        ],
        [
          -0.05268014967441559,
          0.06357516348361969,
          0.9965856671333313
        ],
        [
          0.7699999809265137,
          0.6380438804626465,
          -2.788978292755928e-08
        ]
      ],
      "width": 0.06340287625789642,
      "height": 0.019999999552965164,
      "depth": 0.029999999329447746,
      "object_id": -1,
      "frame": "RealSense D455 aligned color camera frame",
      "rank": 4,
      "distance_to_object_center": 0.04142109271600438
    },
    {
      "score": 0.30774471163749695,
      "translation_camera": [
        -0.025238830596208572,
        -0.06316238641738892,
        0.38100001215934753
      ],
      "rotation_matrix_camera": [
        [
          -0.6358653903007507,
          0.7673709392547607,
          -0.08256512880325317
        ],
        [
          -0.05268014967441559,
          0.06357516348361969,
          0.9965856671333313
        ],
        [
          0.7699999809265137,
          0.6380438804626465,
          -2.788978292755928e-08
        ]
      ],
      "width": 0.06322934478521347,
      "height": 0.019999999552965164,
      "depth": 0.029999999329447746,
      "object_id": -1,
      "frame": "RealSense D455 aligned color camera frame",
      "rank": 5,
      "distance_to_object_center": 0.04234620216316623
    },
    {
      "score": 0.30110302567481995,
      "translation_camera": [
        -0.023263325914740562,
        -0.060195714235305786,
        0.38100001215934753
      ],
      "rotation_matrix_camera": [
        [
          -0.6358653903007507,
          0.7673709392547607,
          -0.08256512880325317
        ],
        [
          -0.05268014967441559,
          0.06357516348361969,
          0.9965856671333313
        ],
        [
          0.7699999809265137,
          0.6380438804626465,
          -2.788978292755928e-08
        ]
      ],
      "width": 0.06251548230648041,
      "height": 0.019999999552965164,
      "depth": 0.029999999329447746,
      "object_id": -1,
      "frame": "RealSense D455 aligned color camera frame",
      "rank": 6,
      "distance_to_object_center": 0.0403707136591608
    },
    {
      "score": 0.29639628529548645,
      "translation_camera": [
        -0.03483984246850014,
        -0.026364201679825783,
        0.37800002098083496
      ],
      "rotation_matrix_camera": [
        [
          0.4980229139328003,
          -0.6140506863594055,
          -0.6123030185699463
        ],
        [
          -0.3856969475746155,
          0.47555533051490784,
          -0.790623128414154
        ],
        [
          0.7766667008399963,
          0.6299118399620056,
          -2.7534321489497415e-08
        ]
      ],
      "width": 0.06882800906896591,
      "height": 0.019999999552965164,
      "depth": 0.019999999552965164,
      "object_id": -1,
      "frame": "RealSense D455 aligned color camera frame",
      "rank": 7,
      "distance_to_object_center": 0.006344733724321711
    },
    {
      "score": 0.29322418570518494,
      "translation_camera": [
        -0.028054045513272285,
        -0.05791233107447624,
        0.3790000379085541
      ],
      "rotation_matrix_camera": [
        [
          -0.6358653903007507,
          0.7673709392547607,
          -0.08256512880325317
        ],
        [
          -0.05268014967441559,
          0.06357516348361969,
          0.9965856671333313
        ],
        [
          0.7699999809265137,
          0.6380438804626465,
          -2.788978292755928e-08
        ]
      ],
      "width": 0.060124631971120834,
      "height": 0.019999999552965164,
      "depth": 0.029999999329447746,
      "object_id": -1,
      "frame": "RealSense D455 aligned color camera frame",
      "rank": 8,
      "distance_to_object_center": 0.03645115164778373
    },
    {
      "score": 0.2895916700363159,
      "translation_camera": [
        -0.0396345853805542,
        -0.02629445679485798,
        0.37700003385543823
      ],
      "rotation_matrix_camera": [
        [
          0.4980229139328003,
          -0.6140506863594055,
          -0.6123030185699463
        ],
        [
          -0.3856969475746155,
          0.47555533051490784,
          -0.790623128414154
        ],
        [
          0.7766667008399963,
          0.6299118399620056,
          -2.7534321489497415e-08
        ]
      ],
      "width": 0.06770630180835724,
      "height": 0.019999999552965164,
      "depth": 0.019999999552965164,
      "object_id": -1,
      "frame": "RealSense D455 aligned color camera frame",
      "rank": 9,
      "distance_to_object_center": 0.004103269074117919
    },
    {
      "score": 0.28723493218421936,
      "translation_camera": [
        -0.0396345853805542,
        -0.02335893176496029,
        0.37700003385543823
      ],
      "rotation_matrix_camera": [
        [
          0.4980229139328003,
          -0.6140506863594055,
          -0.6123030185699463
        ],
        [
          -0.3856969475746155,
          0.47555533051490784,
          -0.790623128414154
        ],
        [
          0.7766667008399963,
          0.6299118399620056,
          -2.7534321489497415e-08
        ]
      ],
      "width": 0.06765574216842651,
      "height": 0.019999999552965164,
      "depth": 0.019999999552965164,
      "object_id": -1,
      "frame": "RealSense D455 aligned color camera frame",
      "rank": 10,
      "distance_to_object_center": 0.003051362678122447
    },
    {
      "score": 0.2868262231349945,
      "translation_camera": [
        -0.022334041073918343,
        -0.058370739221572876,
        0.38200002908706665
      ],
      "rotation_matrix_camera": [
        [
          -0.6358653903007507,
          0.7673709392547607,
          -0.08256512880325317
        ],
        [
          -0.05268014967441559,
          0.06357516348361969,
          0.9965856671333313
        ],
        [
          0.7699999809265137,
          0.6380438804626465,
          -2.788978292755928e-08
        ]
      ],
      "width": 0.06342882663011551,
      "height": 0.019999999552965164,
      "depth": 0.029999999329447746,
      "object_id": -1,
      "frame": "RealSense D455 aligned color camera frame",
      "rank": 11,
      "distance_to_object_center": 0.039174210893449225
    },
    {
      "score": 0.2834174335002899,
      "translation_camera": [
        -0.025238830596208572,
        -0.057229042053222656,
        0.38100001215934753
      ],
      "rotation_matrix_camera": [
        [
          -0.6358653903007507,
          0.7673709392547607,
          -0.08256512880325317
        ],
        [
          -0.05268014967441559,
          0.06357516348361969,
          0.9965856671333313
        ],
        [
          0.7699999809265137,
          0.6380438804626465,
          -2.788978292755928e-08
        ]
      ],
      "width": 0.06037355586886406,
      "height": 0.019999999552965164,
      "depth": 0.029999999329447746,
      "object_id": -1,
      "frame": "RealSense D455 aligned color camera frame",
      "rank": 12,
      "distance_to_object_center": 0.036854795797939176
    },
    {
      "score": 0.2817091643810272,
      "translation_camera": [
        -0.030838148668408394,
        -0.0624992661178112,
        0.37700003385543823
      ],
      "rotation_matrix_camera": [
        [
          -0.6358653903007507,
          0.7673709392547607,
          -0.08256512880325317
        ],
        [
          -0.05268014967441559,
          0.06357516348361969,
          0.9965856671333313
        ],
        [
          0.7699999809265137,
          0.6380438804626465,
          -2.788978292755928e-08
        ]
      ],
      "width": 0.06300655752420425,
      "height": 0.019999999552965164,
      "depth": 0.029999999329447746,
      "object_id": -1,
      "frame": "RealSense D455 aligned color camera frame",
      "rank": 13,
      "distance_to_object_center": 0.04016654072466342
    },
    {
      "score": 0.2809807062149048,
      "translation_camera": [
        -0.022392505779862404,
        -0.06448803097009659,
        0.3830000162124634
      ],
      "rotation_matrix_camera": [
        [
          -0.6358653903007507,
          0.31218189001083374,
          -0.7058453559875488
        ],
        [
          -0.05268014967441559,
          0.8948561549186707,
          0.44323500990867615
        ],
        [
          0.7699999809265137,
          0.3190218508243561,
          -0.5525622963905334
        ]
      ],
      "width": 0.0811513364315033,
      "height": 0.019999999552965164,
      "depth": 0.029999999329447746,
      "object_id": -1,
      "frame": "RealSense D455 aligned color camera frame",
      "rank": 14,
      "distance_to_object_center": 0.044732982573860394
    },
    {
      "score": 0.28040558099746704,
      "translation_camera": [
        -0.020406631752848625,
        -0.05752945691347122,
        0.3830000162124634
      ],
      "rotation_matrix_camera": [
        [
          -0.6358653903007507,
          0.7673709392547607,
          -0.08256512880325317
        ],
        [
          -0.05268014967441559,
          0.06357516348361969,
          0.9965856671333313
        ],
        [
          0.7699999809265137,
          0.6380438804626465,
          -2.788978292755928e-08
        ]
      ],
      "width": 0.06688045710325241,
      "height": 0.019999999552965164,
      "depth": 0.029999999329447746,
      "object_id": -1,
      "frame": "RealSense D455 aligned color camera frame",
      "rank": 15,
      "distance_to_object_center": 0.0394228524310842
    },
    {
      "score": 0.27813273668289185,
      "translation_camera": [
        -0.032879896461963654,
        -0.029307512566447258,
        0.37800002098083496
      ],
      "rotation_matrix_camera": [
        [
          0.4980229139328003,
          -0.6140506863594055,
          -0.6123030185699463
        ],
        [
          -0.3856969475746155,
          0.47555533051490784,
          -0.790623128414154
        ],
        [
          0.7766667008399963,
          0.6299118399620056,
          -2.7534321489497415e-08
        ]
      ],
      "width": 0.06934421509504318,
      "height": 0.019999999552965164,
      "depth": 0.019999999552965164,
      "object_id": -1,
      "frame": "RealSense D455 aligned color camera frame",
      "rank": 16,
      "distance_to_object_center": 0.009498010228987103
    },
    {
      "score": 0.2781033217906952,
      "translation_camera": [
        -0.020406631752848625,
        -0.06051170080900192,
        0.3830000162124634
      ],
      "rotation_matrix_camera": [
        [
          -0.6358653903007507,
          0.7673709392547607,
          -0.08256512880325317
        ],
        [
          -0.05268014967441559,
          0.06357516348361969,
          0.9965856671333313
        ],
        [
          0.7699999809265137,
          0.6380438804626465,
          -2.788978292755928e-08
        ]
      ],
      "width": 0.06332170218229294,
      "height": 0.019999999552965164,
      "depth": 0.029999999329447746,
      "object_id": -1,
      "frame": "RealSense D455 aligned color camera frame",
      "rank": 17,
      "distance_to_object_center": 0.04202090051528719
    },
    {
      "score": 0.2700764834880829,
      "translation_camera": [
        -0.031001746654510498,
        -0.030368747189641,
        0.3790000379085541
      ],
      "rotation_matrix_camera": [
        [
          0.4980229139328003,
          -0.6140506863594055,
          -0.6123030185699463
        ],
        [
          -0.3856969475746155,
          0.47555533051490784,
          -0.790623128414154
        ],
        [
          0.7766667008399963,
          0.6299118399620056,
          -2.7534321489497415e-08
        ]
      ],
      "width": 0.07044490426778793,
      "height": 0.019999999552965164,
      "depth": 0.019999999552965164,
      "object_id": -1,
      "frame": "RealSense D455 aligned color camera frame",
      "rank": 18,
      "distance_to_object_center": 0.011464909212388831
    },
    {
      "score": 0.267442911863327,
      "translation_camera": [
        -0.022334041073918343,
        -0.05539628118276596,
        0.38200002908706665
      ],
      "rotation_matrix_camera": [
        [
          -0.6358653903007507,
          0.7673709392547607,
          -0.08256512880325317
        ],
        [
          -0.05268014967441559,
          0.06357516348361969,
          0.9965856671333313
        ],
        [
          0.7699999809265137,
          0.6380438804626465,
          -2.788978292755928e-08
        ]
      ],
      "width": 0.06585647910833359,
      "height": 0.019999999552965164,
      "depth": 0.029999999329447746,
      "object_id": -1,
      "frame": "RealSense D455 aligned color camera frame",
      "rank": 19,
      "distance_to_object_center": 0.03655529610622051
    },
    {
      "score": 0.26565250754356384,
      "translation_camera": [
        -0.019413694739341736,
        -0.053553130477666855,
        0.3830000162124634
      ],
      "rotation_matrix_camera": [
        [
          -0.6358653903007507,
          0.7673709392547607,
          -0.08256512880325317
        ],
        [
          -0.05268014967441559,
          0.06357516348361969,
          0.9965856671333313
        ],
        [
          0.7699999809265137,
          0.6380438804626465,
          -2.788978292755928e-08
        ]
      ],
      "width": 0.0682026669383049,
      "height": 0.019999999552965164,
      "depth": 0.029999999329447746,
      "object_id": -1,
      "frame": "RealSense D455 aligned color camera frame",
      "rank": 20,
      "distance_to_object_center": 0.03660489692604282
    },
    {
      "score": 0.2602546215057373,
      "translation_camera": [
        -0.024251077324151993,
        -0.055251263082027435,
        0.38100001215934753
      ],
      "rotation_matrix_camera": [
        [
          -0.6358653903007507,
          0.7673709392547607,
          -0.08256512880325317
        ],
        [
          -0.05268014967441559,
          0.06357516348361969,
          0.9965856671333313
        ],
        [
          0.7699999809265137,
          0.6380438804626465,
          -2.788978292755928e-08
        ]
      ],
      "width": 0.06254316121339798,
      "height": 0.019999999552965164,
      "depth": 0.029999999329447746,
      "object_id": -1,
      "frame": "RealSense D455 aligned color camera frame",
      "rank": 21,
      "distance_to_object_center": 0.035488035430958006
    },
    {
      "score": 0.2560568153858185,
      "translation_camera": [
        -0.020406631752848625,
        -0.05156496912240982,
        0.3830000162124634
      ],
      "rotation_matrix_camera": [
        [
          -0.6358653903007507,
          0.7673709392547607,
          -0.08256512880325317
        ],
        [
          -0.05268014967441559,
          0.06357516348361969,
          0.9965856671333313
        ],
        [
          0.7699999809265137,
          0.6380438804626465,
          -2.788978292755928e-08
        ]
      ],
      "width": 0.06646184623241425,
      "height": 0.019999999552965164,
      "depth": 0.029999999329447746,
      "object_id": -1,
      "frame": "RealSense D455 aligned color camera frame",
      "rank": 22,
      "distance_to_object_center": 0.03441415977606281
    },
    {
      "score": 0.25598448514938354,
      "translation_camera": [
        -0.021343696862459183,
        -0.053413309156894684,
        0.38200002908706665
      ],
      "rotation_matrix_camera": [
        [
          -0.6358653903007507,
          0.7673709392547607,
          -0.08256512880325317
        ],
        [
          -0.05268014967441559,
          0.06357516348361969,
          0.9965856671333313
        ],
        [
          0.7699999809265137,
          0.6380438804626465,
          -2.788978292755928e-08
        ]
      ],
      "width": 0.06654172390699387,
      "height": 0.019999999552965164,
      "depth": 0.029999999329447746,
      "object_id": -1,
      "frame": "RealSense D455 aligned color camera frame",
      "rank": 23,
      "distance_to_object_center": 0.03535802080537266
    },
    {
      "score": 0.24498990178108215,
      "translation_camera": [
        -0.023324385285377502,
        -0.052421823143959045,
        0.38200002908706665
      ],
      "rotation_matrix_camera": [
        [
          -0.6358653903007507,
          0.7673709392547607,
          -0.08256512880325317
        ],
        [
          -0.05268014967441559,
          0.06357516348361969,
          0.9965856671333313
        ],
        [
          0.7699999809265137,
          0.6380438804626465,
          -2.788978292755928e-08
        ]
      ],
      "width": 0.06565596163272858,
      "height": 0.019999999552965164,
      "depth": 0.029999999329447746,
      "object_id": -1,
      "frame": "RealSense D455 aligned color camera frame",
      "rank": 24,
      "distance_to_object_center": 0.03348623565592565
    },
    {
      "score": 0.24374619126319885,
      "translation_camera": [
        -0.025238830596208572,
        -0.053273480385541916,
        0.38100001215934753
      ],
      "rotation_matrix_camera": [
        [
          -0.6358653903007507,
          0.7673709392547607,
          -0.08256512880325317
        ],
        [
          -0.05268014967441559,
          0.06357516348361969,
          0.9965856671333313
        ],
        [
          0.7699999809265137,
          0.6380438804626465,
          -2.788978292755928e-08
        ]
      ],
      "width": 0.06450748443603516,
      "height": 0.019999999552965164,
      "depth": 0.029999999329447746,
      "object_id": -1,
      "frame": "RealSense D455 aligned color camera frame",
      "rank": 25,
      "distance_to_object_center": 0.033278256150358454
    },
    {
      "score": 0.24307703971862793,
      "translation_camera": [
        -0.027142906561493874,
        -0.05510624870657921,
        0.3800000250339508
      ],
      "rotation_matrix_camera": [
        [
          -0.6358653903007507,
          0.7673709392547607,
          -0.08256512880325317
        ],
        [
          -0.05268014967441559,
          0.06357516348361969,
          0.9965856671333313
        ],
        [
          0.7699999809265137,
          0.6380438804626465,
          -2.788978292755928e-08
        ]
      ],
      "width": 0.061215754598379135,
      "height": 0.019999999552965164,
      "depth": 0.029999999329447746,
      "object_id": -1,
      "frame": "RealSense D455 aligned color camera frame",
      "rank": 26,
      "distance_to_object_center": 0.0341405246750275
    },
    {
      "score": 0.2430381029844284,
      "translation_camera": [
        -0.02895999699831009,
        -0.05579731613397598,
        0.37800002098083496
      ],
      "rotation_matrix_camera": [
        [
          -0.6358653903007507,
          0.7673709392547607,
          -0.08256512880325317
        ],
        [
          -0.05268014967441559,
          0.06357516348361969,
          0.9965856671333313
        ],
        [
          0.7699999809265137,
          0.6380438804626465,
          -2.788978292755928e-08
        ]
      ],
      "width": 0.06047869846224785,
      "height": 0.019999999552965164,
      "depth": 0.029999999329447746,
      "object_id": -1,
      "frame": "RealSense D455 aligned color camera frame",
      "rank": 27,
      "distance_to_object_center": 0.03420043334292748
    },
    {
      "score": 0.23277437686920166,
      "translation_camera": [
        -0.022334041073918343,
        -0.05043885111808777,
        0.38200002908706665
      ],
      "rotation_matrix_camera": [
        [
          -0.6358653903007507,
          0.7673709392547607,
          -0.08256512880325317
        ],
        [
          -0.05268014967441559,
          0.06357516348361969,
          0.9965856671333313
        ],
        [
          0.7699999809265137,
          0.6380438804626465,
          -2.788978292755928e-08
        ]
      ],
      "width": 0.0657075047492981,
      "height": 0.019999999552965164,
      "depth": 0.029999999329447746,
      "object_id": -1,
      "frame": "RealSense D455 aligned color camera frame",
      "rank": 28,
      "distance_to_object_center": 0.03232743279500732
    },
    {
      "score": 0.22914496064186096,
      "translation_camera": [
        -0.03377029299736023,
        -0.044886115938425064,
        0.37700003385543823
      ],
      "rotation_matrix_camera": [
        [
          -0.6358653903007507,
          0.7673709392547607,
          -0.08256512880325317
        ],
        [
          -0.05268014967441559,
          0.06357516348361969,
          0.9965856671333313
        ],
        [
          0.7699999809265137,
          0.6380438804626465,
          -2.788978292755928e-08
        ]
      ],
      "width": 0.06456127017736435,
      "height": 0.019999999552965164,
      "depth": 0.029999999329447746,
      "object_id": -1,
      "frame": "RealSense D455 aligned color camera frame",
      "rank": 29,
      "distance_to_object_center": 0.022478494652038456
    },
    {
      "score": 0.22664472460746765,
      "translation_camera": [
        -0.028054045513272285,
        -0.052993834018707275,
        0.3790000379085541
      ],
      "rotation_matrix_camera": [
        [
          -0.6358653903007507,
          0.7673709392547607,
          -0.08256512880325317
        ],
        [
          -0.05268014967441559,
          0.06357516348361969,
          0.9965856671333313
        ],
        [
          0.7699999809265137,
          0.6380438804626465,
          -2.788978292755928e-08
        ]
      ],
      "width": 0.06450213491916656,
      "height": 0.019999999552965164,
      "depth": 0.029999999329447746,
      "object_id": -1,
      "frame": "RealSense D455 aligned color camera frame",
      "rank": 30,
      "distance_to_object_center": 0.03185600373235106
    },
    {
      "score": 0.22571241855621338,
      "translation_camera": [
        -0.02993997186422348,
        -0.05089179798960686,
        0.37800002098083496
      ],
      "rotation_matrix_camera": [
        [
          -0.6358653903007507,
          0.7673709392547607,
          -0.08256512880325317
        ],
        [
          -0.05268014967441559,
          0.06357516348361969,
          0.9965856671333313
        ],
        [
          0.7699999809265137,
          0.6380438804626465,
          -2.788978292755928e-08
        ]
      ],
      "width": 0.06829043477773666,
      "height": 0.019999999552965164,
      "depth": 0.029999999329447746,
      "object_id": -1,
      "frame": "RealSense D455 aligned color camera frame",
      "rank": 31,
      "distance_to_object_center": 0.0292628036707726
    },
    {
      "score": 0.22079245746135712,
      "translation_camera": [
        -0.02993997186422348,
        -0.05383510887622833,
        0.37800002098083496
      ],
      "rotation_matrix_camera": [
        [
          -0.6358653903007507,
          0.7673709392547607,
          -0.08256512880325317
        ],
        [
          -0.05268014967441559,
          0.06357516348361969,
          0.9965856671333313
        ],
        [
          0.7699999809265137,
          0.6380438804626465,
          -2.788978292755928e-08
        ]
      ],
      "width": 0.06390715390443802,
      "height": 0.019999999552965164,
      "depth": 0.029999999329447746,
      "object_id": -1,
      "frame": "RealSense D455 aligned color camera frame",
      "rank": 32,
      "distance_to_object_center": 0.03203054992806711
    },
    {
      "score": 0.21415331959724426,
      "translation_camera": [
        -0.03091994673013687,
        -0.05677841976284981,
        0.37800002098083496
      ],
      "rotation_matrix_camera": [
        [
          0.6540746092796326,
          -0.6235225796699524,
          -0.42825937271118164
        ],
        [
          -0.309978187084198,
          0.2954989969730377,
          -0.9036558270454407
        ],
        [
          0.690000057220459,
          0.7238094210624695,
          -3.1638712982839934e-08
        ]
      ],
      "width": 0.06424985080957413,
      "height": 0.019999999552965164,
      "depth": 0.019999999552965164,
      "object_id": -1,
      "frame": "RealSense D455 aligned color camera frame",
      "rank": 33,
      "distance_to_object_center": 0.03455221945563868
    },
    {
      "score": 0.21391898393630981,
      "translation_camera": [
        -0.01846885494887829,
        -0.07761320471763611,
        0.3840000331401825
      ],
      "rotation_matrix_camera": [
        [
          -0.6358653903007507,
          0.11885833740234375,
          -0.7625928521156311
        ],
        [
          -0.05268014967441559,
          0.9790823459625244,
          0.19652634859085083
        ],
        [
          0.7699999809265137,
          0.16513781249523163,
          -0.6163030862808228
        ]
      ],
      "width": 0.08410843461751938,
      "height": 0.019999999552965164,
      "depth": 0.029999999329447746,
      "object_id": -1,
      "frame": "RealSense D455 aligned color camera frame",
      "rank": 34,
      "distance_to_object_center": 0.05839441433628702
    },
    {
      "score": 0.2034645676612854,
      "translation_camera": [
        -0.025238830596208572,
        -0.048329029232263565,
        0.38100001215934753
      ],
      "rotation_matrix_camera": [
        [
          -0.6358653903007507,
          0.7673709392547607,
          -0.08256512880325317
        ],
        [
          -0.05268014967441559,
          0.06357516348361969,
          0.9965856671333313
        ],
        [
          0.7699999809265137,
          0.6380438804626465,
          -2.788978292755928e-08
        ]
      ],
      "width": 0.06723569333553314,
      "height": 0.019999999552965164,
      "depth": 0.029999999329447746,
      "object_id": -1,
      "frame": "RealSense D455 aligned color camera frame",
      "rank": 35,
      "distance_to_object_center": 0.028946606346856342
    },
    {
      "score": 0.2003253996372223,
      "translation_camera": [
        -0.01951507292687893,
        -0.0498356930911541,
        0.3850000202655792
      ],
      "rotation_matrix_camera": [
        [
          -0.6358653903007507,
          0.7673709392547607,
          -0.08256512880325317
        ],
        [
          -0.05268014967441559,
          0.06357516348361969,
          0.9965856671333313
        ],
        [
          0.7699999809265137,
          0.6380438804626465,
          -2.788978292755928e-08
        ]
      ],
      "width": 0.06535384058952332,
      "height": 0.019999999552965164,
      "depth": 0.029999999329447746,
      "object_id": -1,
      "frame": "RealSense D455 aligned color camera frame",
      "rank": 36,
      "distance_to_object_center": 0.033799903957204246
    },
    {
      "score": 0.19008669257164001,
      "translation_camera": [
        -0.011410301551222801,
        0.039682213217020035,
        0.38100001215934753
      ],
      "rotation_matrix_camera": [
        [
          0.8544597029685974,
          0.03706137463450432,
          -0.5181940793991089
        ],
        [
          -0.517707347869873,
          -0.022455113008618355,
          -0.8552629947662354
        ],
        [
          -0.04333333298563957,
          0.9990606307983398,
          -4.367032602203835e-08
        ]
      ],
      "width": 0.05312729254364967,
      "height": 0.019999999552965164,
      "depth": 0.029999999329447746,
      "object_id": -1,
      "frame": "RealSense D455 aligned color camera frame",
      "rank": 37,
      "distance_to_object_center": 0.06946377234423634
    },
    {
      "score": 0.18853342533111572,
      "translation_camera": [
        -0.020459914579987526,
        -0.04771289974451065,
        0.3840000331401825
      ],
      "rotation_matrix_camera": [
        [
          -0.6358653903007507,
          0.7673709392547607,
          -0.08256512880325317
        ],
        [
          -0.05268014967441559,
          0.06357516348361969,
          0.9965856671333313
        ],
        [
          0.7699999809265137,
          0.6380438804626465,
          -2.788978292755928e-08
        ]
      ],
      "width": 0.06448627263307571,
      "height": 0.019999999552965164,
      "depth": 0.019999999552965164,
      "object_id": -1,
      "frame": "RealSense D455 aligned color camera frame",
      "rank": 38,
      "distance_to_object_center": 0.03143564128727357
    },
    {
      "score": 0.18681436777114868,
      "translation_camera": [
        -0.022392505779862404,
        -0.047588642686605453,
        0.3830000162124634
      ],
      "rotation_matrix_camera": [
        [
          -0.6358653903007507,
          0.7673709392547607,
          -0.08256512880325317
        ],
        [
          -0.05268014967441559,
          0.06357516348361969,
          0.9965856671333313
        ],
        [
          0.7699999809265137,
          0.6380438804626465,
          -2.788978292755928e-08
        ]
      ],
      "width": 0.0662727952003479,
      "height": 0.019999999552965164,
      "depth": 0.029999999329447746,
      "object_id": -1,
      "frame": "RealSense D455 aligned color camera frame",
      "rank": 39,
      "distance_to_object_center": 0.030046602122838367
    },
    {
      "score": 0.17810343205928802,
      "translation_camera": [
        -0.026088912039995193,
        -0.06578192859888077,
        0.3790000379085541
      ],
      "rotation_matrix_camera": [
        [
          -0.9794528484344482,
          -0.049033984541893005,
          -0.19562169909477234
        ],
        [
          -0.19537703692913055,
          -0.00978104304522276,
          0.980679452419281
        ],
        [
          -0.05000000447034836,
          0.9987492561340332,
          -4.365671557593487e-08
        ]
      ],
      "width": 0.04456512629985809,
      "height": 0.019999999552965164,
      "depth": 0.019999999552965164,
      "object_id": -1,
      "frame": "RealSense D455 aligned color camera frame",
      "rank": 40,
      "distance_to_object_center": 0.04453062392364789
    },
    {
      "score": 0.1728251576423645,
      "translation_camera": [
        -0.024251077324151993,
        -0.06612905859947205,
        0.38100001215934753
      ],
      "rotation_matrix_camera": [
        [
          -0.9794528484344482,
          -0.049033984541893005,
          -0.19562169909477234
        ],
        [
          -0.19537703692913055,
          -0.00978104304522276,
          0.980679452419281
        ],
        [
          -0.05000000447034836,
          0.9987492561340332,
          -4.365671557593487e-08
        ]
      ],
      "width": 0.05291702598333359,
      "height": 0.019999999552965164,
      "depth": 0.029999999329447746,
      "object_id": -1,
      "frame": "RealSense D455 aligned color camera frame",
      "rank": 41,
      "distance_to_object_center": 0.04546998687179407
    },
    {
      "score": 0.16424371302127838,
      "translation_camera": [
        -0.022392505779862404,
        -0.06945843249559402,
        0.3830000162124634
      ],
      "rotation_matrix_camera": [
        [
          -0.9794528484344482,
          -0.049033984541893005,
          -0.19562169909477234
        ],
        [
          -0.19537703692913055,
          -0.00978104304522276,
          0.980679452419281
        ],
        [
          -0.05000000447034836,
          0.9987492561340332,
          -4.365671557593487e-08
        ]
      ],
      "width": 0.05607166141271591,
      "height": 0.019999999552965164,
      "depth": 0.029999999329447746,
      "object_id": -1,
      "frame": "RealSense D455 aligned color camera frame",
      "rank": 42,
      "distance_to_object_center": 0.04932294710021389
    },
    {
      "score": 0.1601574420928955,
      "translation_camera": [
        -0.021455444395542145,
        -0.06764643639326096,
        0.3840000331401825
      ],
      "rotation_matrix_camera": [
        [
          -0.9794528484344482,
          -0.049033984541893005,
          -0.19562169909477234
        ],
        [
          -0.19537703692913055,
          -0.00978104304522276,
          0.980679452419281
        ],
        [
          -0.05000000447034836,
          0.9987492561340332,
          -4.365671557593487e-08
        ]
      ],
      "width": 0.05453743040561676,
      "height": 0.019999999552965164,
      "depth": 0.019999999552965164,
      "object_id": -1,
      "frame": "RealSense D455 aligned color camera frame",
      "rank": 43,
      "distance_to_object_center": 0.04807101991841852
    },
    {
      "score": 0.1583503782749176,
      "translation_camera": [
        -0.013280406594276428,
        0.042313069105148315,
        0.37800002098083496
      ],
      "rotation_matrix_camera": [
        [
          0.8544597029685974,
          0.03706137463450432,
          -0.5181940793991089
        ],
        [
          -0.517707347869873,
          -0.022455113008618355,
          -0.8552629947662354
        ],
        [
          -0.04333333298563957,
          0.9990606307983398,
          -4.367032602203835e-08
        ]
      ],
      "width": 0.05254005268216133,
      "height": 0.019999999552965164,
      "depth": 0.029999999329447746,
      "object_id": -1,
      "frame": "RealSense D455 aligned color camera frame",
      "rank": 44,
      "distance_to_object_center": 0.07116028358683218
    },
    {
      "score": 0.15664643049240112,
      "translation_camera": [
        -0.02993997186422348,
        -0.058740630745887756,
        0.37800002098083496
      ],
      "rotation_matrix_camera": [
        [
          0.6540746092796326,
          -0.6235225796699524,
          -0.42825937271118164
        ],
        [
          -0.309978187084198,
          0.2954989969730377,
          -0.9036558270454407
        ],
        [
          0.690000057220459,
          0.7238094210624695,
          -3.1638712982839934e-08
        ]
      ],
      "width": 0.0634738951921463,
      "height": 0.019999999552965164,
      "depth": 0.019999999552965164,
      "object_id": -1,
      "frame": "RealSense D455 aligned color camera frame",
      "rank": 45,
      "distance_to_object_center": 0.036704219296709625
    },
    {
      "score": 0.15468508005142212,
      "translation_camera": [
        -0.020459914579987526,
        -0.06963979452848434,
        0.3840000331401825
      ],
      "rotation_matrix_camera": [
        [
          -0.9794528484344482,
          -0.049033984541893005,
          -0.19562169909477234
        ],
        [
          -0.19537703692913055,
          -0.00978104304522276,
          0.980679452419281
        ],
        [
          -0.05000000447034836,
          0.9987492561340332,
          -4.365671557593487e-08
        ]
      ],
      "width": 0.05937046930193901,
      "height": 0.019999999552965164,
      "depth": 0.029999999329447746,
      "object_id": -1,
      "frame": "RealSense D455 aligned color camera frame",
      "rank": 46,
      "distance_to_object_center": 0.050287677923772846
    },
    {
      "score": 0.15435576438903809,
      "translation_camera": [
        -0.015240355394780636,
        0.040350861847400665,
        0.37800002098083496
      ],
      "rotation_matrix_camera": [
        [
          0.6509329080581665,
          0.2224152833223343,
          -0.7258221507072449
        ],
        [
          -0.6868346929550171,
          -0.23468251526355743,
          -0.6878824234008789
        ],
        [
          -0.3233333230018616,
          0.9462851285934448,
          -4.1363435343555466e-08
        ]
      ],
      "width": 0.05541709437966347,
      "height": 0.019999999552965164,
      "depth": 0.019999999552965164,
      "object_id": -1,
      "frame": "RealSense D455 aligned color camera frame",
      "rank": 47,
      "distance_to_object_center": 0.06861237344959126
    },
    {
      "score": 0.15284162759780884,
      "translation_camera": [
        -0.019464384764432907,
        -0.07262982428073883,
        0.3840000331401825
