{
  "success": true,
  "method": "graspnet_baseline_d455",
  "num_candidates": 293,
  "object_center_camera": [
    -0.139730716084983,
    -0.030629752448588846,
    0.36400002241134644
  ],
  "candidates": [
    {
      "score": 0.4469577670097351,
      "translation_camera": [
        -0.14262336492538452,
        0.03215443715453148,
        0.3630000352859497
      ],
      "rotation_matrix_camera": [
        [
          -0.1557886302471161,
          0.9057342410087585,
          0.39417678117752075
        ],
        [
          -0.33291125297546387,
          -0.4238460063934326,
          0.8423328399658203
        ],
        [
          0.9300000071525574,
          0.0,
          0.3675594925880432
        ]
      ],
      "width": 0.08483598381280899,
      "height": 0.019999999552965164,
      "depth": 0.029999999329447746,
      "object_id": -1,
      "frame": "RealSense D455 aligned color camera frame",
      "rank": 0,
      "distance_to_object_center": 0.06285874526018952
    },
    {
      "score": 0.3757942318916321,
      "translation_camera": [
        -0.14151661098003387,
        0.034226320683956146,
        0.36500000953674316
      ],
      "rotation_matrix_camera": [
        [
          -0.1557886302471161,
          0.9057342410087585,
          0.39417678117752075
        ],
        [
          -0.33291125297546387,
          -0.4238460063934326,
          0.8423328399658203
        ],
        [
          0.9300000071525574,
          0.0,
          0.3675594925880432
        ]
      ],
      "width": 0.08489122241735458,
      "height": 0.019999999552965164,
      "depth": 0.029999999329447746,
      "object_id": -1,
      "frame": "RealSense D455 aligned color camera frame",
      "rank": 1,
      "distance_to_object_center": 0.06488836272399816
    },
    {
      "score": 0.3393194377422333,
      "translation_camera": [
        -0.14570532739162445,
        -0.04367480054497719,
        0.359000027179718
      ],
      "rotation_matrix_camera": [
        [
          0.4980229139328003,
          -0.6140506863594055,
          -0.6123030185699463
        ],
        [
          -0.3856969475746155,
          0.47555533051490784,
          -0.790623128414154
        ],
        [
          0.7766667008399963,
          0.6299118399620056,
          -2.7534321489497415e-08
        ]
      ],
      "width": 0.06717689335346222,
      "height": 0.019999999552965164,
      "depth": 0.019999999552965164,
      "object_id": -1,
      "frame": "RealSense D455 aligned color camera frame",
      "rank": 2,
      "distance_to_object_center": 0.015194380948852108
    },
    {
      "score": 0.2776196300983429,
      "translation_camera": [
        -0.1438439041376114,
        -0.04740195721387863,
        0.359000027179718
      ],
      "rotation_matrix_camera": [
        [
          0.6540746092796326,
          -0.6235225796699524,
          -0.42825937271118164
        ],
        [
          -0.309978187084198,
          0.2954989969730377,
          -0.9036558270454407
        ],
        [
          0.690000057220459,
          0.7238094210624695,
          -3.1638712982839934e-08
        ]
      ],
      "width": 0.06583673506975174,
      "height": 0.019999999552965164,
      "depth": 0.019999999552965164,
      "object_id": -1,
      "frame": "RealSense D455 aligned color camera frame",
      "rank": 3,
      "distance_to_object_center": 0.017978462697388817
    },
    {
      "score": 0.2741135358810425,
      "translation_camera": [
        -0.12494224309921265,
        -0.05008399114012718,
        0.3720000088214874
      ],
      "rotation_matrix_camera": [
        [
          0.4980229139328003,
          -0.6140506863594055,
          -0.6123030185699463
        ],
        [
          -0.3856969475746155,
          0.47555533051490784,
          -0.790623128414154
        ],
        [
          0.7766667008399963,
          0.6299118399620056,
          -2.7534321489497415e-08
        ]
      ],
      "width": 0.0720512866973877,
      "height": 0.019999999552965164,
      "depth": 0.019999999552965164,
      "object_id": -1,
      "frame": "RealSense D455 aligned color camera frame",
      "rank": 4,
      "distance_to_object_center": 0.02571315069921707
    },
    {
      "score": 0.2695314884185791,
      "translation_camera": [
        -0.1261889785528183,
        -0.05269574373960495,
        0.37000003457069397
      ],
      "rotation_matrix_camera": [
        [
          0.4980229139328003,
          -0.6140506863594055,
          -0.6123030185699463
        ],
        [
          -0.3856969475746155,
          0.47555533051490784,
          -0.790623128414154
        ],
        [
          0.7766667008399963,
          0.6299118399620056,
          -2.7534321489497415e-08
        ]
      ],
      "width": 0.07205606997013092,
      "height": 0.019999999552965164,
      "depth": 0.019999999552965164,
      "object_id": -1,
      "frame": "RealSense D455 aligned color camera frame",
      "rank": 5,
      "distance_to_object_center": 0.02657605638460219
    },
    {
      "score": 0.2656029462814331,
      "translation_camera": [
        -0.1410517543554306,
        -0.04833374544978142,
        0.359000027179718
      ],
      "rotation_matrix_camera": [
        [
          0.6540746092796326,
          -0.6235225796699524,
          -0.42825937271118164
        ],
        [
          -0.309978187084198,
          0.2954989969730377,
          -0.9036558270454407
        ],
        [
          0.690000057220459,
          0.7238094210624695,
          -3.1638712982839934e-08
        ]
      ],
      "width": 0.0660562589764595,
      "height": 0.019999999552965164,
      "depth": 0.019999999552965164,
      "object_id": -1,
      "frame": "RealSense D455 aligned color camera frame",
      "rank": 6,
      "distance_to_object_center": 0.018443873308352822
    },
    {
      "score": 0.26390954852104187,
      "translation_camera": [
        -0.1410517543554306,
        -0.04553837701678276,
        0.359000027179718
      ],
      "rotation_matrix_camera": [
        [
          0.4980229139328003,
          -0.6140506863594055,
          -0.6123030185699463
        ],
        [
          -0.3856969475746155,
          0.47555533051490784,
          -0.790623128414154
        ],
        [
          0.7766667008399963,
          0.6299118399620056,
          -2.7534321489497415e-08
        ]
      ],
      "width": 0.06771278381347656,
      "height": 0.019999999552965164,
      "depth": 0.019999999552965164,
      "object_id": -1,
      "frame": "RealSense D455 aligned color camera frame",
      "rank": 7,
      "distance_to_object_center": 0.01578011980130852
    },
    {
      "score": 0.26356324553489685,
      "translation_camera": [
        -0.14291317760944366,
        -0.05019732564687729,
        0.359000027179718
      ],
      "rotation_matrix_camera": [
        [
          0.6540746092796326,
          -0.6235225796699524,
          -0.42825937271118164
        ],
        [
          -0.309978187084198,
          0.2954989969730377,
          -0.9036558270454407
        ],
        [
          0.690000057220459,
          0.7238094210624695,
          -3.1638712982839934e-08
        ]
      ],
      "width": 0.06580301374197006,
      "height": 0.019999999552965164,
      "depth": 0.019999999552965164,
      "object_id": -1,
      "frame": "RealSense D455 aligned color camera frame",
      "rank": 8,
      "distance_to_object_center": 0.0204454868991021
    },
    {
      "score": 0.2619493305683136,
      "translation_camera": [
        -0.11617772281169891,
        0.03544533997774124,
        0.37800002098083496
      ],
      "rotation_matrix_camera": [
        [
          0.8544597029685974,
          0.03706137463450432,
          -0.5181940793991089
        ],
        [
          -0.517707347869873,
          -0.022455113008618355,
          -0.8552629947662354
        ],
        [
          -0.04333333298563957,
          0.9990606307983398,
          -4.367032602203835e-08
        ]
      ],
      "width": 0.05370425432920456,
      "height": 0.019999999552965164,
      "depth": 0.019999999552965164,
      "object_id": -1,
      "frame": "RealSense D455 aligned color camera frame",
      "rank": 9,
      "distance_to_object_center": 0.0715308415386336
    },
    {
      "score": 0.2556566298007965,
      "translation_camera": [
        -0.1540042757987976,
        -0.06265772134065628,
        0.36100003123283386
      ],
      "rotation_matrix_camera": [
        [
          0.6540746092796326,
          -0.6235225796699524,
          -0.42825937271118164
        ],
        [
          -0.309978187084198,
          0.2954989969730377,
          -0.9036558270454407
        ],
        [
          0.690000057220459,
          0.7238094210624695,
          -3.1638712982839934e-08
        ]
      ],
      "width": 0.07329403609037399,
      "height": 0.019999999552965164,
      "depth": 0.03999999910593033,
      "object_id": -1,
      "frame": "RealSense D455 aligned color camera frame",
      "rank": 10,
      "distance_to_object_center": 0.03519268738425959
    },
    {
      "score": 0.24405314028263092,
      "translation_camera": [
        -0.1315426379442215,
        -0.06359469890594482,
        0.36100003123283386
      ],
      "rotation_matrix_camera": [
        [
          0.6540746092796326,
          -0.6235225796699524,
          -0.42825937271118164
        ],
        [
          -0.309978187084198,
          0.2954989969730377,
          -0.9036558270454407
        ],
        [
          0.690000057220459,
          0.7238094210624695,
          -3.1638712982839934e-08
        ]
      ],
      "width": 0.06250160932540894,
      "height": 0.019999999552965164,
      "depth": 0.019999999552965164,
      "object_id": -1,
      "frame": "RealSense D455 aligned color camera frame",
      "rank": 11,
      "distance_to_object_center": 0.034098860181048816
    },
    {
      "score": 0.23511764407157898,
      "translation_camera": [
        -0.13546745479106903,
        -0.05858342722058296,
        0.359000027179718
      ],
      "rotation_matrix_camera": [
        [
          0.6540746092796326,
          -0.6235225796699524,
          -0.42825937271118164
        ],
        [
          -0.309978187084198,
          0.2954989969730377,
          -0.9036558270454407
        ],
        [
          0.690000057220459,
          0.7238094210624695,
          -3.1638712982839934e-08
        ]
      ],
      "width": 0.0652749165892601,
      "height": 0.019999999552965164,
      "depth": 0.029999999329447746,
      "object_id": -1,
      "frame": "RealSense D455 aligned color camera frame",
      "rank": 12,
      "distance_to_object_center": 0.028715558194729773
    },
    {
      "score": 0.22928020358085632,
      "translation_camera": [
        -0.1261172741651535,
        -0.0008306061499752104,
        0.367000013589859
      ],
      "rotation_matrix_camera": [
        [
          -0.4467552900314331,
          -0.1930502951145172,
          -0.8735795617103577
        ],
        [
          -0.8019134998321533,
          -0.3465198576450348,
          0.4866813123226166
        ],
        [
          -0.39666667580604553,
          0.9179626703262329,
          -4.0125421207903855e-08
        ]
      ],
      "width": 0.0695963203907013,
      "height": 0.019999999552965164,
      "depth": 0.019999999552965164,
      "object_id": -1,
      "frame": "RealSense D455 aligned color camera frame",
      "rank": 13,
      "distance_to_object_center": 0.03289855419470441
    },
    {
      "score": 0.22802579402923584,
      "translation_camera": [
        -0.14119146764278412,
        -0.058257054537534714,
        0.3570000231266022
      ],
      "rotation_matrix_camera": [
        [
          0.9810783267021179,
          -0.00981128215789795,
          -0.19336247444152832
        ],
        [
          -0.1933528035879135,
          0.0019335818942636251,
          -0.9811273813247681
        ],
        [
          0.009999999776482582,
          0.9999499917030334,
          -4.3709203367825467e-08
        ]
      ],
      "width": 0.05809977278113365,
      "height": 0.019999999552965164,
      "depth": 0.029999999329447746,
      "object_id": -1,
      "frame": "RealSense D455 aligned color camera frame",
      "rank": 14,
      "distance_to_object_center": 0.028537722505727593
    },
    {
      "score": 0.22756530344486237,
      "translation_camera": [
        -0.13304486870765686,
        -0.060615379363298416,
        0.36000001430511475
      ],
      "rotation_matrix_camera": [
        [
          0.6540746092796326,
          -0.6235225796699524,
          -0.42825937271118164
        ],
        [
          -0.309978187084198,
          0.2954989969730377,
          -0.9036558270454407
        ],
        [
          0.690000057220459,
          0.7238094210624695,
          -3.1638712982839934e-08
        ]
      ],
      "width": 0.06389448046684265,
      "height": 0.019999999552965164,
      "depth": 0.019999999552965164,
      "object_id": -1,
      "frame": "RealSense D455 aligned color camera frame",
      "rank": 15,
      "distance_to_object_center": 0.03098125952040964
    },
    {
      "score": 0.22746549546718597,
      "translation_camera": [
        -0.13880258798599243,
        -0.059349432587623596,
        0.3580000102519989
      ],
      "rotation_matrix_camera": [
        [
          0.6540746092796326,
          -0.6235225796699524,
          -0.42825937271118164
        ],
        [
          -0.309978187084198,
          0.2954989969730377,
          -0.9036558270454407
        ],
        [
          0.690000057220459,
          0.7238094210624695,
          -3.1638712982839934e-08
        ]
      ],
      "width": 0.0603640116751194,
      "height": 0.019999999552965164,
      "depth": 0.029999999329447746,
      "object_id": -1,
      "frame": "RealSense D455 aligned color camera frame",
      "rank": 16,
      "distance_to_object_center": 0.02935441355177993
    },
    {
      "score": 0.2207575887441635,
      "translation_camera": [
        -0.14396807551383972,
        -0.058257054537534714,
        0.3570000231266022
      ],
      "rotation_matrix_camera": [
        [
          0.9810783267021179,
          -0.00981128215789795,
          -0.19336247444152832
        ],
        [
          -0.1933528035879135,
          0.0019335818942636251,
          -0.9811273813247681
        ],
        [
          0.009999999776482582,
          0.9999499917030334,
          -4.3709203367825467e-08
        ]
      ],
      "width": 0.05776417627930641,
      "height": 0.019999999552965164,
      "depth": 0.029999999329447746,
      "object_id": -1,
      "frame": "RealSense D455 aligned color camera frame",
      "rank": 17,
      "distance_to_object_center": 0.028813590988101673
    },
    {
      "score": 0.2176068127155304,
      "translation_camera": [
        -0.13601821660995483,
        -0.06120781973004341,
        0.3580000102519989
      ],
      "rotation_matrix_camera": [
        [
          0.6540746092796326,
          -0.6235225796699524,
          -0.42825937271118164
        ],
        [
          -0.309978187084198,
          0.2954989969730377,
          -0.9036558270454407
        ],
        [
          0.690000057220459,
          0.7238094210624695,
          -3.1638712982839934e-08
        ]
      ],
      "width": 0.06122538819909096,
      "height": 0.019999999552965164,
      "depth": 0.029999999329447746,
      "object_id": -1,
      "frame": "RealSense D455 aligned color camera frame",
      "rank": 18,
      "distance_to_object_center": 0.03138153911033627
    },
    {
      "score": 0.2173631489276886,
      "translation_camera": [
        -0.13360601663589478,
        -0.0632423684000969,
        0.359000027179718
      ],
      "rotation_matrix_camera": [
        [
          0.6540746092796326,
          -0.6235225796699524,
          -0.42825937271118164
        ],
        [
          -0.309978187084198,
          0.2954989969730377,
          -0.9036558270454407
        ],
        [
          0.690000057220459,
          0.7238094210624695,
          -3.1638712982839934e-08
        ]
      ],
      "width": 0.06147150322794914,
      "height": 0.019999999552965164,
      "depth": 0.019999999552965164,
      "object_id": -1,
      "frame": "RealSense D455 aligned color camera frame",
      "rank": 19,
      "distance_to_object_center": 0.033557333250103856
    },
    {
      "score": 0.21286046504974365,
      "translation_camera": [
        -0.14664866030216217,
        0.03716996684670448,
        0.3660000264644623
      ],
      "rotation_matrix_camera": [
        [
          -0.1557886302471161,
          0.9057342410087585,
          0.39417678117752075
        ],
        [
          -0.33291125297546387,
          -0.4238460063934326,
          0.8423328399658203
        ],
        [
          0.9300000071525574,
          0.0,
          0.3675594925880432
        ]
      ],
      "width": 0.08250419050455093,
      "height": 0.019999999552965164,
      "depth": 0.029999999329447746,
      "object_id": -1,
      "frame": "RealSense D455 aligned color camera frame",
      "rank": 20,
      "distance_to_object_center": 0.06818108172304875
    },
    {
      "score": 0.2105613648891449,
      "translation_camera": [
        -0.13003002107143402,
        -0.06001255661249161,
        0.3620000183582306
      ],
      "rotation_matrix_camera": [
        [
          0.6540746092796326,
          -0.6235225796699524,
          -0.42825937271118164
        ],
        [
          -0.309978187084198,
          0.2954989969730377,
          -0.9036558270454407
        ],
        [
          0.690000057220459,
          0.7238094210624695,
          -3.1638712982839934e-08
        ]
      ],
      "width": 0.06529680639505386,
      "height": 0.019999999552965164,
      "depth": 0.019999999552965164,
      "object_id": -1,
      "frame": "RealSense D455 aligned color camera frame",
      "rank": 21,
      "distance_to_object_center": 0.031007300438648886
    },
    {
      "score": 0.21005511283874512,
      "translation_camera": [
        -0.12967082858085632,
        -0.0673426166176796,
        0.36100003123283386
      ],
      "rotation_matrix_camera": [
        [
          0.6540746092796326,
          -0.6235225796699524,
          -0.42825937271118164
        ],
        [
          -0.309978187084198,
          0.2954989969730377,
          -0.9036558270454407
        ],
        [
          0.690000057220459,
          0.7238094210624695,
          -3.1638712982839934e-08
        ]
      ],
      "width": 0.06216927990317345,
      "height": 0.019999999552965164,
      "depth": 0.019999999552965164,
      "object_id": -1,
      "frame": "RealSense D455 aligned color camera frame",
      "rank": 22,
      "distance_to_object_center": 0.03818423338453903
    },
    {
      "score": 0.20942765474319458,
      "translation_camera": [
        -0.12850706279277802,
        -0.06300485134124756,
        0.3630000352859497
      ],
      "rotation_matrix_camera": [
        [
          0.6540746092796326,
          -0.6235225796699524,
          -0.42825937271118164
        ],
        [
          -0.309978187084198,
          0.2954989969730377,
          -0.9036558270454407
        ],
        [
          0.690000057220459,
          0.7238094210624695,
          -3.1638712982839934e-08
        ]
      ],
      "width": 0.06247051805257797,
      "height": 0.019999999552965164,
      "depth": 0.019999999552965164,
      "object_id": -1,
      "frame": "RealSense D455 aligned color camera frame",
      "rank": 23,
      "distance_to_object_center": 0.034279985352739205
    },
    {
      "score": 0.20762912929058075,
      "translation_camera": [
        -0.13825960457324982,
        -0.05019732564687729,
        0.359000027179718
      ],
      "rotation_matrix_camera": [
        [
          0.6540746092796326,
          -0.6235225796699524,
          -0.42825937271118164
        ],
        [
          -0.309978187084198,
          0.2954989969730377,
          -0.9036558270454407
        ],
        [
          0.690000057220459,
          0.7238094210624695,
          -3.1638712982839934e-08
        ]
      ],
      "width": 0.06589122116565704,
      "height": 0.019999999552965164,
      "depth": 0.019999999552965164,
      "object_id": -1,
      "frame": "RealSense D455 aligned color camera frame",
      "rank": 24,
      "distance_to_object_center": 0.020249791166000626
    },
    {
      "score": 0.20640802383422852,
      "translation_camera": [
        -0.12815304100513458,
        -0.06565000861883163,
        0.3620000183582306
      ],
      "rotation_matrix_camera": [
        [
          0.6540746092796326,
          -0.6235225796699524,
          -0.42825937271118164
        ],
        [
          -0.309978187084198,
          0.2954989969730377,
          -0.9036558270454407
        ],
        [
          0.690000057220459,
          0.7238094210624695,
          -3.1638712982839934e-08
        ]
      ],
      "width": 0.06207682564854622,
      "height": 0.019999999552965164,
      "depth": 0.019999999552965164,
      "object_id": -1,
      "frame": "RealSense D455 aligned color camera frame",
      "rank": 25,
      "distance_to_object_center": 0.03693861013487718
    },
    {
      "score": 0.20521122217178345,
      "translation_camera": [
        -0.15128962695598602,
        -0.06417416036128998,
        0.359000027179718
      ],
      "rotation_matrix_camera": [
        [
          0.6540746092796326,
          -0.6235225796699524,
          -0.42825937271118164
        ],
        [
          -0.309978187084198,
          0.2954989969730377,
          -0.9036558270454407
        ],
        [
          0.690000057220459,
          0.7238094210624695,
          -3.1638712982839934e-08
        ]
      ],
      "width": 0.07089889794588089,
      "height": 0.019999999552965164,
      "depth": 0.029999999329447746,
      "object_id": -1,
      "frame": "RealSense D455 aligned color camera frame",
      "rank": 26,
      "distance_to_object_center": 0.03583065272994319
    },
    {
      "score": 0.2039286494255066,
      "translation_camera": [
        -0.13267530500888824,
        -0.07349205017089844,
        0.359000027179718
      ],
      "rotation_matrix_camera": [
        [
          -0.9794528484344482,
          -0.049033984541893005,
          -0.19562169909477234
        ],
        [
          -0.19537703692913055,
          -0.00978104304522276,
          0.980679452419281
        ],
        [
          -0.05000000447034836,
          0.9987492561340332,
          -4.365671557593487e-08
        ]
      ],
      "width": 0.05247967317700386,
      "height": 0.019999999552965164,
      "depth": 0.029999999329447746,
      "object_id": -1,
      "frame": "RealSense D455 aligned color camera frame",
      "rank": 27,
      "distance_to_object_center": 0.0437259115834638
    },
    {
      "score": 0.20112425088882446,
      "translation_camera": [
        -0.1321115493774414,
        -0.05687784031033516,
        0.36000001430511475
      ],
      "rotation_matrix_camera": [
        [
          0.6540746092796326,
          -0.6235225796699524,
          -0.42825937271118164
        ],
        [
          -0.309978187084198,
          0.2954989969730377,
          -0.9036558270454407
        ],
        [
          0.690000057220459,
          0.7238094210624695,
          -3.1638712982839934e-08
        ]
      ],
      "width": 0.06711388379335403,
      "height": 0.019999999552965164,
      "depth": 0.019999999552965164,
      "object_id": -1,
      "frame": "RealSense D455 aligned color camera frame",
      "rank": 28,
      "distance_to_object_center": 0.02762270592402532
    },
    {
      "score": 0.1994228959083557,
      "translation_camera": [
        -0.13509009778499603,
        -0.07142894715070724,
        0.3580000102519989
      ],
      "rotation_matrix_camera": [
        [
          -0.9794528484344482,
          -0.049033984541893005,
          -0.19562169909477234
        ],
        [
          -0.19537703692913055,
          -0.00978104304522276,
          0.980679452419281
        ],
        [
          -0.05000000447034836,
          0.9987492561340332,
          -4.365671557593487e-08
        ]
      ],
      "width": 0.05503694340586662,
      "height": 0.019999999552965164,
      "depth": 0.029999999329447746,
      "object_id": -1,
      "frame": "RealSense D455 aligned color camera frame",
      "rank": 29,
      "distance_to_object_center": 0.041498310477173145
    },
    {
      "score": 0.19871561229228973,
      "translation_camera": [
        -0.13694635033607483,
        -0.06399539858102798,
        0.3580000102519989
      ],
      "rotation_matrix_camera": [
        [
          0.6540746092796326,
          -0.6235225796699524,
          -0.42825937271118164
        ],
        [
          -0.309978187084198,
          0.2954989969730377,
          -0.9036558270454407
        ],
        [
          0.690000057220459,
          0.7238094210624695,
          -3.1638712982839934e-08
        ]
      ],
      "width": 0.06072751805186272,
      "height": 0.019999999552965164,
      "depth": 0.019999999552965164,
      "object_id": -1,
      "frame": "RealSense D455 aligned color camera frame",
      "rank": 30,
      "distance_to_object_center": 0.03401498464458219
    },
    {
      "score": 0.19831500947475433,
      "translation_camera": [
        -0.130813866853714,
        -0.07069668173789978,
        0.359000027179718
      ],
      "rotation_matrix_camera": [
        [
          -0.9794528484344482,
          -0.049033984541893005,
          -0.19562169909477234
        ],
        [
          -0.19537703692913055,
          -0.00978104304522276,
          0.980679452419281
        ],
        [
          -0.05000000447034836,
          0.9987492561340332,
          -4.365671557593487e-08
        ]
      ],
      "width": 0.05785002559423447,
      "height": 0.019999999552965164,
      "depth": 0.029999999329447746,
      "object_id": -1,
      "frame": "RealSense D455 aligned color camera frame",
      "rank": 31,
      "distance_to_object_center": 0.04135056196962905
    },
    {
      "score": 0.1959695816040039,
      "translation_camera": [
        -0.13267530500888824,
        -0.06603773683309555,
        0.359000027179718
      ],
      "rotation_matrix_camera": [
        [
          0.6540746092796326,
          -0.6235225796699524,
          -0.42825937271118164
        ],
        [
          -0.309978187084198,
          0.2954989969730377,
          -0.9036558270454407
        ],
        [
          0.690000057220459,
          0.7238094210624695,
          -3.1638712982839934e-08
        ]
      ],
      "width": 0.062041133642196655,
      "height": 0.019999999552965164,
      "depth": 0.019999999552965164,
      "object_id": -1,
      "frame": "RealSense D455 aligned color camera frame",
      "rank": 32,
      "distance_to_object_center": 0.03644865067382411
    },
    {
      "score": 0.19550663232803345,
      "translation_camera": [
        -0.1292150765657425,
        -0.061457257717847824,
        0.36500000953674316
      ],
      "rotation_matrix_camera": [
        [
          0.6540746092796326,
          -0.6235225796699524,
          -0.42825937271118164
        ],
        [
          -0.309978187084198,
          0.2954989969730377,
          -0.9036558270454407
        ],
        [
          0.690000057220459,
          0.7238094210624695,
          -3.1638712982839934e-08
        ]
      ],
      "width": 0.06102978438138962,
      "height": 0.019999999552965164,
      "depth": 0.019999999552965164,
      "object_id": -1,
      "frame": "RealSense D455 aligned color camera frame",
      "rank": 33,
      "distance_to_object_center": 0.03258701781194103
    },
    {
      "score": 0.19478538632392883,
      "translation_camera": [
        -0.14901195466518402,
        -0.06399539858102798,
        0.3580000102519989
      ],
      "rotation_matrix_camera": [
        [
          0.6540746092796326,
          -0.6235225796699524,
          -0.42825937271118164
        ],
        [
          -0.309978187084198,
          0.2954989969730377,
          -0.9036558270454407
        ],
        [
          0.690000057220459,
          0.7238094210624695,
          -3.1638712982839934e-08
        ]
      ],
      "width": 0.06860189884901047,
      "height": 0.019999999552965164,
      "depth": 0.029999999329447746,
      "object_id": -1,
      "frame": "RealSense D455 aligned color camera frame",
      "rank": 34,
      "distance_to_object_center": 0.035148369483236075
    },
    {
      "score": 0.19333630800247192,
      "translation_camera": [
        -0.12303325533866882,
        0.02543085627257824,
        0.3750000298023224
      ],
      "rotation_matrix_camera": [
        [
          0.8544597029685974,
          0.03706137463450432,
          -0.5181940793991089
        ],
        [
          -0.517707347869873,
          -0.022455113008618355,
          -0.8552629947662354
        ],
        [
          -0.04333333298563957,
          0.9990606307983398,
          -4.367032602203835e-08
        ]
      ],
      "width": 0.06452556699514389,
      "height": 0.019999999552965164,
      "depth": 0.019999999552965164,
      "object_id": -1,
      "frame": "RealSense D455 aligned color camera frame",
      "rank": 35,
      "distance_to_object_center": 0.05951972117007961
    },
    {
      "score": 0.19313864409923553,
      "translation_camera": [
        -0.14012102782726288,
        -0.05206090211868286,
        0.359000027179718
      ],
      "rotation_matrix_camera": [
        [
          0.6540746092796326,
          -0.6235225796699524,
          -0.42825937271118164
        ],
        [
          -0.309978187084198,
          0.2954989969730377,
          -0.9036558270454407
        ],
        [
          0.690000057220459,
          0.7238094210624695,
          -3.1638712982839934e-08
        ]
      ],
      "width": 0.06515952944755554,
      "height": 0.019999999552965164,
      "depth": 0.019999999552965164,
      "object_id": -1,
      "frame": "RealSense D455 aligned color camera frame",
      "rank": 36,
      "distance_to_object_center": 0.022010144746330937
    },
    {
      "score": 0.19309870898723602,
      "translation_camera": [
        -0.13323384523391724,
        -0.06864136457443237,
        0.3580000102519989
      ],
      "rotation_matrix_camera": [
        [
          -0.9794528484344482,
          -0.049033984541893005,
          -0.19562169909477234
        ],
        [
          -0.19537703692913055,
          -0.00978104304522276,
          0.980679452419281
        ],
        [
          -0.05000000447034836,
          0.9987492561340332,
          -4.365671557593487e-08
        ]
      ],
      "width": 0.06019755080342293,
      "height": 0.019999999552965164,
      "depth": 0.029999999329447746,
      "object_id": -1,
      "frame": "RealSense D455 aligned color camera frame",
      "rank": 37,
      "distance_to_object_center": 0.03902681300302807
    },
    {
      "score": 0.19285765290260315,
      "translation_camera": [
        -0.13787446916103363,
        -0.07328733801841736,
        0.3580000102519989
      ],
      "rotation_matrix_camera": [
        [
          -0.9794528484344482,
          -0.049033984541893005,
          -0.19562169909477234
        ],
        [
          -0.19537703692913055,
          -0.00978104304522276,
          0.980679452419281
        ],
        [
          -0.05000000447034836,
          0.9987492561340332,
          -4.365671557593487e-08
        ]
      ],
      "width": 0.05088767781853676,
      "height": 0.019999999552965164,
      "depth": 0.029999999329447746,
      "object_id": -1,
      "frame": "RealSense D455 aligned color camera frame",
      "rank": 38,
      "distance_to_object_center": 0.043117460560685064
    },
    {
      "score": 0.19190175831317902,
      "translation_camera": [
        -0.13003002107143402,
        -0.056254252791404724,
        0.3620000183582306
      ],
      "rotation_matrix_camera": [
        [
          0.6540746092796326,
          -0.6235225796699524,
          -0.42825937271118164
        ],
        [
          -0.309978187084198,
          0.2954989969730377,
          -0.9036558270454407
        ],
        [
          0.690000057220459,
          0.7238094210624695,
          -3.1638712982839934e-08
        ]
      ],
      "width": 0.06783212721347809,
      "height": 0.019999999552965164,
      "depth": 0.019999999552965164,
      "object_id": -1,
      "frame": "RealSense D455 aligned color camera frame",
      "rank": 39,
      "distance_to_object_center": 0.027472140757089623
    },
    {
      "score": 0.19074513018131256,
      "translation_camera": [
        -0.12837831676006317,
        -0.07089360803365707,
        0.36000001430511475
      ],
      "rotation_matrix_camera": [
        [
          -0.9794528484344482,
          -0.049033984541893005,
          -0.19562169909477234
        ],
        [
          -0.19537703692913055,
          -0.00978104304522276,
          0.980679452419281
        ],
        [
          -0.05000000447034836,
          0.9987492561340332,
          -4.365671557593487e-08
        ]
      ],
      "width": 0.05726458504796028,
      "height": 0.019999999552965164,
      "depth": 0.019999999552965164,
      "object_id": -1,
      "frame": "RealSense D455 aligned color camera frame",
      "rank": 40,
      "distance_to_object_center": 0.04202445837673092
    },
    {
      "score": 0.18963120877742767,
      "translation_camera": [
        -0.14715570211410522,
        -0.0658537894487381,
        0.3580000102519989
      ],
      "rotation_matrix_camera": [
        [
          0.6540746092796326,
          -0.6235225796699524,
          -0.42825937271118164
        ],
        [
          -0.309978187084198,
          0.2954989969730377,
          -0.9036558270454407
        ],
        [
          0.690000057220459,
          0.7238094210624695,
          -3.1638712982839934e-08
        ]
      ],
      "width": 0.06653692573308945,
      "height": 0.019999999552965164,
      "depth": 0.029999999329447746,
      "object_id": -1,
      "frame": "RealSense D455 aligned color camera frame",
      "rank": 41,
      "distance_to_object_center": 0.036494702985952115
    },
    {
      "score": 0.18538573384284973,
      "translation_camera": [
        -0.13973072171211243,
        -0.07049975544214249,
        0.3580000102519989
      ],
      "rotation_matrix_camera": [
        [
          -0.9794528484344482,
          -0.049033984541893005,
          -0.19562169909477234
        ],
        [
          -0.19537703692913055,
          -0.00978104304522276,
          0.980679452419281
        ],
        [
          -0.05000000447034836,
          0.9987492561340332,
          -4.365671557593487e-08
        ]
      ],
      "width": 0.05630119517445564,
      "height": 0.019999999552965164,
      "depth": 0.029999999329447746,
      "object_id": -1,
      "frame": "RealSense D455 aligned color camera frame",
      "rank": 42,
      "distance_to_object_center": 0.04031894448789956
    },
    {
      "score": 0.185102641582489,
      "translation_camera": [
        -0.13546745479106903,
        -0.0753556340932846,
        0.359000027179718
      ],
      "rotation_matrix_camera": [
        [
          -0.9794528484344482,
          -0.049033984541893005,
          -0.19562169909477234
        ],
        [
          -0.19537703692913055,
          -0.00978104304522276,
          0.980679452419281
        ],
        [
          -0.05000000447034836,
          0.9987492561340332,
          -4.365671557593487e-08
        ]
      ],
      "width": 0.048697929829359055,
      "height": 0.019999999552965164,
      "depth": 0.019999999552965164,
      "object_id": -1,
      "frame": "RealSense D455 aligned color camera frame",
      "rank": 43,
      "distance_to_object_center": 0.045205971265661636
    },
    {
      "score": 0.18472401797771454,
      "translation_camera": [
        -0.12980474531650543,
        -0.05278598517179489,
        0.36400002241134644
      ],
      "rotation_matrix_camera": [
        [
          0.6540746092796326,
          -0.6235225796699524,
          -0.42825937271118164
        ],
        [
          -0.309978187084198,
          0.2954989969730377,
          -0.9036558270454407
        ],
        [
          0.690000057220459,
          0.7238094210624695,
          -3.1638712982839934e-08
        ]
      ],
      "width": 0.0691172406077385,
      "height": 0.019999999552965164,
      "depth": 0.019999999552965164,
      "object_id": -1,
      "frame": "RealSense D455 aligned color camera frame",
      "rank": 44,
      "distance_to_object_center": 0.02427804654789049
    },
    {
      "score": 0.18459416925907135,
      "translation_camera": [
        -0.15923213958740234,
        0.041529491543769836,
        0.3710000216960907
      ],
      "rotation_matrix_camera": [
        [
          0.8544597029685974,
          0.03706137463450432,
          -0.5181940793991089
        ],
        [
          -0.517707347869873,
          -0.022455113008618355,
          -0.8552629947662354
        ],
        [
          -0.04333333298563957,
          0.9990606307983398,
          -4.367032602203835e-08
        ]
      ],
      "width": 0.06134901940822601,
      "height": 0.019999999552965164,
      "depth": 0.019999999552965164,
      "object_id": -1,
      "frame": "RealSense D455 aligned color camera frame",
      "rank": 45,
      "distance_to_object_center": 0.07507504247188865
    },
    {
      "score": 0.18374061584472656,
      "translation_camera": [
        -0.16245894134044647,
        0.040894586592912674,
        0.37400001287460327
      ],
      "rotation_matrix_camera": [
        [
          0.8544597029685974,
          0.03706137463450432,
          -0.5181940793991089
        ],
        [
          -0.517707347869873,
          -0.022455113008618355,
          -0.8552629947662354
        ],
        [
          -0.04333333298563957,
          0.9990606307983398,
          -4.367032602203835e-08
        ]
      ],
      "width": 0.059925854206085205,
      "height": 0.019999999552965164,
      "depth": 0.019999999552965164,
      "object_id": -1,
      "frame": "RealSense D455 aligned color camera frame",
      "rank": 46,
      "distance_to_object_center": 0.07571197466617796
    },
    {
      "score": 0.18264812231063843,
      "translation_camera": [
        -0.13190701603889465,
        -0.05343552678823471,
        0.3620000183582306
      ],
      "rotation_matrix_camera": [
        [
          0.6540746092796326,
          -0.6235225796699524,
          -0.42825937271118164
        ],
        [
          -0.309978187084198,
          0.2954989969730377,
          -0.9036558270454407
        ],
        [
          0.690000057220459,
          0.7238094210624695,
          -3.1638712982839934e-08
        ]
      ],
      "width": 0.06788595765829086,
      "height": 0.019999999552965164,
      "depth": 0.019999999552965164,
      "object_id": -1,
      "frame": "RealSense D455 aligned color camera frame",
      "rank": 47,
      "distance_to_object_center": 0.024193256123442586
    },
    {
      "score": 0.18167176842689514,
      "translation_camera": [
        -0.13934041559696198,
        -0.06289004534482956,
        0.3570000231266022
      ],
      "rotation_matrix_camera": [
        [
          0.9810783267021179,
          -0.00981128215789795,
          -0.19336247444152832
        ],
