{
  "success": true,
  "method": "graspnet_baseline_d455",
  "num_candidates": 915,
  "object_center_camera": [
    -0.005589316876676334,
    -0.061645454672069985,
    0.609000027179718
  ],
  "candidates": [
    {
      "score": 0.395929753780365,
      "translation_camera": [
        0.02419012412428856,
        -0.11267296224832535,
        0.6040000319480896
      ],
      "rotation_matrix_camera": [
        [
          0.4980229139328003,
          -0.6140506863594055,
          -0.6123030185699463
        ],
        [
          -0.3856969475746155,
          0.47555533051490784,
          -0.790623128414154
        ],
        [
          0.7766667008399963,
          0.6299118399620056,
          -2.7534321489497415e-08
        ]
      ],
      "width": 0.06886959075927734,
      "height": 0.019999999552965164,
      "depth": 0.019999999552965164,
      "object_id": -1,
      "frame": "RealSense D455 aligned color camera frame",
      "rank": 0,
      "distance_to_object_center": 0.05929267735640763
    },
    {
      "score": 0.3856127858161926,
      "translation_camera": [
        0.021058354526758194,
        -0.10953758656978607,
        0.6040000319480896
      ],
      "rotation_matrix_camera": [
        [
          0.4980229139328003,
          -0.6140506863594055,
          -0.6123030185699463
        ],
        [
          -0.3856969475746155,
          0.47555533051490784,
          -0.790623128414154
        ],
        [
          0.7766667008399963,
          0.6299118399620056,
          -2.7534321489497415e-08
        ]
      ],
      "width": 0.06928272545337677,
      "height": 0.019999999552965164,
      "depth": 0.019999999552965164,
      "object_id": -1,
      "frame": "RealSense D455 aligned color camera frame",
      "rank": 1,
      "distance_to_object_center": 0.055034122517307056
    },
    {
      "score": 0.3849848508834839,
      "translation_camera": [
        0.013250830583274364,
        -0.11128921806812286,
        0.6050000190734863
      ],
      "rotation_matrix_camera": [
        [
          0.4980229139328003,
          -0.6140506863594055,
          -0.6123030185699463
        ],
        [
          -0.3856969475746155,
          0.47555533051490784,
          -0.790623128414154
        ],
        [
          0.7766667008399963,
          0.6299118399620056,
          -2.7534321489497415e-08
        ]
      ],
      "width": 0.0723138377070427,
      "height": 0.019999999552965164,
      "depth": 0.029999999329447746,
      "object_id": -1,
      "frame": "RealSense D455 aligned color camera frame",
      "rank": 2,
      "distance_to_object_center": 0.05324898557987641
    },
    {
      "score": 0.38167309761047363,
      "translation_camera": [
        0.017956262454390526,
        -0.11442979425191879,
        0.6050000190734863
      ],
      "rotation_matrix_camera": [
        [
          0.4980229139328003,
          -0.6140506863594055,
          -0.6123030185699463
        ],
        [
          -0.3856969475746155,
          0.47555533051490784,
          -0.790623128414154
        ],
        [
          0.7766667008399963,
          0.6299118399620056,
          -2.7534321489497415e-08
        ]
      ],
      "width": 0.07137682288885117,
      "height": 0.019999999552965164,
      "depth": 0.029999999329447746,
      "object_id": -1,
      "frame": "RealSense D455 aligned color camera frame",
      "rank": 3,
      "distance_to_object_center": 0.057936006729548385
    },
    {
      "score": 0.35874807834625244,
      "translation_camera": [
        0.016387784853577614,
        -0.10657836496829987,
        0.6050000190734863
      ],
      "rotation_matrix_camera": [
        [
          0.4980229139328003,
          -0.6140506863594055,
          -0.6123030185699463
        ],
        [
          -0.3856969475746155,
          0.47555533051490784,
          -0.790623128414154
        ],
        [
          0.7766667008399963,
          0.6299118399620056,
          -2.7534321489497415e-08
        ]
      ],
      "width": 0.07251361757516861,
      "height": 0.019999999552965164,
      "depth": 0.029999999329447746,
      "object_id": -1,
      "frame": "RealSense D455 aligned color camera frame",
      "rank": 4,
      "distance_to_object_center": 0.050179273539987516
    },
    {
      "score": 0.3571794927120209,
      "translation_camera": [
        -0.002441991353407502,
        -0.10377974063158035,
        0.6070000529289246
      ],
      "rotation_matrix_camera": [
        [
          0.4980229139328003,
          -0.6140506863594055,
          -0.6123030185699463
        ],
        [
          -0.3856969475746155,
          0.47555533051490784,
          -0.790623128414154
        ],
        [
          0.7766667008399963,
          0.6299118399620056,
          -2.7534321489497415e-08
        ]
      ],
      "width": 0.07019912451505661,
      "height": 0.019999999552965164,
      "depth": 0.019999999552965164,
      "object_id": -1,
      "frame": "RealSense D455 aligned color camera frame",
      "rank": 5,
      "distance_to_object_center": 0.04229897880884418
    },
    {
      "score": 0.35516056418418884,
      "translation_camera": [
        0.02575600892305374,
        -0.10796989500522614,
        0.6040000319480896
      ],
      "rotation_matrix_camera": [
        [
          0.4980229139328003,
          -0.6140506863594055,
          -0.6123030185699463
        ],
        [
          -0.3856969475746155,
          0.47555533051490784,
          -0.790623128414154
        ],
        [
          0.7766667008399963,
          0.6299118399620056,
          -2.7534321489497415e-08
        ]
      ],
      "width": 0.06986653804779053,
      "height": 0.019999999552965164,
      "depth": 0.029999999329447746,
      "object_id": -1,
      "frame": "RealSense D455 aligned color camera frame",
      "rank": 6,
      "distance_to_object_center": 0.05615588280837258
    },
    {
      "score": 0.35350388288497925,
      "translation_camera": [
        -0.0008683287305757403,
        -0.09905331581830978,
        0.6070000529289246
      ],
      "rotation_matrix_camera": [
        [
          0.4980229139328003,
          -0.6140506863594055,
          -0.6123030185699463
        ],
        [
          -0.3856969475746155,
          0.47555533051490784,
          -0.790623128414154
        ],
        [
          0.7766667008399963,
          0.6299118399620056,
          -2.7534321489497415e-08
        ]
      ],
      "width": 0.0702642872929573,
      "height": 0.019999999552965164,
      "depth": 0.019999999552965164,
      "object_id": -1,
      "frame": "RealSense D455 aligned color camera frame",
      "rank": 7,
      "distance_to_object_center": 0.03775759131109685
    },
    {
      "score": 0.35316526889801025,
      "translation_camera": [
        -0.008736642077565193,
        -0.10377974063158035,
        0.6070000529289246
      ],
      "rotation_matrix_camera": [
        [
          0.4980229139328003,
          -0.6140506863594055,
          -0.6123030185699463
        ],
        [
          -0.3856969475746155,
          0.47555533051490784,
          -0.790623128414154
        ],
        [
          0.7766667008399963,
          0.6299118399620056,
          -2.7534321489497415e-08
        ]
      ],
      "width": 0.07025346159934998,
      "height": 0.019999999552965164,
      "depth": 0.019999999552965164,
      "object_id": -1,
      "frame": "RealSense D455 aligned color camera frame",
      "rank": 8,
      "distance_to_object_center": 0.042298978784856965
    },
    {
      "score": 0.3495788276195526,
      "translation_camera": [
        0.0022827512584626675,
        -0.10079456865787506,
        0.6080000400543213
      ],
      "rotation_matrix_camera": [
        [
          0.4980229139328003,
          -0.6140506863594055,
          -0.6123030185699463
        ],
        [
          -0.3856969475746155,
          0.47555533051490784,
          -0.790623128414154
        ],
        [
          0.7766667008399963,
          0.6299118399620056,
          -2.7534321489497415e-08
        ]
      ],
      "width": 0.07135936617851257,
      "height": 0.019999999552965164,
      "depth": 0.019999999552965164,
      "object_id": -1,
      "frame": "RealSense D455 aligned color camera frame",
      "rank": 9,
      "distance_to_object_center": 0.039945244483527556
    },
    {
      "score": 0.3470853567123413,
      "translation_camera": [
        0.022624239325523376,
        -0.11580834537744522,
        0.6040000319480896
      ],
      "rotation_matrix_camera": [
        [
          0.4980229139328003,
          -0.6140506863594055,
          -0.6123030185699463
        ],
        [
          -0.3856969475746155,
          0.47555533051490784,
          -0.790623128414154
        ],
        [
          0.7766667008399963,
          0.6299118399620056,
          -2.7534321489497415e-08
        ]
      ],
      "width": 0.06923562288284302,
      "height": 0.019999999552965164,
      "depth": 0.019999999552965164,
      "object_id": -1,
      "frame": "RealSense D455 aligned color camera frame",
      "rank": 10,
      "distance_to_object_center": 0.06127498213344017
    },
    {
      "score": 0.3449474573135376,
      "translation_camera": [
        0.002278996631503105,
        -0.10535521805286407,
        0.6070000529289246
      ],
      "rotation_matrix_camera": [
        [
          0.4980229139328003,
          -0.6140506863594055,
          -0.6123030185699463
        ],
        [
          -0.3856969475746155,
          0.47555533051490784,
          -0.790623128414154
        ],
        [
          0.7766667008399963,
          0.6299118399620056,
          -2.7534321489497415e-08
        ]
      ],
      "width": 0.07088423520326614,
      "height": 0.019999999552965164,
      "depth": 0.019999999552965164,
      "object_id": -1,
      "frame": "RealSense D455 aligned color camera frame",
      "rank": 11,
      "distance_to_object_center": 0.04445732413530805
    },
    {
      "score": 0.3444986343383789,
      "translation_camera": [
        0.0054263221099972725,
        -0.10220427066087723,
        0.6070000529289246
      ],
      "rotation_matrix_camera": [
        [
          0.4980229139328003,
          -0.6140506863594055,
          -0.6123030185699463
        ],
        [
          -0.3856969475746155,
          0.47555533051490784,
          -0.790623128414154
        ],
        [
          0.7766667008399963,
          0.6299118399620056,
          -2.7534321489497415e-08
        ]
      ],
      "width": 0.0708814412355423,
      "height": 0.019999999552965164,
      "depth": 0.019999999552965164,
      "object_id": -1,
      "frame": "RealSense D455 aligned color camera frame",
      "rank": 12,
      "distance_to_object_center": 0.042075667002466954
    },
    {
      "score": 0.34420788288116455,
      "translation_camera": [
        0.016387784853577614,
        -0.11757036298513412,
        0.6050000190734863
      ],
      "rotation_matrix_camera": [
        [
          0.4980229139328003,
          -0.6140506863594055,
          -0.6123030185699463
        ],
        [
          -0.3856969475746155,
          0.47555533051490784,
          -0.790623128414154
        ],
        [
          0.7766667008399963,
          0.6299118399620056,
          -2.7534321489497415e-08
        ]
      ],
      "width": 0.07175736129283905,
      "height": 0.019999999552965164,
      "depth": 0.029999999329447746,
      "object_id": -1,
      "frame": "RealSense D455 aligned color camera frame",
      "rank": 13,
      "distance_to_object_center": 0.06022116268502694
    },
    {
      "score": 0.3414093255996704,
      "translation_camera": [
        0.028887780383229256,
        -0.11267296224832535,
        0.6040000319480896
      ],
      "rotation_matrix_camera": [
        [
          0.4980229139328003,
          -0.6140506863594055,
          -0.6123030185699463
        ],
        [
          -0.3856969475746155,
          0.47555533051490784,
          -0.790623128414154
        ],
        [
          0.7766667008399963,
          0.6299118399620056,
          -2.7534321489497415e-08
        ]
      ],
      "width": 0.06877268850803375,
      "height": 0.019999999552965164,
      "depth": 0.019999999552965164,
      "object_id": -1,
      "frame": "RealSense D455 aligned color camera frame",
      "rank": 14,
      "distance_to_object_center": 0.06178573231119054
    },
    {
      "score": 0.34140896797180176,
      "translation_camera": [
        0.02109321765601635,
        -0.1050080806016922,
        0.6050000190734863
      ],
      "rotation_matrix_camera": [
        [
          0.4980229139328003,
          -0.6140506863594055,
          -0.6123030185699463
        ],
        [
          -0.3856969475746155,
          0.47555533051490784,
          -0.790623128414154
        ],
        [
          0.7766667008399963,
          0.6299118399620056,
          -2.7534321489497415e-08
        ]
      ],
      "width": 0.07243048399686813,
      "height": 0.019999999552965164,
      "depth": 0.029999999329447746,
      "object_id": -1,
      "frame": "RealSense D455 aligned color camera frame",
      "rank": 15,
      "distance_to_object_center": 0.051071274131850294
    },
    {
      "score": 0.34016257524490356,
      "translation_camera": [
        0.024230172857642174,
        -0.10186751186847687,
        0.6050000190734863
      ],
      "rotation_matrix_camera": [
        [
          0.4980229139328003,
          -0.6140506863594055,
          -0.6123030185699463
        ],
        [
          -0.3856969475746155,
          0.47555533051490784,
          -0.790623128414154
        ],
        [
          0.7766667008399963,
          0.6299118399620056,
          -2.7534321489497415e-08
        ]
      ],
      "width": 0.07242239266633987,
      "height": 0.019999999552965164,
      "depth": 0.029999999329447746,
      "object_id": -1,
      "frame": "RealSense D455 aligned color camera frame",
      "rank": 16,
      "distance_to_object_center": 0.050229631871795286
    },
    {
      "score": 0.3347105085849762,
      "translation_camera": [
        -0.027575092390179634,
        -0.13034774363040924,
        0.6060000658035278
      ],
      "rotation_matrix_camera": [
        [
          0.4980229139328003,
          0.22324463725090027,
          -0.8379349708557129
        ],
        [
          -0.3856969475746155,
          0.9224773645401001,
          0.016531437635421753
        ],
        [
          0.7766667008399963,
          0.3149559199810028,
          0.5455196499824524
        ]
      ],
      "width": 0.08327756077051163,
      "height": 0.019999999552965164,
      "depth": 0.029999999329447746,
      "object_id": -1,
      "frame": "RealSense D455 aligned color camera frame",
      "rank": 17,
      "distance_to_object_center": 0.07219680464746302
    },
    {
      "score": 0.3337511420249939,
      "translation_camera": [
        -0.02443295158445835,
        -0.12877486646175385,
        0.6060000658035278
      ],
      "rotation_matrix_camera": [
        [
          0.4980229139328003,
          0.22324463725090027,
          -0.8379349708557129
        ],
        [
          -0.3856969475746155,
          0.9224773645401001,
          0.016531437635421753
        ],
        [
          0.7766667008399963,
          0.3149559199810028,
          0.5455196499824524
        ]
      ],
      "width": 0.08127186447381973,
      "height": 0.019999999552965164,
      "depth": 0.029999999329447746,
      "object_id": -1,
      "frame": "RealSense D455 aligned color camera frame",
      "rank": 18,
      "distance_to_object_center": 0.06978853963573035
    },
    {
      "score": 0.3224928379058838,
      "translation_camera": [
        0.008545397780835629,
        -0.11128921806812286,
        0.6050000190734863
      ],
      "rotation_matrix_camera": [
        [
          0.4980229139328003,
          -0.6140506863594055,
          -0.6123030185699463
        ],
        [
          -0.3856969475746155,
          0.47555533051490784,
          -0.790623128414154
        ],
        [
          0.7766667008399963,
          0.6299118399620056,
          -2.7534321489497415e-08
        ]
      ],
      "width": 0.07413008064031601,
      "height": 0.019999999552965164,
      "depth": 0.029999999329447746,
      "object_id": -1,
      "frame": "RealSense D455 aligned color camera frame",
      "rank": 19,
      "distance_to_object_center": 0.051771550753502475
    },
    {
      "score": 0.32217684388160706,
      "translation_camera": [
        0.007011516951024532,
        -0.09763842821121216,
        0.6080000400543213
      ],
      "rotation_matrix_camera": [
        [
          0.4980229139328003,
          -0.6140506863594055,
          -0.6123030185699463
        ],
        [
          -0.3856969475746155,
          0.47555533051490784,
          -0.790623128414154
        ],
        [
          0.7766667008399963,
          0.6299118399620056,
          -2.7534321489497415e-08
        ]
      ],
      "width": 0.0719994530081749,
      "height": 0.019999999552965164,
      "depth": 0.019999999552965164,
      "object_id": -1,
      "frame": "RealSense D455 aligned color camera frame",
      "rank": 20,
      "distance_to_object_center": 0.038148068517209074
    },
    {
      "score": 0.31626030802726746,
      "translation_camera": [
        0.03352982923388481,
        -0.11092133074998856,
        0.6030000448226929
      ],
      "rotation_matrix_camera": [
        [
          0.32332366704940796,
          -0.5531456470489502,
          -0.7677836418151855
        ],
        [
          -0.38744980096817017,
          0.6628532409667969,
          -0.6407091617584229
        ],
        [
          0.8633333444595337,
          0.5046340823173523,
          -2.2058255666479454e-08
        ]
      ],
      "width": 0.07187061011791229,
      "height": 0.019999999552965164,
      "depth": 0.019999999552965164,
      "object_id": -1,
      "frame": "RealSense D455 aligned color camera frame",
      "rank": 21,
      "distance_to_object_center": 0.06320141884444076
    },
    {
      "score": 0.31621092557907104,
      "translation_camera": [
        0.019524740055203438,
        -0.12071093171834946,
        0.6050000190734863
      ],
      "rotation_matrix_camera": [
        [
          0.4980229139328003,
          -0.6140506863594055,
          -0.6123030185699463
        ],
        [
          -0.3856969475746155,
          0.47555533051490784,
          -0.790623128414154
        ],
        [
          0.7766667008399963,
          0.6299118399620056,
          -2.7534321489497415e-08
        ]
      ],
      "width": 0.06828532367944717,
      "height": 0.019999999552965164,
      "depth": 0.019999999552965164,
      "object_id": -1,
      "frame": "RealSense D455 aligned color camera frame",
      "rank": 22,
      "distance_to_object_center": 0.06430743735472737
    },
    {
      "score": 0.31560468673706055,
      "translation_camera": [
        0.03201954811811447,
        -0.11580834537744522,
        0.6040000319480896
      ],
      "rotation_matrix_camera": [
        [
          0.32332366704940796,
          -0.5531456470489502,
          -0.7677836418151855
        ],
        [
          -0.38744980096817017,
          0.6628532409667969,
          -0.6407091617584229
        ],
        [
          0.8633333444595337,
          0.5046340823173523,
          -2.2058255666479454e-08
        ]
      ],
      "width": 0.0707058534026146,
      "height": 0.019999999552965164,
      "depth": 0.019999999552965164,
      "object_id": -1,
      "frame": "RealSense D455 aligned color camera frame",
      "rank": 23,
      "distance_to_object_center": 0.06612900579983894
    },
    {
      "score": 0.3149244785308838,
      "translation_camera": [
        -0.02286188118159771,
        -0.12562911212444305,
        0.6060000658035278
      ],
      "rotation_matrix_camera": [
        [
          0.4980229139328003,
          0.22324463725090027,
          -0.8379349708557129
        ],
        [
          -0.3856969475746155,
          0.9224773645401001,
          0.016531437635421753
        ],
        [
          0.7766667008399963,
          0.3149559199810028,
          0.5455196499824524
        ]
      ],
      "width": 0.07858918607234955,
      "height": 0.019999999552965164,
      "depth": 0.029999999329447746,
      "object_id": -1,
      "frame": "RealSense D455 aligned color camera frame",
      "rank": 24,
      "distance_to_object_center": 0.06634191485711648
    },
    {
      "score": 0.31329846382141113,
      "translation_camera": [
        0.014819308184087276,
        -0.12071093171834946,
        0.6050000190734863
      ],
      "rotation_matrix_camera": [
        [
          0.4980229139328003,
          -0.6140506863594055,
          -0.6123030185699463
        ],
        [
          -0.3856969475746155,
          0.47555533051490784,
          -0.790623128414154
        ],
        [
          0.7766667008399963,
          0.6299118399620056,
          -2.7534321489497415e-08
        ]
      ],
      "width": 0.07273750007152557,
      "height": 0.019999999552965164,
      "depth": 0.019999999552965164,
      "object_id": -1,
      "frame": "RealSense D455 aligned color camera frame",
      "rank": 25,
      "distance_to_object_center": 0.06261982609705423
    },
    {
      "score": 0.3101934790611267,
      "translation_camera": [
        0.03984897583723068,
        -0.11110527813434601,
        0.6040000319480896
      ],
      "rotation_matrix_camera": [
        [
          0.32332366704940796,
          -0.5531456470489502,
          -0.7677836418151855
        ],
        [
          -0.38744980096817017,
          0.6628532409667969,
          -0.6407091617584229
        ],
        [
          0.8633333444595337,
          0.5046340823173523,
          -2.2058255666479454e-08
        ]
      ],
      "width": 0.06964174658060074,
      "height": 0.019999999552965164,
      "depth": 0.019999999552965164,
      "object_id": -1,
      "frame": "RealSense D455 aligned color camera frame",
      "rank": 26,
      "distance_to_object_center": 0.06734918361784731
    },
    {
      "score": 0.3086019456386566,
      "translation_camera": [
        0.027321893721818924,
        -0.11737603694200516,
        0.6040000319480896
      ],
      "rotation_matrix_camera": [
        [
          0.4980229139328003,
          -0.6140506863594055,
          -0.6123030185699463
        ],
        [
          -0.3856969475746155,
          0.47555533051490784,
          -0.790623128414154
        ],
        [
          0.7766667008399963,
          0.6299118399620056,
          -2.7534321489497415e-08
        ]
      ],
      "width": 0.06581646203994751,
      "height": 0.019999999552965164,
      "depth": 0.019999999552965164,
      "object_id": -1,
      "frame": "RealSense D455 aligned color camera frame",
      "rank": 27,
      "distance_to_object_center": 0.06491568019762887
    },
    {
      "score": 0.3072393238544464,
      "translation_camera": [
        0.0007041720091365278,
        -0.12091046571731567,
        0.6060000658035278
      ],
      "rotation_matrix_camera": [
        [
          0.4980229139328003,
          -0.6140506863594055,
          -0.6123030185699463
        ],
        [
          -0.3856969475746155,
          0.47555533051490784,
          -0.790623128414154
        ],
        [
          0.7766667008399963,
          0.6299118399620056,
          -2.7534321489497415e-08
        ]
      ],
      "width": 0.07201933860778809,
      "height": 0.019999999552965164,
      "depth": 0.019999999552965164,
      "object_id": -1,
      "frame": "RealSense D455 aligned color camera frame",
      "rank": 28,
      "distance_to_object_center": 0.05967369022280737
    },
    {
      "score": 0.30703431367874146,
      "translation_camera": [
        0.01011387538164854,
        -0.11600007861852646,
        0.6050000190734863
      ],
      "rotation_matrix_camera": [
        [
          0.4980229139328003,
          -0.6140506863594055,
          -0.6123030185699463
        ],
        [
          -0.3856969475746155,
          0.47555533051490784,
          -0.790623128414154
        ],
        [
          0.7766667008399963,
          0.6299118399620056,
          -2.7534321489497415e-08
        ]
      ],
      "width": 0.07335342466831207,
      "height": 0.019999999552965164,
      "depth": 0.029999999329447746,
      "object_id": -1,
      "frame": "RealSense D455 aligned color camera frame",
      "rank": 29,
      "distance_to_object_center": 0.05671873990413162
    },
    {
      "score": 0.30663999915122986,
      "translation_camera": [
        0.035151321440935135,
        -0.11737603694200516,
        0.6040000319480896
      ],
      "rotation_matrix_camera": [
        [
          0.32332366704940796,
          -0.5531456470489502,
          -0.7677836418151855
        ],
        [
          -0.38744980096817017,
          0.6628532409667969,
          -0.6407091617584229
        ],
        [
          0.8633333444595337,
          0.5046340823173523,
          -2.2058255666479454e-08
        ]
      ],
      "width": 0.06725498288869858,
      "height": 0.019999999552965164,
      "depth": 0.019999999552965164,
      "object_id": -1,
      "frame": "RealSense D455 aligned color camera frame",
      "rank": 30,
      "distance_to_object_center": 0.06921486374319284
    },
    {
      "score": 0.3065394461154938,
      "translation_camera": [
        0.03671720623970032,
        -0.11424065381288528,
        0.6040000319480896
      ],
      "rotation_matrix_camera": [
        [
          0.32332366704940796,
          -0.5531456470489502,
          -0.7677836418151855
        ],
        [
          -0.38744980096817017,
          0.6628532409667969,
          -0.6407091617584229
        ],
        [
          0.8633333444595337,
          0.5046340823173523,
          -2.2058255666479454e-08
        ]
      ],
      "width": 0.06928226351737976,
      "height": 0.019999999552965164,
      "depth": 0.019999999552965164,
      "object_id": -1,
      "frame": "RealSense D455 aligned color camera frame",
      "rank": 31,
      "distance_to_object_center": 0.06768380030092014
    },
    {
      "score": 0.3060187101364136,
      "translation_camera": [
        -0.030717233195900917,
        -0.12877486646175385,
        0.6060000658035278
      ],
      "rotation_matrix_camera": [
        [
          0.4980229139328003,
          0.22324463725090027,
          -0.8379349708557129
        ],
        [
          -0.3856969475746155,
          0.9224773645401001,
          0.016531437635421753
        ],
        [
          0.7766667008399963,
          0.3149559199810028,
          0.5455196499824524
        ]
      ],
      "width": 0.08351217955350876,
      "height": 0.019999999552965164,
      "depth": 0.029999999329447746,
      "object_id": -1,
      "frame": "RealSense D455 aligned color camera frame",
      "rank": 32,
      "distance_to_object_center": 0.0717409915880282
    },
    {
      "score": 0.3045588731765747,
      "translation_camera": [
        0.0038463124074041843,
        -0.1146189421415329,
        0.6060000658035278
      ],
      "rotation_matrix_camera": [
        [
          0.4980229139328003,
          -0.6140506863594055,
          -0.6123030185699463
        ],
        [
          -0.3856969475746155,
          0.47555533051490784,
          -0.790623128414154
        ],
        [
          0.7766667008399963,
          0.6299118399620056,
          -2.7534321489497415e-08
        ]
      ],
      "width": 0.0755728930234909,
      "height": 0.019999999552965164,
      "depth": 0.029999999329447746,
      "object_id": -1,
      "frame": "RealSense D455 aligned color camera frame",
      "rank": 33,
      "distance_to_object_center": 0.053890827075881616
    },
    {
      "score": 0.3040820062160492,
      "translation_camera": [
        0.03671720623970032,
        -0.10953758656978607,
        0.6040000319480896
      ],
      "rotation_matrix_camera": [
        [
          0.32332366704940796,
          -0.5531456470489502,
          -0.7677836418151855
        ],
        [
          -0.38744980096817017,
          0.6628532409667969,
          -0.6407091617584229
        ],
        [
          0.8633333444595337,
          0.5046340823173523,
          -2.2058255666479454e-08
        ]
      ],
      "width": 0.07272253185510635,
      "height": 0.019999999552965164,
      "depth": 0.019999999552965164,
      "object_id": -1,
      "frame": "RealSense D455 aligned color camera frame",
      "rank": 34,
      "distance_to_object_center": 0.06409756741266437
    },
    {
      "score": 0.30141037702560425,
      "translation_camera": [
        0.03991495072841644,
        -0.09872694313526154,
        0.6050000190734863
      ],
      "rotation_matrix_camera": [
        [
          0.32332366704940796,
          -0.5531456470489502,
          -0.7677836418151855
        ],
        [
          -0.38744980096817017,
          0.6628532409667969,
          -0.6407091617584229
        ],
        [
          0.8633333444595337,
          0.5046340823173523,
          -2.2058255666479454e-08
        ]
      ],
      "width": 0.07299342751502991,
      "height": 0.019999999552965164,
      "depth": 0.019999999552965164,
      "object_id": -1,
      "frame": "RealSense D455 aligned color camera frame",
      "rank": 35,
      "distance_to_object_center": 0.05883600276847182
    },
    {
      "score": 0.30113983154296875,
      "translation_camera": [
        0.03984897583723068,
        -0.10483451932668686,
        0.6040000319480896
      ],
      "rotation_matrix_camera": [
        [
          0.32332366704940796,
          -0.5531456470489502,
          -0.7677836418151855
        ],
        [
          -0.38744980096817017,
          0.6628532409667969,
          -0.6407091617584229
        ],
        [
          0.8633333444595337,
          0.5046340823173523,
          -2.2058255666479454e-08
        ]
      ],
      "width": 0.07175298035144806,
      "height": 0.019999999552965164,
      "depth": 0.019999999552965164,
      "object_id": -1,
      "frame": "RealSense D455 aligned color camera frame",
      "rank": 36,
      "distance_to_object_center": 0.06288826363330188
    },
    {
      "score": 0.30111873149871826,
      "translation_camera": [
        0.01011387538164854,
        -0.12071093171834946,
        0.6050000190734863
      ],
      "rotation_matrix_camera": [
        [
          0.4980229139328003,
          -0.6140506863594055,
          -0.6123030185699463
        ],
        [
          -0.3856969475746155,
          0.47555533051490784,
          -0.790623128414154
        ],
        [
          0.7766667008399963,
          0.6299118399620056,
          -2.7534321489497415e-08
        ]
      ],
      "width": 0.07244019955396652,
      "height": 0.019999999552965164,
      "depth": 0.019999999552965164,
      "object_id": -1,
      "frame": "RealSense D455 aligned color camera frame",
      "rank": 37,
      "distance_to_object_center": 0.06124802764707122
    },
    {
      "score": 0.2988637387752533,
      "translation_camera": [
        0.022699154913425446,
        -0.09731724858283997,
        0.6060000658035278
      ],
      "rotation_matrix_camera": [
        [
          0.4980229139328003,
          -0.6140506863594055,
          -0.6123030185699463
        ],
        [
          -0.3856969475746155,
          0.47555533051490784,
          -0.790623128414154
        ],
        [
          0.7766667008399963,
          0.6299118399620056,
          -2.7534321489497415e-08
        ]
      ],
      "width": 0.07341378927230835,
      "height": 0.019999999552965164,
      "depth": 0.029999999329447746,
      "object_id": -1,
      "frame": "RealSense D455 aligned color camera frame",
      "rank": 38,
      "distance_to_object_center": 0.04562580722891885
    },
    {
      "score": 0.29460495710372925,
      "translation_camera": [
        0.0399809293448925,
        -0.09259860962629318,
        0.6060000658035278
      ],
      "rotation_matrix_camera": [
        [
          0.32332366704940796,
          -0.5531456470489502,
          -0.7677836418151855
        ],
        [
          -0.38744980096817017,
          0.6628532409667969,
          -0.6407091617584229
        ],
        [
          0.8633333444595337,
          0.5046340823173523,
          -2.2058255666479454e-08
        ]
      ],
      "width": 0.07261607050895691,
      "height": 0.019999999552965164,
      "depth": 0.019999999552965164,
      "object_id": -1,
      "frame": "RealSense D455 aligned color camera frame",
      "rank": 39,
      "distance_to_object_center": 0.05517014510197697
    },
    {
      "score": 0.2934553027153015,
      "translation_camera": [
        0.03840985894203186,
        -0.09574437141418457,
        0.6060000658035278
      ],
      "rotation_matrix_camera": [
        [
          0.32332366704940796,
          -0.5531456470489502,
          -0.7677836418151855
        ],
        [
          -0.38744980096817017,
          0.6628532409667969,
          -0.6407091617584229
        ],
        [
          0.8633333444595337,
          0.5046340823173523,
          -2.2058255666479454e-08
        ]
      ],
      "width": 0.07381518930196762,
      "height": 0.019999999552965164,
      "depth": 0.019999999552965164,
      "object_id": -1,
      "frame": "RealSense D455 aligned color camera frame",
      "rank": 40,
      "distance_to_object_center": 0.05574642018972959
    },
    {
      "score": 0.29187941551208496,
      "translation_camera": [
        0.03847324103116989,
        -0.08960045874118805,
        0.6070000529289246
      ],
      "rotation_matrix_camera": [
        [
          0.32332366704940796,
          -0.5531456470489502,
          -0.7677836418151855
        ],
        [
          -0.38744980096817017,
          0.6628532409667969,
          -0.6407091617584229
        ],
        [
          0.8633333444595337,
          0.5046340823173523,
          -2.2058255666479454e-08
        ]
      ],
      "width": 0.07349179685115814,
      "height": 0.019999999552965164,
      "depth": 0.019999999552965164,
      "object_id": -1,
      "frame": "RealSense D455 aligned color camera frame",
      "rank": 41,
      "distance_to_object_center": 0.05222060090510781
    },
    {
      "score": 0.29160526394844055,
      "translation_camera": [
        0.017956262454390526,
        -0.10343779623508453,
        0.6050000190734863
      ],
      "rotation_matrix_camera": [
        [
          0.4980229139328003,
          -0.6140506863594055,
          -0.6123030185699463
        ],
        [
          -0.3856969475746155,
          0.47555533051490784,
          -0.790623128414154
        ],
        [
          0.7766667008399963,
          0.6299118399620056,
          -2.7534321489497415e-08
        ]
      ],
      "width": 0.07256153970956802,
      "height": 0.019999999552965164,
      "depth": 0.029999999329447746,
      "object_id": -1,
      "frame": "RealSense D455 aligned color camera frame",
      "rank": 42,
      "distance_to_object_center": 0.04813516577519138
    },
    {
      "score": 0.29070350527763367,
      "translation_camera": [
        0.030453665181994438,
        -0.1189437210559845,
        0.6040000319480896
      ],
      "rotation_matrix_camera": [
        [
          0.4980229139328003,
          -0.6140506863594055,
          -0.6123030185699463
        ],
        [
          -0.3856969475746155,
          0.47555533051490784,
          -0.790623128414154
        ],
        [
          0.7766667008399963,
          0.6299118399620056,
          -2.7534321489497415e-08
        ]
      ],
      "width": 0.06214231997728348,
      "height": 0.019999999552965164,
      "depth": 0.019999999552965164,
      "object_id": -1,
      "frame": "RealSense D455 aligned color camera frame",
      "rank": 43,
      "distance_to_object_center": 0.06787626859661627
    },
    {
      "score": 0.2904191315174103,
      "translation_camera": [
        0.02419012412428856,
        -0.12207910418510437,
        0.6040000319480896
      ],
      "rotation_matrix_camera": [
        [
          0.4980229139328003,
          -0.6140506863594055,
          -0.6123030185699463
        ],
        [
          -0.3856969475746155,
          0.47555533051490784,
          -0.790623128414154
        ],
        [
          0.7766667008399963,
          0.6299118399620056,
          -2.7534321489497415e-08
        ]
      ],
      "width": 0.0642232894897461,
      "height": 0.019999999552965164,
      "depth": 0.019999999552965164,
      "object_id": -1,
      "frame": "RealSense D455 aligned color camera frame",
      "rank": 44,
      "distance_to_object_center": 0.06755768684694982
    },
    {
      "score": 0.28626197576522827,
      "translation_camera": [
        -0.04665777459740639,
        -0.12941235303878784,
        0.609000027179718
      ],
      "rotation_matrix_camera": [
        [
          0.32332366704940796,
          0.7677836418151855,
          -0.5531455874443054
        ],
        [
          -0.38744980096817017,
          0.6407091617584229,
          0.6628532409667969
        ],
        [
          0.8633333444595337,
          0.0,
          0.5046340823173523
        ]
      ],
      "width": 0.07139581441879272,
      "height": 0.019999999552965164,
      "depth": 0.009999999776482582,
      "object_id": -1,
      "frame": "RealSense D455 aligned color camera frame",
      "rank": 45,
      "distance_to_object_center": 0.07923995667467557
    },
    {
      "score": 0.2848118543624878,
      "translation_camera": [
        -0.0024299221113324165,
        -0.15343289077281952,
        0.6040000319480896
      ],
      "rotation_matrix_camera": [
        [
          0.5313771963119507,
          0.08892138302326202,
          -0.8424555659294128
        ],
        [
          -0.16952382028102875,
          0.9855217933654785,
          -0.002904742956161499
        ],
        [
          0.8300000429153442,
          0.1443597823381424,
          0.5387580394744873
        ]
      ],
      "width": 0.06503996253013611,
      "height": 0.019999999552965164,
      "depth": 0.019999999552965164,
      "object_id": -1,
      "frame": "RealSense D455 aligned color camera frame",
      "rank": 46,
      "distance_to_object_center": 0.09197779706836194
    },
    {
      "score": 0.2835503816604614,
      "translation_camera": [
        0.040112875401973724,
        -0.08501385152339935,
        0.6080000400543213
      ],
      "rotation_matrix_camera": [
        [
          0.32332366704940796,
          -0.5531456470489502,
          -0.7677836418151855
        ],
        [
          -0.38744980096817017,
          0.6628532409667969,
          -0.6407091617584229
        ],
        [
          0.8633333444595337,
          0.5046340823173523,
          -2.2058255666479454e-08
        ]
      ],
      "width": 0.07140421122312546,
      "height": 0.019999999552965164,
      "depth": 0.019999999552965164,
      "object_id": -1,
      "frame": "RealSense D455 aligned color camera frame",
      "rank": 47,
      "distance_to_object_center": 0.05133977332173254
    },
    {
      "score": 0.281665176153183,
      "translation_camera": [
        -0.04500490427017212,
        -0.13393408060073853,
        0.6080000400543213
      ],
      "rotation_matrix_camera": [
        [
          0.32332366704940796,
          0.7677836418151855,
          -0.5531455874443054
        ],
        [
