{
  "success": true,
  "method": "graspnet_baseline_d455",
  "num_candidates": 270,
  "object_center_camera": [
    0.0004947423708697888,
    -0.036420131659707644,
    0.43400001525878906
  ],
  "candidates": [
    {
      "score": 0.5205157995223999,
      "translation_camera": [
        0.0037972498685121536,
        -0.09798065572977066,
        0.42500001192092896
      ],
      "rotation_matrix_camera": [
        [
          -0.10528454929590225,
          -0.9855514764785767,
          0.13267801702022552
        ],
        [
          0.6126206517219543,
          -0.1693761795759201,
          -0.7720153331756592
        ],
        [
          0.7833333611488342,
          0.0,
          0.6216018795967102
        ]
      ],
      "width": 0.08276981115341187,
      "height": 0.019999999552965164,
      "depth": 0.029999999329447746,
      "object_id": -1,
      "frame": "RealSense D455 aligned color camera frame",
      "rank": 0,
      "distance_to_object_center": 0.06230252594906795
    },
    {
      "score": 0.4638616740703583,
      "translation_camera": [
        0.0027404322754591703,
        -0.11080097407102585,
        0.4320000410079956
      ],
      "rotation_matrix_camera": [
        [
          0.022774772718548775,
          -0.9989326000213623,
          -0.0401865616440773
        ],
        [
          0.4925254285335541,
          0.04619145020842552,
          -0.869071364402771
        ],
        [
          0.8700000047683716,
          0.0,
          0.4930517077445984
        ]
      ],
      "width": 0.07873059064149857,
      "height": 0.019999999552965164,
      "depth": 0.029999999329447746,
      "object_id": -1,
      "frame": "RealSense D455 aligned color camera frame",
      "rank": 1,
      "distance_to_object_center": 0.07444160622910258
    },
    {
      "score": 0.4532988667488098,
      "translation_camera": [
        -0.0006090717506594956,
        -0.08273999392986298,
        0.42600002884864807
      ],
      "rotation_matrix_camera": [
        [
          0.6660667061805725,
          -0.7401613593101501,
          -0.09228425472974777
        ],
        [
          -0.06173091381788254,
          0.0685979425907135,
          -0.9957327246665955
        ],
        [
          0.7433333396911621,
          0.6689212322235107,
          -2.9239474841347146e-08
        ]
      ],
      "width": 0.07383771985769272,
      "height": 0.019999999552965164,
      "depth": 0.019999999552965164,
      "object_id": -1,
      "frame": "RealSense D455 aligned color camera frame",
      "rank": 2,
      "distance_to_object_center": 0.04701859024793797
    },
    {
      "score": 0.4366237223148346,
      "translation_camera": [
        -0.006171298213303089,
        -0.07775832712650299,
        0.42900002002716064
      ],
      "rotation_matrix_camera": [
        [
          0.6660667061805725,
          -0.7401613593101501,
          -0.09228425472974777
        ],
        [
          -0.06173091381788254,
          0.0685979425907135,
          -0.9957327246665955
        ],
        [
          0.7433333396911621,
          0.6689212322235107,
          -2.9239474841347146e-08
        ]
      ],
      "width": 0.06736519187688828,
      "height": 0.019999999552965164,
      "depth": 0.019999999552965164,
      "object_id": -1,
      "frame": "RealSense D455 aligned color camera frame",
      "rank": 3,
      "distance_to_object_center": 0.042169686432757904
    },
    {
      "score": 0.4279598593711853,
      "translation_camera": [
        0.001598556526005268,
        -0.08495016396045685,
        0.42600002884864807
      ],
      "rotation_matrix_camera": [
        [
          0.6660667061805725,
          -0.7401613593101501,
          -0.09228425472974777
        ],
        [
          -0.06173091381788254,
          0.0685979425907135,
          -0.9957327246665955
        ],
        [
          0.7433333396911621,
          0.6689212322235107,
          -2.9239474841347146e-08
        ]
      ],
      "width": 0.07738702744245529,
      "height": 0.019999999552965164,
      "depth": 0.019999999552965164,
      "object_id": -1,
      "frame": "RealSense D455 aligned color camera frame",
      "rank": 4,
      "distance_to_object_center": 0.0491973802489856
    },
    {
      "score": 0.422961562871933,
      "translation_camera": [
        -0.0028166999109089375,
        -0.08163490891456604,
        0.42600002884864807
      ],
      "rotation_matrix_camera": [
        [
          0.6660667061805725,
          -0.7401613593101501,
          -0.09228425472974777
        ],
        [
          -0.06173091381788254,
          0.0685979425907135,
          -0.9957327246665955
        ],
        [
          0.7433333396911621,
          0.6689212322235107,
          -2.9239474841347146e-08
        ]
      ],
      "width": 0.07123129814863205,
      "height": 0.019999999552965164,
      "depth": 0.019999999552965164,
      "object_id": -1,
      "frame": "RealSense D455 aligned color camera frame",
      "rank": 5,
      "distance_to_object_center": 0.04603630648471326
    },
    {
      "score": 0.40907353162765503,
      "translation_camera": [
        -0.0017410318832844496,
        -0.11105745285749435,
        0.43300002813339233
      ],
      "rotation_matrix_camera": [
        [
          0.022774772718548775,
          -0.9989326000213623,
          -0.0401865616440773
        ],
        [
          0.4925254285335541,
          0.04619145020842552,
          -0.869071364402771
        ],
        [
          0.8700000047683716,
          0.0,
          0.4930517077445984
        ]
      ],
      "width": 0.07649032771587372,
      "height": 0.019999999552965164,
      "depth": 0.029999999329447746,
      "object_id": -1,
      "frame": "RealSense D455 aligned color camera frame",
      "rank": 6,
      "distance_to_object_center": 0.07467749578251857
    },
    {
      "score": 0.40398287773132324,
      "translation_camera": [
        -0.0039297170005738735,
        -0.07961117476224899,
        0.4270000159740448
      ],
      "rotation_matrix_camera": [
        [
          0.6660667061805725,
          -0.7401613593101501,
          -0.09228425472974777
        ],
        [
          -0.06173091381788254,
          0.0685979425907135,
          -0.9957327246665955
        ],
        [
          0.7433333396911621,
          0.6689212322235107,
          -2.9239474841347146e-08
        ]
      ],
      "width": 0.06904585659503937,
      "height": 0.019999999552965164,
      "depth": 0.019999999552965164,
      "object_id": -1,
      "frame": "RealSense D455 aligned color camera frame",
      "rank": 7,
      "distance_to_object_center": 0.04397774476938944
    },
    {
      "score": 0.3922300934791565,
      "translation_camera": [
        -0.0028166999109089375,
        -0.08495016396045685,
        0.42600002884864807
      ],
      "rotation_matrix_camera": [
        [
          0.6660667061805725,
          -0.7401613593101501,
          -0.09228425472974777
        ],
        [
          -0.06173091381788254,
          0.0685979425907135,
          -0.9957327246665955
        ],
        [
          0.7433333396911621,
          0.6689212322235107,
          -2.9239474841347146e-08
        ]
      ],
      "width": 0.07158639281988144,
      "height": 0.019999999552965164,
      "depth": 0.019999999552965164,
      "object_id": -1,
      "frame": "RealSense D455 aligned color camera frame",
      "rank": 8,
      "distance_to_object_center": 0.0492963433497836
    },
    {
      "score": 0.38918986916542053,
      "translation_camera": [
        -0.005059710703790188,
        -0.0733068510890007,
        0.42900002002716064
      ],
      "rotation_matrix_camera": [
        [
          0.6660667061805725,
          -0.7401613593101501,
          -0.09228425472974777
        ],
        [
          -0.06173091381788254,
          0.0685979425907135,
          -0.9957327246665955
        ],
        [
          0.7433333396911621,
          0.6689212322235107,
          -2.9239474841347146e-08
        ]
      ],
      "width": 0.0665125846862793,
      "height": 0.019999999552965164,
      "depth": 0.019999999552965164,
      "object_id": -1,
      "frame": "RealSense D455 aligned color camera frame",
      "rank": 9,
      "distance_to_object_center": 0.03763617902404936
    },
    {
      "score": 0.3866833746433258,
      "translation_camera": [
        -0.0028299239929765463,
        -0.07646679878234863,
        0.4280000329017639
      ],
      "rotation_matrix_camera": [
        [
          0.6660667061805725,
          -0.7401613593101501,
          -0.09228425472974777
        ],
        [
          -0.06173091381788254,
          0.0685979425907135,
          -0.9957327246665955
        ],
        [
          0.7433333396911621,
          0.6689212322235107,
          -2.9239474841347146e-08
        ]
      ],
      "width": 0.06693831831216812,
      "height": 0.019999999552965164,
      "depth": 0.019999999552965164,
      "object_id": -1,
      "frame": "RealSense D455 aligned color camera frame",
      "rank": 10,
      "distance_to_object_center": 0.04062989961035
    },
    {
      "score": 0.38104915618896484,
      "translation_camera": [
        -0.0006090717506594956,
        -0.07942473888397217,
        0.42600002884864807
      ],
      "rotation_matrix_camera": [
        [
          0.6660667061805725,
          -0.7401613593101501,
          -0.09228425472974777
        ],
        [
          -0.06173091381788254,
          0.0685979425907135,
          -0.9957327246665955
        ],
        [
          0.7433333396911621,
          0.6689212322235107,
          -2.9239474841347146e-08
        ]
      ],
      "width": 0.07017020881175995,
      "height": 0.019999999552965164,
      "depth": 0.019999999552965164,
      "object_id": -1,
      "frame": "RealSense D455 aligned color camera frame",
      "rank": 11,
      "distance_to_object_center": 0.04375630732466569
    },
    {
      "score": 0.3791317045688629,
      "translation_camera": [
        0.0004947423585690558,
        -0.08716034144163132,
        0.42600002884864807
      ],
      "rotation_matrix_camera": [
        [
          0.6660667061805725,
          -0.7401613593101501,
          -0.09228425472974777
        ],
        [
          -0.06173091381788254,
          0.0685979425907135,
          -0.9957327246665955
        ],
        [
          0.7433333396911621,
          0.6689212322235107,
          -2.9239474841347146e-08
        ]
      ],
      "width": 0.0748654305934906,
      "height": 0.019999999552965164,
      "depth": 0.019999999552965164,
      "object_id": -1,
      "frame": "RealSense D455 aligned color camera frame",
      "rank": 12,
      "distance_to_object_center": 0.0513669998274774
    },
    {
      "score": 0.3773576319217682,
      "translation_camera": [
        0.0027023705188184977,
        -0.08273999392986298,
        0.42600002884864807
      ],
      "rotation_matrix_camera": [
        [
          0.6660667061805725,
          -0.7401613593101501,
          -0.09228425472974777
        ],
        [
          -0.06173091381788254,
          0.0685979425907135,
          -0.9957327246665955
        ],
        [
          0.7433333396911621,
          0.6689212322235107,
          -2.9239474841347146e-08
        ]
      ],
      "width": 0.07641255110502243,
      "height": 0.019999999552965164,
      "depth": 0.019999999552965164,
      "object_id": -1,
      "frame": "RealSense D455 aligned color camera frame",
      "rank": 13,
      "distance_to_object_center": 0.04705744410110068
    },
    {
      "score": 0.34609007835388184,
      "translation_camera": [
        -0.001720927655696869,
        -0.07313597947359085,
        0.4280000329017639
      ],
      "rotation_matrix_camera": [
        [
          0.6660667061805725,
          -0.7401613593101501,
          -0.09228425472974777
        ],
        [
          -0.06173091381788254,
          0.0685979425907135,
          -0.9957327246665955
        ],
        [
          0.7433333396911621,
          0.6689212322235107,
          -2.9239474841347146e-08
        ]
      ],
      "width": 0.06794344633817673,
      "height": 0.019999999552965164,
      "depth": 0.019999999552965164,
      "object_id": -1,
      "frame": "RealSense D455 aligned color camera frame",
      "rank": 14,
      "distance_to_object_center": 0.0372687867074241
    },
    {
      "score": 0.33392953872680664,
      "translation_camera": [
        -0.003938920330256224,
        -0.057592134922742844,
        0.4280000329017639
      ],
      "rotation_matrix_camera": [
        [
          0.6540746092796326,
          -0.6235225796699524,
          -0.42825937271118164
        ],
        [
          -0.309978187084198,
          0.2954989969730377,
          -0.9036558270454407
        ],
        [
          0.690000057220459,
          0.7238094210624695,
          -3.1638712982839934e-08
        ]
      ],
      "width": 0.0599401481449604,
      "height": 0.019999999552965164,
      "depth": 0.019999999552965164,
      "object_id": -1,
      "frame": "RealSense D455 aligned color camera frame",
      "rank": 15,
      "distance_to_object_center": 0.022447959270319923
    },
    {
      "score": 0.33245977759361267,
      "translation_camera": [
        -0.005059710703790188,
        -0.06996824592351913,
        0.42900002002716064
      ],
      "rotation_matrix_camera": [
        [
          0.6660667061805725,
          -0.7401613593101501,
          -0.09228425472974777
        ],
        [
          -0.06173091381788254,
          0.0685979425907135,
          -0.9957327246665955
        ],
        [
          0.7433333396911621,
          0.6689212322235107,
          -2.9239474841347146e-08
        ]
      ],
      "width": 0.06030264496803284,
      "height": 0.019999999552965164,
      "depth": 0.019999999552965164,
      "object_id": -1,
      "frame": "RealSense D455 aligned color camera frame",
      "rank": 16,
      "distance_to_object_center": 0.03437045056342233
    },
    {
      "score": 0.3313899636268616,
      "translation_camera": [
        -0.001720927655696869,
        -0.06980515271425247,
        0.4280000329017639
      ],
      "rotation_matrix_camera": [
        [
          0.6660667061805725,
          -0.7401613593101501,
          -0.09228425472974777
        ],
        [
          -0.06173091381788254,
          0.0685979425907135,
          -0.9957327246665955
        ],
        [
          0.7433333396911621,
          0.6689212322235107,
          -2.9239474841347146e-08
        ]
      ],
      "width": 0.0630703940987587,
      "height": 0.019999999552965164,
      "depth": 0.019999999552965164,
      "object_id": -1,
      "frame": "RealSense D455 aligned color camera frame",
      "rank": 17,
      "distance_to_object_center": 0.03399218458357215
    },
    {
      "score": 0.3293340802192688,
      "translation_camera": [
        -0.0017169066704809666,
        -0.05634988844394684,
        0.4270000159740448
      ],
      "rotation_matrix_camera": [
        [
          0.6540746092796326,
          -0.6235225796699524,
          -0.42825937271118164
        ],
        [
          -0.309978187084198,
          0.2954989969730377,
          -0.9036558270454407
        ],
        [
          0.690000057220459,
          0.7238094210624695,
          -3.1638712982839934e-08
        ]
      ],
      "width": 0.06074495613574982,
      "height": 0.019999999552965164,
      "depth": 0.019999999552965164,
      "object_id": -1,
      "frame": "RealSense D455 aligned color camera frame",
      "rank": 18,
      "distance_to_object_center": 0.02123879909381545
    },
    {
      "score": 0.32653987407684326,
      "translation_camera": [
        -0.00952821969985962,
        -0.05897671729326248,
        0.43000003695487976
      ],
      "rotation_matrix_camera": [
        [
          0.6540746092796326,
          -0.6235225796699524,
          -0.42825937271118164
        ],
        [
          -0.309978187084198,
          0.2954989969730377,
          -0.9036558270454407
        ],
        [
          0.690000057220459,
          0.7238094210624695,
          -3.1638712982839934e-08
        ]
      ],
      "width": 0.0550503209233284,
      "height": 0.019999999552965164,
      "depth": 0.019999999552965164,
      "object_id": -1,
      "frame": "RealSense D455 aligned color camera frame",
      "rank": 19,
      "distance_to_object_center": 0.02500518247377767
    },
    {
      "score": 0.3199043869972229,
      "translation_camera": [
        0.0004959037178196013,
        -0.07074973732233047,
        0.4270000159740448
      ],
      "rotation_matrix_camera": [
        [
          0.6660667061805725,
          -0.7401613593101501,
          -0.09228425472974777
        ],
        [
          -0.06173091381788254,
          0.0685979425907135,
          -0.9957327246665955
        ],
        [
          0.7433333396911621,
          0.6689212322235107,
          -2.9239474841347146e-08
        ]
      ],
      "width": 0.06587740778923035,
      "height": 0.019999999552965164,
      "depth": 0.019999999552965164,
      "object_id": -1,
      "frame": "RealSense D455 aligned color camera frame",
      "rank": 20,
      "distance_to_object_center": 0.035036007425023934
    },
    {
      "score": 0.3141925036907196,
      "translation_camera": [
        0.007100918795913458,
        -0.09357068687677383,
        0.42500001192092896
      ],
      "rotation_matrix_camera": [
        [
          0.5313771963119507,
          -0.7907350063323975,
          -0.3039349615573883
        ],
        [
          -0.16952382028102875,
          0.2522660195827484,
          -0.9526927471160889
        ],
        [
          0.8300000429153442,
          0.557763397693634,
          -2.4380613083963e-08
        ]
      ],
      "width": 0.08218882232904434,
      "height": 0.019999999552965164,
      "depth": 0.029999999329447746,
      "object_id": -1,
      "frame": "RealSense D455 aligned color camera frame",
      "rank": 21,
      "distance_to_object_center": 0.05823081305167589
    },
    {
      "score": 0.3120657503604889,
      "translation_camera": [
        -0.020056091248989105,
        -0.08450937271118164,
        0.4410000145435333
      ],
      "rotation_matrix_camera": [
        [
          0.6540746092796326,
          -0.6235225796699524,
          -0.42825937271118164
        ],
        [
          -0.309978187084198,
          0.2954989969730377,
          -0.9036558270454407
        ],
        [
          0.690000057220459,
          0.7238094210624695,
          -3.1638712982839934e-08
        ]
      ],
      "width": 0.08484870940446854,
      "height": 0.019999999552965164,
      "depth": 0.029999999329447746,
      "object_id": -1,
      "frame": "RealSense D455 aligned color camera frame",
      "rank": 22,
      "distance_to_object_center": 0.05276278856698455
    },
    {
      "score": 0.3108787536621094,
      "translation_camera": [
        -0.017690137028694153,
        -0.0864037349820137,
        0.43900004029273987
      ],
      "rotation_matrix_camera": [
        [
          0.6540746092796326,
          -0.6235225796699524,
          -0.42825937271118164
        ],
        [
          -0.309978187084198,
          0.2954989969730377,
          -0.9036558270454407
        ],
        [
          0.690000057220459,
          0.7238094210624695,
          -3.1638712982839934e-08
        ]
      ],
      "width": 0.08247345685958862,
      "height": 0.019999999552965164,
      "depth": 0.029999999329447746,
      "object_id": -1,
      "frame": "RealSense D455 aligned color camera frame",
      "rank": 23,
      "distance_to_object_center": 0.05342331597905979
    },
    {
      "score": 0.31064319610595703,
      "translation_camera": [
        -0.017690137028694153,
        -0.09095897525548935,
        0.43900004029273987
      ],
      "rotation_matrix_camera": [
        [
          0.6540746092796326,
          -0.6235225796699524,
          -0.42825937271118164
        ],
        [
          -0.309978187084198,
          0.2954989969730377,
          -0.9036558270454407
        ],
        [
          0.690000057220459,
          0.7238094210624695,
          -3.1638712982839934e-08
        ]
      ],
      "width": 0.08315721154212952,
      "height": 0.019999999552965164,
      "depth": 0.029999999329447746,
      "object_id": -1,
      "frame": "RealSense D455 aligned color camera frame",
      "rank": 24,
      "distance_to_object_center": 0.05770767323226573
    },
    {
      "score": 0.3106232285499573,
      "translation_camera": [
        -0.01887052319943905,
        -0.08888336271047592,
        0.4400000274181366
      ],
      "rotation_matrix_camera": [
        [
          0.6540746092796326,
          -0.6235225796699524,
          -0.42825937271118164
        ],
        [
          -0.309978187084198,
          0.2954989969730377,
          -0.9036558270454407
        ],
        [
          0.690000057220459,
          0.7238094210624695,
          -3.1638712982839934e-08
        ]
      ],
      "width": 0.08445053547620773,
      "height": 0.019999999552965164,
      "depth": 0.029999999329447746,
      "object_id": -1,
      "frame": "RealSense D455 aligned color camera frame",
      "rank": 25,
      "distance_to_object_center": 0.0562441487517342
    },
    {
      "score": 0.30391278862953186,
      "translation_camera": [
        -0.016628049314022064,
        -0.10395733267068863,
        0.4410000145435333
      ],
      "rotation_matrix_camera": [
        [
          0.6540746092796326,
          -0.6235225796699524,
          -0.42825937271118164
        ],
        [
          -0.309978187084198,
          0.2954989969730377,
          -0.9036558270454407
        ],
        [
          0.690000057220459,
          0.7238094210624695,
          -3.1638712982839934e-08
        ]
      ],
      "width": 0.07996370643377304,
      "height": 0.019999999552965164,
      "depth": 0.029999999329447746,
      "object_id": -1,
      "frame": "RealSense D455 aligned color camera frame",
      "rank": 26,
      "distance_to_object_center": 0.07002473495464494
    },
    {
      "score": 0.30098435282707214,
      "translation_camera": [
        0.003806184744462371,
        -0.0805298238992691,
        0.42600002884864807
      ],
      "rotation_matrix_camera": [
        [
          0.6660667061805725,
          -0.7401613593101501,
          -0.09228425472974777
        ],
        [
          -0.06173091381788254,
          0.0685979425907135,
          -0.9957327246665955
        ],
        [
          0.7433333396911621,
          0.6689212322235107,
          -2.9239474841347146e-08
        ]
      ],
      "width": 0.07421819865703583,
      "height": 0.019999999552965164,
      "depth": 0.019999999552965164,
      "object_id": -1,
      "frame": "RealSense D455 aligned color camera frame",
      "rank": 27,
      "distance_to_object_center": 0.044951422476100726
    },
    {
      "score": 0.29754456877708435,
      "translation_camera": [
        0.003806184744462371,
        -0.08826542645692825,
        0.42600002884864807
      ],
      "rotation_matrix_camera": [
        [
          0.6660667061805725,
          -0.7401613593101501,
          -0.09228425472974777
        ],
        [
          -0.06173091381788254,
          0.0685979425907135,
          -0.9957327246665955
        ],
        [
          0.7433333396911621,
          0.6689212322235107,
          -2.9239474841347146e-08
        ]
      ],
      "width": 0.07917521893978119,
      "height": 0.019999999552965164,
      "depth": 0.019999999552965164,
      "object_id": -1,
      "frame": "RealSense D455 aligned color camera frame",
      "rank": 28,
      "distance_to_object_center": 0.052563295423391936
    },
    {
      "score": 0.29130589962005615,
      "translation_camera": [
        -0.017730433493852615,
        -0.10143879801034927,
        0.4400000274181366
      ],
      "rotation_matrix_camera": [
        [
          0.6540746092796326,
          -0.6235225796699524,
          -0.42825937271118164
        ],
        [
          -0.309978187084198,
          0.2954989969730377,
          -0.9036558270454407
        ],
        [
          0.690000057220459,
          0.7238094210624695,
          -3.1638712982839934e-08
        ]
      ],
      "width": 0.08124737441539764,
      "height": 0.019999999552965164,
      "depth": 0.029999999329447746,
      "object_id": -1,
      "frame": "RealSense D455 aligned color camera frame",
      "rank": 29,
      "distance_to_object_center": 0.06779073797524583
    },
    {
      "score": 0.28998714685440063,
      "translation_camera": [
        0.001598556526005268,
        -0.06726878881454468,
        0.42600002884864807
      ],
      "rotation_matrix_camera": [
        [
          0.6660667061805725,
          -0.7401613593101501,
          -0.09228425472974777
        ],
        [
          -0.06173091381788254,
          0.0685979425907135,
          -0.9957327246665955
        ],
        [
          0.7433333396911621,
          0.6689212322235107,
          -2.9239474841347146e-08
        ]
      ],
      "width": 0.06425836682319641,
      "height": 0.019999999552965164,
      "depth": 0.019999999552965164,
      "object_id": -1,
      "frame": "RealSense D455 aligned color camera frame",
      "rank": 30,
      "distance_to_object_center": 0.03188820842424667
    },
    {
      "score": 0.2894914746284485,
      "translation_camera": [
        0.0049099987372756,
        -0.08384507894515991,
        0.42600002884864807
      ],
      "rotation_matrix_camera": [
        [
          0.6660667061805725,
          -0.7401613593101501,
          -0.09228425472974777
        ],
        [
          -0.06173091381788254,
          0.0685979425907135,
          -0.9957327246665955
        ],
        [
          0.7433333396911621,
          0.6689212322235107,
          -2.9239474841347146e-08
        ]
      ],
      "width": 0.07775727659463882,
      "height": 0.019999999552965164,
      "depth": 0.019999999552965164,
      "object_id": -1,
      "frame": "RealSense D455 aligned color camera frame",
      "rank": 31,
      "distance_to_object_center": 0.04829720381524642
    },
    {
      "score": 0.2880541980266571,
      "translation_camera": [
        -0.0061569130048155785,
        -0.06314350664615631,
        0.4280000329017639
      ],
      "rotation_matrix_camera": [
        [
          0.6540746092796326,
          -0.6235225796699524,
          -0.42825937271118164
        ],
        [
          -0.309978187084198,
          0.2954989969730377,
          -0.9036558270454407
        ],
        [
          0.690000057220459,
          0.7238094210624695,
          -3.1638712982839934e-08
        ]
      ],
      "width": 0.05222587659955025,
      "height": 0.019999999552965164,
      "depth": 0.019999999552965164,
      "object_id": -1,
      "frame": "RealSense D455 aligned color camera frame",
      "rank": 32,
      "distance_to_object_center": 0.028184802255610156
    },
    {
      "score": 0.28389972448349,
      "translation_camera": [
        -0.0039297170005738735,
        -0.06299597024917603,
        0.4270000159740448
      ],
      "rotation_matrix_camera": [
        [
          0.6540746092796326,
          -0.6235225796699524,
          -0.42825937271118164
        ],
        [
          -0.309978187084198,
          0.2954989969730377,
          -0.9036558270454407
        ],
        [
          0.690000057220459,
          0.7238094210624695,
          -3.1638712982839934e-08
        ]
      ],
      "width": 0.05327632650732994,
      "height": 0.019999999552965164,
      "depth": 0.019999999552965164,
      "object_id": -1,
      "frame": "RealSense D455 aligned color camera frame",
      "rank": 33,
      "distance_to_object_center": 0.027836146059565296
    },
    {
      "score": 0.2831106185913086,
      "translation_camera": [
        0.005999695975333452,
        -0.09577567130327225,
        0.42500001192092896
      ],
      "rotation_matrix_camera": [
        [
          0.5313771963119507,
          -0.7907350063323975,
          -0.3039349615573883
        ],
        [
          -0.16952382028102875,
          0.2522660195827484,
          -0.9526927471160889
        ],
        [
          0.8300000429153442,
          0.557763397693634,
          -2.4380613083963e-08
        ]
      ],
      "width": 0.08109813928604126,
      "height": 0.019999999552965164,
      "depth": 0.029999999329447746,
      "object_id": -1,
      "frame": "RealSense D455 aligned color camera frame",
      "rank": 34,
      "distance_to_object_center": 0.06028585788265404
    },
    {
      "score": 0.2823216915130615,
      "translation_camera": [
        0.009303364902734756,
        -0.09577567130327225,
        0.42500001192092896
      ],
      "rotation_matrix_camera": [
        [
          0.5313771963119507,
          -0.7907350063323975,
          -0.3039349615573883
        ],
        [
          -0.16952382028102875,
          0.2522660195827484,
          -0.9526927471160889
        ],
        [
          0.8300000429153442,
          0.557763397693634,
          -2.4380613083963e-08
        ]
      ],
      "width": 0.08251580595970154,
      "height": 0.019999999552965164,
      "depth": 0.029999999329447746,
      "object_id": -1,
      "frame": "RealSense D455 aligned color camera frame",
      "rank": 35,
      "distance_to_object_center": 0.06067678285282717
    },
    {
      "score": 0.27092528343200684,
      "translation_camera": [
        -0.010667147114872932,
        -0.06694027036428452,
        0.4310000240802765
      ],
      "rotation_matrix_camera": [
        [
          0.6540746092796326,
          -0.6235225796699524,
          -0.42825937271118164
        ],
        [
          -0.309978187084198,
          0.2954989969730377,
          -0.9036558270454407
        ],
        [
          0.690000057220459,
          0.7238094210624695,
          -3.1638712982839934e-08
        ]
      ],
      "width": 0.05550185963511467,
      "height": 0.019999999552965164,
      "depth": 0.019999999552965164,
      "object_id": -1,
      "frame": "RealSense D455 aligned color camera frame",
      "rank": 36,
      "distance_to_object_center": 0.03263535798041287
    },
    {
      "score": 0.26821640133857727,
      "translation_camera": [
        -0.005047916900366545,
        -0.0653640553355217,
        0.4280000329017639
      ],
      "rotation_matrix_camera": [
        [
          0.6540746092796326,
          -0.6235225796699524,
          -0.42825937271118164
        ],
        [
          -0.309978187084198,
          0.2954989969730377,
          -0.9036558270454407
        ],
        [
          0.690000057220459,
          0.7238094210624695,
          -3.1638712982839934e-08
        ]
      ],
      "width": 0.051972031593322754,
      "height": 0.019999999552965164,
      "depth": 0.019999999552965164,
      "object_id": -1,
      "frame": "RealSense D455 aligned color camera frame",
      "rank": 37,
      "distance_to_object_center": 0.030074433956983868
    },
    {
      "score": 0.26311954855918884,
      "translation_camera": [
        0.01406305842101574,
        -0.05075142905116081,
        0.4360000193119049
      ],
      "rotation_matrix_camera": [
        [
          0.6540746092796326,
          -0.6235225796699524,
          -0.42825937271118164
        ],
        [
          -0.309978187084198,
          0.2954989969730377,
          -0.9036558270454407
        ],
        [
          0.690000057220459,
          0.7238094210624695,
          -3.1638712982839934e-08
        ]
      ],
      "width": 0.0711778774857521,
      "height": 0.019999999552965164,
      "depth": 0.019999999552965164,
      "object_id": -1,
      "frame": "RealSense D455 aligned color camera frame",
      "rank": 38,
      "distance_to_object_center": 0.01983646393819726
    },
    {
      "score": 0.26297396421432495,
      "translation_camera": [
        -0.008394473232328892,
        -0.06440390646457672,
        0.42900002002716064
      ],
      "rotation_matrix_camera": [
        [
          0.6540746092796326,
          -0.6235225796699524,
          -0.42825937271118164
        ],
        [
          -0.309978187084198,
          0.2954989969730377,
          -0.9036558270454407
        ],
        [
          0.690000057220459,
          0.7238094210624695,
          -3.1638712982839934e-08
        ]
      ],
      "width": 0.05375400185585022,
      "height": 0.019999999552965164,
      "depth": 0.019999999552965164,
      "object_id": -1,
      "frame": "RealSense D455 aligned color camera frame",
      "rank": 39,
      "distance_to_object_center": 0.029784387834670755
    },
    {
      "score": 0.26190176606178284,
      "translation_camera": [
        0.0026960268151015043,
        -0.0704183503985405,
        0.42500001192092896
      ],
      "rotation_matrix_camera": [
        [
          0.6660667061805725,
          -0.7401613593101501,
          -0.09228425472974777
        ],
        [
          -0.06173091381788254,
          0.0685979425907135,
          -0.9957327246665955
        ],
        [
          0.7433333396911621,
          0.6689212322235107,
          -2.9239474841347146e-08
        ]
      ],
      "width": 0.06764412671327591,
      "height": 0.019999999552965164,
      "depth": 0.019999999552965164,
      "object_id": -1,
      "frame": "RealSense D455 aligned color camera frame",
      "rank": 40,
      "distance_to_object_center": 0.035238112757346056
    },
    {
      "score": 0.2607273459434509,
      "translation_camera": [
        -0.001712885918095708,
        -0.06395352631807327,
        0.42600002884864807
      ],
      "rotation_matrix_camera": [
        [
          0.6540746092796326,
          -0.6235225796699524,
          -0.42825937271118164
        ],
        [
          -0.309978187084198,
          0.2954989969730377,
          -0.9036558270454407
        ],
        [
          0.690000057220459,
          0.7238094210624695,
          -3.1638712982839934e-08
        ]
      ],
      "width": 0.05383177474141121,
      "height": 0.019999999552965164,
      "depth": 0.019999999552965164,
      "object_id": -1,
      "frame": "RealSense D455 aligned color camera frame",
      "rank": 41,
      "distance_to_object_center": 0.02875693354024379
    },
    {
      "score": 0.25365281105041504,
      "translation_camera": [
        -0.014115025289356709,
        -0.08429379761219025,
        0.43400001525878906
      ],
      "rotation_matrix_camera": [
        [
          0.6540746092796326,
          -0.1380719542503357,
          -0.7437222003936768
        ],
        [
          -0.309978187084198,
          0.8479305505752563,
          -0.4300318658351898
        ],
        [
          0.690000057220459,
          0.5118106007575989,
          0.5118105411529541
        ]
      ],
      "width": 0.07923256605863571,
      "height": 0.019999999552965164,
      "depth": 0.029999999329447746,
      "object_id": -1,
      "frame": "RealSense D455 aligned color camera frame",
      "rank": 42,
      "distance_to_object_center": 0.05005330361540277
    },
    {
      "score": 0.252407968044281,
      "translation_camera": [
        -0.01538002584129572,
        -0.09984149783849716,
        0.43800002336502075
      ],
      "rotation_matrix_camera": [
        [
          0.6540746092796326,
          -0.6235225796699524,
          -0.42825937271118164
        ],
        [
          -0.309978187084198,
          0.2954989969730377,
          -0.9036558270454407
        ],
        [
          0.690000057220459,
          0.7238094210624695,
          -3.1638712982839934e-08
        ]
      ],
      "width": 0.08257347345352173,
      "height": 0.019999999552965164,
      "depth": 0.029999999329447746,
      "object_id": -1,
      "frame": "RealSense D455 aligned color camera frame",
      "rank": 43,
      "distance_to_object_center": 0.0655002138822768
    },
    {
      "score": 0.25194841623306274,
      "translation_camera": [
        -0.016477229073643684,
        -0.09054458141326904,
        0.437000036239624
      ],
      "rotation_matrix_camera": [
        [
          0.6540746092796326,
          -0.6235225796699524,
          -0.42825937271118164
        ],
        [
          -0.309978187084198,
          0.2954989969730377,
          -0.9036558270454407
        ],
        [
          0.690000057220459,
          0.7238094210624695,
          -3.1638712982839934e-08
        ]
      ],
      "width": 0.08106845617294312,
      "height": 0.019999999552965164,
      "depth": 0.029999999329447746,
      "object_id": -1,
      "frame": "RealSense D455 aligned color camera frame",
      "rank": 44,
      "distance_to_object_center": 0.05680232391130335
    },
    {
      "score": 0.25172823667526245,
      "translation_camera": [
        0.012814680114388466,
        -0.06485428661108017,
        0.4320000410079956
      ],
      "rotation_matrix_camera": [
        [
          0.6660667061805725,
          -0.7401613593101501,
          -0.09228425472974777
        ],
        [
          -0.06173091381788254,
          0.0685979425907135,
          -0.9957327246665955
        ],
        [
          0.7433333396911621,
          0.6689212322235107,
          -2.9239474841347146e-08
        ]
      ],
      "width": 0.07063909620046616,
      "height": 0.019999999552965164,
      "depth": 0.019999999552965164,
      "object_id": -1,
      "frame": "RealSense D455 aligned color camera frame",
      "rank": 45,
      "distance_to_object_center": 0.031052889250546004
    },
    {
      "score": 0.24878732860088348,
      "translation_camera": [
        0.011668246239423752,
        -0.06694027036428452,
        0.4310000240802765
      ],
      "rotation_matrix_camera": [
        [
          0.6660667061805725,
          -0.7401613593101501,
          -0.09228425472974777
        ],
        [
          -0.06173091381788254,
          0.0685979425907135,
          -0.9957327246665955
        ],
        [
          0.7433333396911621,
          0.6689212322235107,
          -2.9239474841347146e-08
        ]
      ],
      "width": 0.07198657840490341,
      "height": 0.019999999552965164,
      "depth": 0.029999999329447746,
      "object_id": -1,
      "frame": "RealSense D455 aligned color camera frame",
      "rank": 46,
      "distance_to_object_center": 0.0326393321365244
    },
    {
      "score": 0.2480565756559372,
      "translation_camera": [
        0.010551475919783115,
        -0.10607225447893143,
        0.4310000240802765
      ],
      "rotation_matrix_camera": [
        [
          0.5313771963119507,
          -0.7907350063323975,
          -0.3039349615573883
        ],
        [
          -0.16952382028102875,
          0.2522660195827484,
          -0.9526927471160889
        ],
        [
          0.8300000429153442,
          0.557763397693634,
          -2.4380613083963e-08
        ]
      ],
      "width": 0.08069214969873428,
      "height": 0.019999999552965164,
      "depth": 0.029999999329447746,
      "object_id": -1,
      "frame": "RealSense D455 aligned color camera frame",
      "rank": 47,
      "distance_to_object_center": 0.07043831379277352
    },
    {
      "score": 0.24751120805740356,
      "translation_camera": [
        0.013998549431562424,
        -0.06740620732307434,
        0.43400001525878906
      ],
      "rotation_matrix_camera": [
        [
          0.6660667061805725,
          -0.7401613593101501,
          -0.09228425472974777
